Prompt;Premises;No. of parameters;Parameters;Model;Model output;Syntax eval;Outlier;Outlier detection
"System Message:
        You are a logician with a background in mathematics that translates natural language
        reasoning text to Python3 code so that these natural language reasoning problems can be solved.
        During the translation, please pay close attention to defining variables and rules.
        Do not add any comments from you.
        Be guided by the following example:
        Example input text:
        Textual context: If the parameter A's value is at least 20, the lowest possible value of parameter B is 5.
If the parameter C's value is at least 20, the lowest possible value of parameter D is 40.

        Example Python3 code:
        # If the parameter A's value is at least 20, the lowest possible value of parameter B is 5.
def r1(a: float, b: float) -> bool:
    if b / a >= 0.25:
        return True
    else:
        return False

# If the parameter C's value is at least 20, the lowest possible value of parameter D is 40.
def r2(c: float, d: float) -> bool:
    if d / c >= 2:
        return True
    else:
        return False


        
Input text:
Textual context: The number of stops where PTO is engaged must not exceed the overall stop count.
The payload cannot exceed the capacity of axle 3.";"The number of stops where PTO is engaged must not exceed the overall stop count.
The payload cannot exceed the capacity of axle 3.";2;[['stops with PTO engaged', 'stops'], ['payload', 'axle 3 load']];Llama-8;"def r1(stops: int, pto: int) -> bool:
    if stops >= pto:
        return True
    else:
        return False

def r2(payload: int, axle3: int) -> bool:
    if payload <= axle3:
        return True
    else:
        return False

def r3(arg1: float, arg2: float, arg3: float, arg4: float):
    return not(r1(arg1, arg2) and r2(arg3, arg4)), r1(arg1, arg2), r2(arg3, arg4)";Correct syntax;['True, True, False', 'False, True, True', 'True, False, True'];['True, False, False', 'False, True, True', 'False, True, True']
"System Message:
        You are a logician with a background in mathematics that translates natural language
        reasoning text to Python3 code so that these natural language reasoning problems can be solved.
        During the translation, please pay close attention to defining variables and rules.
        Do not add any comments from you.
        Be guided by the following example:
        Example input text:
        Textual context: If the parameter A's value is at least 20, the lowest possible value of parameter B is 5.
If the parameter C's value is at least 20, the lowest possible value of parameter D is 40.

        Example Python3 code:
        # If the parameter A's value is at least 20, the lowest possible value of parameter B is 5.
def r1(a: float, b: float) -> bool:
    if b / a >= 0.25:
        return True
    else:
        return False

# If the parameter C's value is at least 20, the lowest possible value of parameter D is 40.
def r2(c: float, d: float) -> bool:
    if d / c >= 2:
        return True
    else:
        return False


        
Input text:
Textual context: Stops with PTO engaged cannot outnumber the total stops.";Stops with PTO engaged cannot outnumber the total stops.;1;[['stops with PTO engaged', 'stops']];Llama-8;"def r1(total_stops: int, pto_stops: int) -> bool:
    if pto_stops >= total_stops:
        return False
    else:
        return True

def r2(arg1: float, arg2: float):
    return not(r1(arg1, arg2)), r1(arg1, arg2)";Correct syntax;['False, True', 'False, True', 'True, False'];['True, False', 'True, False', 'False, True']
"System Message:
You are an agent which task is to correct Python3 code implementing logical rules, generated by another large language model,
so that they throw no runtime errors during program execution and correspond to the logical assumptions expressed in natural language.
To perform this task you will receive a Python3 code with valid syntax, which not correspond to the logical premises and throw runtime errors,
and these logical premises expressed in natural language, which should be translated into rules in Python3 code.
Your task is to return a valid Python3 rules for a given premises, having corrected the runtime errors.
Improvements made should mainly include defining the correct number of arguments for each function according to corresponding premise
and using inside functions the proper variables, previously defined in the function declaration.
Do not make any corrections to the last function.
Please output only a valid Python code only with comments started with #.
Do not add any additional texts, tags and comments.
Be guided by the following examples:

Example 1
# If the parameter C's value is at least 20, the lowest possible value of parameter D is 40.
def r1(c: float, d: float) -> bool:
    if c >= 20 and d / c >= 0.4:
        return True
    else:
        return False

# Parameter W value should be at least the sum of parameter X, parameter Y and parameter Z.
def r2(x: float, y: float, z: float) -> bool:
    if x + y + z >= 0:
        return True
    else:
        return False

# To identify the day as abnormal, it is enough that even one or more conditions are violated.
def r3(arg1: float, arg2: float, arg3: float, arg4: float, arg5: float, arg6: float):
    return not(r1(arg1, arg2) and r2(arg3, arg4, arg5, arg6)), r1(arg1, arg2), r2(arg3, arg4, arg5, arg6)

It is supposed to translate the following example text into rules:
If the parameter C's value is at least 20, the lowest possible value of parameter D is 40.
Parameter W value should be at least the sum of parameter X, parameter Y and parameter Z.

Code after execution returns the following error:
Traceback (most recent call last):
  File ""/home/obywatelfg/Doktorat/Badania/Logic-LLM/LLM-logic/New_val_Adapt_Task2_outputs_python_no_final_rule/Llama-8/2/python_code/2_output_python.py"", line 18, in <module>
    print(r3(2226.8, 2432.3, 0.3, 0.9, 2.7, 1.0))
  File ""/home/obywatelfg/Doktorat/Badania/Logic-LLM/LLM-logic/New_val_Adapt_Task2_outputs_python_no_final_rule/Llama-8/2/python_code/2_output_python.py"", line 16, in r3
    return not(r1(arg1, arg2) and r2(arg3, arg4, arg5, arg6)), r1(arg1, arg2), r2(arg3, arg4, arg5, arg6)
TypeError: r2() takes 3 positional arguments but 4 were given

Please correct the code.

The corrected code should be the following:
# If the parameter C's value is at least 20, the lowest possible value of parameter D is 40.
def r1(c: float, d: float) -> bool:
    if c >= 20 and d / c >= 0.4:
        return True
    else:
        return False

# This function lack of parameter W in a function definition and a body, where logical rule should check the proportion between param W and sum of params x, y, z.
# Parameter W value should be at least the sum of parameter X, parameter Y and parameter Z.
def r2(x: float, y: float, z: float, w: float) -> bool:
    if x + y + z <= w:
        return True
    else:
        return False

# To identify the day as abnormal, it is enough that even one or more conditions are violated.
def r3(arg1: float, arg2: float, arg3: float, arg4: float, arg5: float, arg6: float):
    return not(r1(arg1, arg2) and r2(arg3, arg4, arg5, arg6)), r1(arg1, arg2), r2(arg3, arg4, arg5, arg6)


Example 2
# If the parameter C's value is at least 20, the lowest possible value of parameter D is 40.
def r1(c: float) -> bool:
    if c >= 40 and c >= 0.4:
        return True
    else:
        return False

# Parameter T's value shouldn't be lower than parameter P's value.
def r2(t: float, p: float) -> bool:
    if t >= p:
        return True
    else:
        return False

# To identify the day as abnormal, it is enough that even one or more conditions are violated.
def r3(arg1: float, arg2: float, arg3: float, arg4: float):
    return not(r1(arg1, arg2) and r2(arg3, arg4)), r1(arg1, arg2), r2(arg3, arg4)

It is supposed to translate the following example text into rules:
If the parameter C's value is at least 20, the lowest possible value of parameter D is 40.
Parameter T's value shouldn't be lower than parameter P's value.

Code after execution returns the following error:
Traceback (most recent call last):
  File ""/home/obywatelfg/Doktorat/Badania/Logic-LLM/LLM-logic/New_val_Adapt_Task2_outputs_python_no_final_rule/Llama-8/4/python_code/121_output_python.py"", line 32, in <module>
    print(r5(227.70000000000002, 75.9, 9.5, 1.9, 7203.1, 6652.3, 10268.5, 8400.7))
  File ""/home/obywatelfg/Doktorat/Badania/Logic-LLM/LLM-logic/New_val_Adapt_Task2_outputs_python_no_final_rule/Llama-8/4/python_code/121_output_python.py"", line 30, in r5
    return not(r1(arg1, arg2) and r2(arg3, arg4) and r3(arg5, arg6) and r4(arg7, arg8)), r1(arg1, arg2), r2(arg3, arg4), r3(arg5, arg6), r4(arg7, arg8)
TypeError: r1() takes 1 positional argument but 2 were given

Please correct the code.

The corrected code should be the following:
# If the parameter C's value is at least 20, the lowest possible value of parameter D is 40.
def r1(c: float, d: float) -> bool:
    if d / c >= 2:
        return True
    else:
        return False

# Parameter T's value shouldn't be lower than parameter P's value.
def r2(t: float, p: float) -> bool:
    if t >= p:
        return True
    else:
        return False

# To identify the day as abnormal, it is enough that even one or more conditions are violated.
def r3(arg1: float, arg2: float, arg3: float, arg4: float):
    return not(r1(arg1, arg2) and r2(arg3, arg4)), r1(arg1, arg2), r2(arg3, arg4)


The input for your task:
This is the Python3 code which not correspond to the given logical premises:
def r1(a1: float, a3: float) -> bool:
    if a1 <= a3:
        return True
    else:
        return False

def r2(pto: float, idle: float, driving: float) -> bool:
    if pto + idle + driving >= 0:
        return True
    else:
        return False

def r3(arg1: float, arg2: float, arg3: float, arg4: float, arg5: float, arg6: float):
    return not(r1(arg1, arg2) and r2(arg3, arg4, arg5, arg6)), r1(arg1, arg2), r2(arg3, arg4, arg5, arg6)

It is supposed to translate the following text into rules:
The load carried by axle 1 must be smaller than or equal to the load on axle 3.
Total operation time should be at least the sum of PTO, idle, and driving times.

Code after execution returns the following error:
Traceback (most recent call last):
  File ""/home/frank/Doktorat/ExKLoP/saved_outputs/Task2_syntax_outputs/Llama-8/2/python_code/2_output_python.py"", line 16, in <module>
    print(r3(4270.1, 2362.5, 2.1, 0.3, 1.0, 0.7))
  File ""/home/frank/Doktorat/ExKLoP/saved_outputs/Task2_syntax_outputs/Llama-8/2/python_code/2_output_python.py"", line 14, in r3
    return not(r1(arg1, arg2) and r2(arg3, arg4, arg5, arg6)), r1(arg1, arg2), r2(arg3, arg4, arg5, arg6)
TypeError: r2() takes 3 positional arguments but 4 were given


Please correct the code.   ";"The load carried by axle 1 must be smaller than or equal to the load on axle 3.
Total operation time should be at least the sum of PTO, idle, and driving times.";2;[['axle 1 load', 'axle 3 load'], ['total operation time', 'PTO operation time', 'idle time', 'driving time']];Llama-8;"def r1(a1: float, a3: float) -> bool:
    if a1 <= a3:
        return True
    else:
        return False

def r2(pto: float, idle: float, driving: float) -> bool:
    if pto + idle + driving >= 0:
        return True
    else:
        return False

def r3(arg1: float, arg2: float, arg3: float, arg4: float, arg5: float, arg6: float):
    return not(r1(arg1, arg2) and r2(arg3, arg4, arg5, arg6)), r1(arg1, arg2), r2(arg3, arg4, arg5, arg6)";Correct syntax;Error;"Traceback (most recent call last):
  File ""/home/frank/Doktorat/ExKLoP/saved_outputs/Task2_runtime_outputs/Llama-8/2/python_code/2_output_python.py"", line 16, in <module>
    print(r3(4270.1, 2362.5, 2.1, 0.3, 1.0, 0.7))
  File ""/home/frank/Doktorat/ExKLoP/saved_outputs/Task2_runtime_outputs/Llama-8/2/python_code/2_output_python.py"", line 14, in r3
    return not(r1(arg1, arg2) and r2(arg3, arg4, arg5, arg6)), r1(arg1, arg2), r2(arg3, arg4, arg5, arg6)
TypeError: r2() takes 3 positional arguments but 4 were given
"
"System Message:
        You are a logician with a background in mathematics that translates natural language
        reasoning text to Python3 code so that these natural language reasoning problems can be solved.
        During the translation, please pay close attention to defining variables and rules.
        Do not add any comments from you.
        Be guided by the following example:
        Example input text:
        Textual context: If the parameter A's value is at least 20, the lowest possible value of parameter B is 5.
If the parameter C's value is at least 20, the lowest possible value of parameter D is 40.

        Example Python3 code:
        # If the parameter A's value is at least 20, the lowest possible value of parameter B is 5.
def r1(a: float, b: float) -> bool:
    if b / a >= 0.25:
        return True
    else:
        return False

# If the parameter C's value is at least 20, the lowest possible value of parameter D is 40.
def r2(c: float, d: float) -> bool:
    if d / c >= 2:
        return True
    else:
        return False


        
Input text:
Textual context: PTO operation time must be less than or equal to the total operation time.
Axle 1's load cannot exceed Axle 3's load.";"PTO operation time must be less than or equal to the total operation time.
Axle 1's load cannot exceed Axle 3's load.";2;[['PTO operation time', 'total operation time'], ['axle 1 load', 'axle 3 load']];Llama-8;"def r1(pto: float, total: float) -> bool:
    if pto <= total:
        return True
    else:
        return False

def r2(axle1: float, axle3: float) -> bool:
    if axle1 <= axle3:
        return True
    else:
        return False

def r3(arg1: float, arg2: float, arg3: float, arg4: float):
    return not(r1(arg1, arg2) and r2(arg3, arg4)), r1(arg1, arg2), r2(arg3, arg4)";Correct syntax;['True, True, False', 'False, True, True', 'True, False, True'];['True, True, False', 'False, True, True', 'True, False, True']
"System Message:
        You are a logician with a background in mathematics that translates natural language
        reasoning text to Python3 code so that these natural language reasoning problems can be solved.
        During the translation, please pay close attention to defining variables and rules.
        Do not add any comments from you.
        Be guided by the following example:
        Example input text:
        Textual context: If the parameter A's value is at least 20, the lowest possible value of parameter B is 5.
If the parameter C's value is at least 20, the lowest possible value of parameter D is 40.

        Example Python3 code:
        # If the parameter A's value is at least 20, the lowest possible value of parameter B is 5.
def r1(a: float, b: float) -> bool:
    if b / a >= 0.25:
        return True
    else:
        return False

# If the parameter C's value is at least 20, the lowest possible value of parameter D is 40.
def r2(c: float, d: float) -> bool:
    if d / c >= 2:
        return True
    else:
        return False


        
Input text:
Textual context: The payload cannot exceed the capacity of axle 3.";The payload cannot exceed the capacity of axle 3.;1;[['payload', 'axle 3 load']];Llama-8;"def r1(payload: float, capacity: float) -> bool:
    return payload <= capacity

def r2(arg1: float, arg2: float):
    return not(r1(arg1, arg2)), r1(arg1, arg2)";Correct syntax;['True, False', 'False, True', 'False, True'];['True, False', 'False, True', 'False, True']
"System Message:
        You are a logician with a background in mathematics that translates natural language
        reasoning text to Python3 code so that these natural language reasoning problems can be solved.
        During the translation, please pay close attention to defining variables and rules.
        Do not add any comments from you.
        Be guided by the following example:
        Example input text:
        Textual context: If the parameter A's value is at least 20, the lowest possible value of parameter B is 5.
If the parameter C's value is at least 20, the lowest possible value of parameter D is 40.

        Example Python3 code:
        # If the parameter A's value is at least 20, the lowest possible value of parameter B is 5.
def r1(a: float, b: float) -> bool:
    if b / a >= 0.25:
        return True
    else:
        return False

# If the parameter C's value is at least 20, the lowest possible value of parameter D is 40.
def r2(c: float, d: float) -> bool:
    if d / c >= 2:
        return True
    else:
        return False


        
Input text:
Textual context: Driving time should be less than or equal to the total operation time.";Driving time should be less than or equal to the total operation time.;1;[['driving time', 'total operation time']];Llama-8;"def r1(driving_time: float, operation_time: float) -> bool:
    if driving_time <= operation_time:
        return True
    else:
        return False

def r2(arg1: float, arg2: float):
    return not(r1(arg1, arg2)), r1(arg1, arg2)";Correct syntax;['False, True', 'False, True', 'True, False'];['False, True', 'False, True', 'True, False']
"System Message:
        You are a logician with a background in mathematics that translates natural language
        reasoning text to Python3 code so that these natural language reasoning problems can be solved.
        During the translation, please pay close attention to defining variables and rules.
        Do not add any comments from you.
        Be guided by the following example:
        Example input text:
        Textual context: If the parameter A's value is at least 20, the lowest possible value of parameter B is 5.
If the parameter C's value is at least 20, the lowest possible value of parameter D is 40.

        Example Python3 code:
        # If the parameter A's value is at least 20, the lowest possible value of parameter B is 5.
def r1(a: float, b: float) -> bool:
    if b / a >= 0.25:
        return True
    else:
        return False

# If the parameter C's value is at least 20, the lowest possible value of parameter D is 40.
def r2(c: float, d: float) -> bool:
    if d / c >= 2:
        return True
    else:
        return False


        
Input text:
Textual context: The payload must always be smaller than or equal to the load on axle 2.
The payload must always be smaller than or equal to the load on axle 3.";"The payload must always be smaller than or equal to the load on axle 2.
The payload must always be smaller than or equal to the load on axle 3.";2;[['payload', 'axle 2 load'], ['payload', 'axle 3 load']];Llama-8;"def r1(payload: float, load2: float) -> bool:
    if payload <= load2:
        return True
    else:
        return False

def r2(payload: float, load3: float) -> bool:
    if payload <= load3:
        return True
    else:
        return False

def r3(arg1: float, arg2: float, arg3: float, arg4: float):
    return not(r1(arg1, arg2) and r2(arg3, arg4)), r1(arg1, arg2), r2(arg3, arg4)";Correct syntax;['True, False, False', 'False, True, True', 'False, True, True'];['True, False, False', 'False, True, True', 'False, True, True']
"System Message:
        You are a logician with a background in mathematics that translates natural language
        reasoning text to Python3 code so that these natural language reasoning problems can be solved.
        During the translation, please pay close attention to defining variables and rules.
        Do not add any comments from you.
        Be guided by the following example:
        Example input text:
        Textual context: If the parameter A's value is at least 20, the lowest possible value of parameter B is 5.
If the parameter C's value is at least 20, the lowest possible value of parameter D is 40.

        Example Python3 code:
        # If the parameter A's value is at least 20, the lowest possible value of parameter B is 5.
def r1(a: float, b: float) -> bool:
    if b / a >= 0.25:
        return True
    else:
        return False

# If the parameter C's value is at least 20, the lowest possible value of parameter D is 40.
def r2(c: float, d: float) -> bool:
    if d / c >= 2:
        return True
    else:
        return False


        
Input text:
Textual context: PTO-engaged stops cannot exceed the total number of stops.
The load carried by axle 1 must be smaller than or equal to the load on axle 3.";"PTO-engaged stops cannot exceed the total number of stops.
The load carried by axle 1 must be smaller than or equal to the load on axle 3.";2;[['stops with PTO engaged', 'stops'], ['axle 1 load', 'axle 3 load']];Llama-8;"def r1(total_stops: int, pto_stops: int) -> bool:
    if pto_stops > total_stops:
        return False
    else:
        return True

def r2(axle1_load: float, axle3_load: float) -> bool:
    if axle1_load <= axle3_load:
        return True
    else:
        return False

def r3(arg1: float, arg2: float, arg3: float, arg4: float):
    return not(r1(arg1, arg2) and r2(arg3, arg4)), r1(arg1, arg2), r2(arg3, arg4)";Correct syntax;['True, True, False', 'False, True, True', 'True, False, True'];['True, False, False', 'False, True, True', 'False, True, True']
"System Message:
        You are a logician with a background in mathematics that translates natural language
        reasoning text to Python3 code so that these natural language reasoning problems can be solved.
        During the translation, please pay close attention to defining variables and rules.
        Do not add any comments from you.
        Be guided by the following example:
        Example input text:
        Textual context: If the parameter A's value is at least 20, the lowest possible value of parameter B is 5.
If the parameter C's value is at least 20, the lowest possible value of parameter D is 40.

        Example Python3 code:
        # If the parameter A's value is at least 20, the lowest possible value of parameter B is 5.
def r1(a: float, b: float) -> bool:
    if b / a >= 0.25:
        return True
    else:
        return False

# If the parameter C's value is at least 20, the lowest possible value of parameter D is 40.
def r2(c: float, d: float) -> bool:
    if d / c >= 2:
        return True
    else:
        return False


        
Input text:
Textual context: Axle 2's load must always be equal to or greater than the payload.";Axle 2's load must always be equal to or greater than the payload.;1;[['axle 2 load', 'payload']];Llama-8;"def r1(payload: float, load: float) -> bool:
    if load >= payload:
        return True
    else:
        return False

def r2(arg1: float, arg2: float):
    return not(r1(arg1, arg2)), r1(arg1, arg2)";Correct syntax;['True, False', 'False, True', 'False, True'];['False, True', 'False, True', 'True, False']
"System Message:
        You are a logician with a background in mathematics that translates natural language
        reasoning text to Python3 code so that these natural language reasoning problems can be solved.
        During the translation, please pay close attention to defining variables and rules.
        Do not add any comments from you.
        Be guided by the following example:
        Example input text:
        Textual context: If the parameter A's value is at least 20, the lowest possible value of parameter B is 5.
If the parameter C's value is at least 20, the lowest possible value of parameter D is 40.

        Example Python3 code:
        # If the parameter A's value is at least 20, the lowest possible value of parameter B is 5.
def r1(a: float, b: float) -> bool:
    if b / a >= 0.25:
        return True
    else:
        return False

# If the parameter C's value is at least 20, the lowest possible value of parameter D is 40.
def r2(c: float, d: float) -> bool:
    if d / c >= 2:
        return True
    else:
        return False


        
Input text:
Textual context: The load on axle 1 must not surpass the load on axle 2.
The weight on axle 1 cannot surpass the weight on axle 3.";"The load on axle 1 must not surpass the load on axle 2.
The weight on axle 1 cannot surpass the weight on axle 3.";2;[['axle 1 load', 'axle 2 load'], ['axle 1 load', 'axle 3 load']];Llama-8;"def r1(a1: float, a2: float) -> bool:
    if a1 >= a2:
        return False
    else:
        return True

def r2(a1: float, a3: float) -> bool:
    if a1 >= a3:
        return False
    else:
        return True

def r3(arg1: float, arg2: float, arg3: float, arg4: float):
    return not(r1(arg1, arg2) and r2(arg3, arg4)), r1(arg1, arg2), r2(arg3, arg4)";Correct syntax;['True, False, False', 'False, True, True', 'False, True, True'];['True, False, False', 'True, False, False', 'False, True, True']
"System Message:
        You are a logician with a background in mathematics that translates natural language
        reasoning text to Python3 code so that these natural language reasoning problems can be solved.
        During the translation, please pay close attention to defining variables and rules.
        Do not add any comments from you.
        Be guided by the following example:
        Example input text:
        Textual context: If the parameter A's value is at least 20, the lowest possible value of parameter B is 5.
If the parameter C's value is at least 20, the lowest possible value of parameter D is 40.

        Example Python3 code:
        # If the parameter A's value is at least 20, the lowest possible value of parameter B is 5.
def r1(a: float, b: float) -> bool:
    if b / a >= 0.25:
        return True
    else:
        return False

# If the parameter C's value is at least 20, the lowest possible value of parameter D is 40.
def r2(c: float, d: float) -> bool:
    if d / c >= 2:
        return True
    else:
        return False


        
Input text:
Textual context: Idle time cannot be greater than the total operation time.
Driving time should be less than or equal to the total operation time.";"Idle time cannot be greater than the total operation time.
Driving time should be less than or equal to the total operation time.";2;[['idle time', 'total operation time'], ['driving time', 'total operation time']];Llama-8;"def r1(idle_time: float, total_operation_time: float) -> bool:
    if idle_time <= total_operation_time:
        return True
    else:
        return False

def r2(driving_time: float, total_operation_time: float) -> bool:
    if driving_time <= total_operation_time:
        return True
    else:
        return False

def r3(arg1: float, arg2: float, arg3: float, arg4: float):
    return not(r1(arg1, arg2) and r2(arg3, arg4)), r1(arg1, arg2), r2(arg3, arg4)";Correct syntax;['False, True, True', 'False, True, True', 'True, False, False'];['False, True, True', 'False, True, True', 'True, False, False']
"System Message:
        You are a logician with a background in mathematics that translates natural language
        reasoning text to Python3 code so that these natural language reasoning problems can be solved.
        During the translation, please pay close attention to defining variables and rules.
        Do not add any comments from you.
        Be guided by the following example:
        Example input text:
        Textual context: If the parameter A's value is at least 20, the lowest possible value of parameter B is 5.
If the parameter C's value is at least 20, the lowest possible value of parameter D is 40.

        Example Python3 code:
        # If the parameter A's value is at least 20, the lowest possible value of parameter B is 5.
def r1(a: float, b: float) -> bool:
    if b / a >= 0.25:
        return True
    else:
        return False

# If the parameter C's value is at least 20, the lowest possible value of parameter D is 40.
def r2(c: float, d: float) -> bool:
    if d / c >= 2:
        return True
    else:
        return False


        
Input text:
Textual context: Axle 1's load cannot exceed Axle 2's load.
The total operation duration must always be greater than or equal to the combined time for PTO, idle, and driving.";"Axle 1's load cannot exceed Axle 2's load.
The total operation duration must always be greater than or equal to the combined time for PTO, idle, and driving.";2;[['axle 1 load', 'axle 2 load'], ['total operation time', 'PTO operation time', 'idle time', 'driving time']];Llama-8;"def r1(axle1: float, axle2: float) -> bool:
    if axle1 <= axle2:
        return True
    else:
        return False

def r2(total_operation_duration: float, pto: float, idle: float, driving: float) -> bool:
    if total_operation_duration >= pto + idle + driving:
        return True
    else:
        return False

def r3(arg1: float, arg2: float, arg3: float, arg4: float, arg5: float, arg6: float):
    return not(r1(arg1, arg2) and r2(arg3, arg4, arg5, arg6)), r1(arg1, arg2), r2(arg3, arg4, arg5, arg6)";Correct syntax;['True, False, True', 'False, True, True', 'True, True, False'];['True, False, True', 'False, True, True', 'True, True, False']
"System Message:
        You are a logician with a background in mathematics that translates natural language
        reasoning text to Python3 code so that these natural language reasoning problems can be solved.
        During the translation, please pay close attention to defining variables and rules.
        Do not add any comments from you.
        Be guided by the following example:
        Example input text:
        Textual context: If the parameter A's value is at least 20, the lowest possible value of parameter B is 5.
If the parameter C's value is at least 20, the lowest possible value of parameter D is 40.

        Example Python3 code:
        # If the parameter A's value is at least 20, the lowest possible value of parameter B is 5.
def r1(a: float, b: float) -> bool:
    if b / a >= 0.25:
        return True
    else:
        return False

# If the parameter C's value is at least 20, the lowest possible value of parameter D is 40.
def r2(c: float, d: float) -> bool:
    if d / c >= 2:
        return True
    else:
        return False


        
Input text:
Textual context: Total operation time shouldn’t be lower than idle time.";Total operation time shouldn’t be lower than idle time.;1;[['total operation time', 'idle time']];Llama-8;"def r1(operation_time: float, idle_time: float) -> bool:
    if operation_time >= idle_time:
        return True
    else:
        return False

def r2(arg1: float, arg2: float):
    return not(r1(arg1, arg2)), r1(arg1, arg2)";Correct syntax;['False, True', 'False, True', 'True, False'];['False, True', 'False, True', 'True, False']
"System Message:
        You are a logician with a background in mathematics that translates natural language
        reasoning text to Python3 code so that these natural language reasoning problems can be solved.
        During the translation, please pay close attention to defining variables and rules.
        Do not add any comments from you.
        Be guided by the following example:
        Example input text:
        Textual context: If the parameter A's value is at least 20, the lowest possible value of parameter B is 5.
If the parameter C's value is at least 20, the lowest possible value of parameter D is 40.

        Example Python3 code:
        # If the parameter A's value is at least 20, the lowest possible value of parameter B is 5.
def r1(a: float, b: float) -> bool:
    if b / a >= 0.25:
        return True
    else:
        return False

# If the parameter C's value is at least 20, the lowest possible value of parameter D is 40.
def r2(c: float, d: float) -> bool:
    if d / c >= 2:
        return True
    else:
        return False


        
Input text:
Textual context: The total operation durationmust not be lower than the driving time.
Axle 1's load cannot exceed Axle 3's load.";"The total operation durationmust not be lower than the driving time.
Axle 1's load cannot exceed Axle 3's load.";2;[['total operation time', 'driving time'], ['axle 1 load', 'axle 3 load']];Llama-8;"def r1(total_operation_duration: float, driving_time: float) -> bool:
    if total_operation_duration >= driving_time:
        return True
    else:
        return False

def r2(axle1_load: float, axle3_load: float) -> bool:
    if axle1_load <= axle3_load:
        return True
    else:
        return False

def r3(arg1: float, arg2: float, arg3: float, arg4: float):
    return not(r1(arg1, arg2) and r2(arg3, arg4)), r1(arg1, arg2), r2(arg3, arg4)";Correct syntax;['True, True, False', 'False, True, True', 'True, False, True'];['True, True, False', 'False, True, True', 'True, False, True']
"System Message:
        You are a logician with a background in mathematics that translates natural language
        reasoning text to Python3 code so that these natural language reasoning problems can be solved.
        During the translation, please pay close attention to defining variables and rules.
        Do not add any comments from you.
        Be guided by the following example:
        Example input text:
        Textual context: If the parameter A's value is at least 20, the lowest possible value of parameter B is 5.
If the parameter C's value is at least 20, the lowest possible value of parameter D is 40.

        Example Python3 code:
        # If the parameter A's value is at least 20, the lowest possible value of parameter B is 5.
def r1(a: float, b: float) -> bool:
    if b / a >= 0.25:
        return True
    else:
        return False

# If the parameter C's value is at least 20, the lowest possible value of parameter D is 40.
def r2(c: float, d: float) -> bool:
    if d / c >= 2:
        return True
    else:
        return False


        
Input text:
Textual context: PTO operation time should be less than or equal to the total operation time.
Total operation time must be greater than or equal to the sum of PTO operation, idle, and driving times.";"PTO operation time should be less than or equal to the total operation time.
Total operation time must be greater than or equal to the sum of PTO operation, idle, and driving times.";2;[['PTO operation time', 'total operation time'], ['total operation time', 'PTO operation time', 'idle time', 'driving time']];Llama-8;"def r1(pto: float, total: float) -> bool:
    if pto <= total:
        return True
    else:
        return False

def r2(pto: float, idle: float, driving: float, total: float) -> bool:
    if total >= pto + idle + driving:
        return True
    else:
        return False

def r3(arg1: float, arg2: float, arg3: float, arg4: float, arg5: float, arg6: float):
    return not(r1(arg1, arg2) and r2(arg3, arg4, arg5, arg6)), r1(arg1, arg2), r2(arg3, arg4, arg5, arg6)";Correct syntax;['False, True, True', 'False, True, True', 'True, False, False'];['True, True, False', 'True, True, False', 'True, False, False']
"System Message:
        You are a logician with a background in mathematics that translates natural language
        reasoning text to Python3 code so that these natural language reasoning problems can be solved.
        During the translation, please pay close attention to defining variables and rules.
        Do not add any comments from you.
        Be guided by the following example:
        Example input text:
        Textual context: If the parameter A's value is at least 20, the lowest possible value of parameter B is 5.
If the parameter C's value is at least 20, the lowest possible value of parameter D is 40.

        Example Python3 code:
        # If the parameter A's value is at least 20, the lowest possible value of parameter B is 5.
def r1(a: float, b: float) -> bool:
    if b / a >= 0.25:
        return True
    else:
        return False

# If the parameter C's value is at least 20, the lowest possible value of parameter D is 40.
def r2(c: float, d: float) -> bool:
    if d / c >= 2:
        return True
    else:
        return False


        
Input text:
Textual context: PTO operation time cannot be greater than the total operation time.";PTO operation time cannot be greater than the total operation time.;1;[['PTO operation time', 'total operation time']];Llama-8;"def r1(pto_time: float, total_time: float) -> bool:
    if pto_time <= total_time:
        return True
    else:
        return False

def r2(arg1: float, arg2: float):
    return not(r1(arg1, arg2)), r1(arg1, arg2)";Correct syntax;['False, True', 'False, True', 'True, False'];['False, True', 'False, True', 'True, False']
"System Message:
        You are a logician with a background in mathematics that translates natural language
        reasoning text to Python3 code so that these natural language reasoning problems can be solved.
        During the translation, please pay close attention to defining variables and rules.
        Do not add any comments from you.
        Be guided by the following example:
        Example input text:
        Textual context: If the parameter A's value is at least 20, the lowest possible value of parameter B is 5.
If the parameter C's value is at least 20, the lowest possible value of parameter D is 40.

        Example Python3 code:
        # If the parameter A's value is at least 20, the lowest possible value of parameter B is 5.
def r1(a: float, b: float) -> bool:
    if b / a >= 0.25:
        return True
    else:
        return False

# If the parameter C's value is at least 20, the lowest possible value of parameter D is 40.
def r2(c: float, d: float) -> bool:
    if d / c >= 2:
        return True
    else:
        return False


        
Input text:
Textual context: Idle time should be less than or equal to the total operation time.
The load supported by axle 1 cannot exceed that of axle 3.";"Idle time should be less than or equal to the total operation time.
The load supported by axle 1 cannot exceed that of axle 3.";2;[['idle time', 'total operation time'], ['axle 1 load', 'axle 3 load']];Llama-8;"def r1(idle_time: float, total_operation_time: float) -> bool:
    if idle_time <= total_operation_time:
        return True
    else:
        return False

def r2(axle1_load: float, axle3_load: float) -> bool:
    if axle1_load <= axle3_load:
        return True
    else:
        return False

def r3(arg1: float, arg2: float, arg3: float, arg4: float):
    return not(r1(arg1, arg2) and r2(arg3, arg4)), r1(arg1, arg2), r2(arg3, arg4)";Correct syntax;['True, True, False', 'False, True, True', 'True, False, True'];['True, True, False', 'False, True, True', 'True, False, True']
"System Message:
        You are a logician with a background in mathematics that translates natural language
        reasoning text to Python3 code so that these natural language reasoning problems can be solved.
        During the translation, please pay close attention to defining variables and rules.
        Do not add any comments from you.
        Be guided by the following example:
        Example input text:
        Textual context: If the parameter A's value is at least 20, the lowest possible value of parameter B is 5.
If the parameter C's value is at least 20, the lowest possible value of parameter D is 40.

        Example Python3 code:
        # If the parameter A's value is at least 20, the lowest possible value of parameter B is 5.
def r1(a: float, b: float) -> bool:
    if b / a >= 0.25:
        return True
    else:
        return False

# If the parameter C's value is at least 20, the lowest possible value of parameter D is 40.
def r2(c: float, d: float) -> bool:
    if d / c >= 2:
        return True
    else:
        return False


        
Input text:
Textual context: PTO operation time cannot be greater than the total operation time.
The payload must not exceed the load carried by axle 3.";"PTO operation time cannot be greater than the total operation time.
The payload must not exceed the load carried by axle 3.";2;[['PTO operation time', 'total operation time'], ['payload', 'axle 3 load']];Llama-8;"def r1(pto: float, total: float) -> bool:
    if pto > total:
        return False
    else:
        return True

def r2(payload: float, axle3: float) -> bool:
    if payload > axle3:
        return False
    else:
        return True

def r3(arg1: float, arg2: float, arg3: float, arg4: float):
    return not(r1(arg1, arg2) and r2(arg3, arg4)), r1(arg1, arg2), r2(arg3, arg4)";Correct syntax;['True, True, False', 'False, True, True', 'True, False, True'];['True, True, False', 'False, True, True', 'True, False, True']
"System Message:
        You are a logician with a background in mathematics that translates natural language
        reasoning text to Python3 code so that these natural language reasoning problems can be solved.
        During the translation, please pay close attention to defining variables and rules.
        Do not add any comments from you.
        Be guided by the following example:
        Example input text:
        Textual context: If the parameter A's value is at least 20, the lowest possible value of parameter B is 5.
If the parameter C's value is at least 20, the lowest possible value of parameter D is 40.

        Example Python3 code:
        # If the parameter A's value is at least 20, the lowest possible value of parameter B is 5.
def r1(a: float, b: float) -> bool:
    if b / a >= 0.25:
        return True
    else:
        return False

# If the parameter C's value is at least 20, the lowest possible value of parameter D is 40.
def r2(c: float, d: float) -> bool:
    if d / c >= 2:
        return True
    else:
        return False


        
Input text:
Textual context: The total operation durationmust not be lower than the driving time.
PTO-engaged stops cannot exceed the total number of stops.";"The total operation durationmust not be lower than the driving time.
PTO-engaged stops cannot exceed the total number of stops.";2;[['total operation time', 'driving time'], ['stops with PTO engaged', 'stops']];Llama-8;"def r1(driving_time: float, operation_duration: float) -> bool:
    if operation_duration >= driving_time:
        return True
    else:
        return False

def r2(total_stops: int, pto_stops: int) -> bool:
    if pto_stops <= total_stops:
        return True
    else:
        return False

def r3(arg1: float, arg2: float, arg3: float, arg4: float):
    return not(r1(arg1, arg2) and r2(arg3, arg4)), r1(arg1, arg2), r2(arg3, arg4)";Correct syntax;['False, True, True', 'False, True, True', 'True, False, False'];['True, False, False', 'False, True, True', 'False, True, True']
"System Message:
        You are a logician with a background in mathematics that translates natural language
        reasoning text to Python3 code so that these natural language reasoning problems can be solved.
        During the translation, please pay close attention to defining variables and rules.
        Do not add any comments from you.
        Be guided by the following example:
        Example input text:
        Textual context: If the parameter A's value is at least 20, the lowest possible value of parameter B is 5.
If the parameter C's value is at least 20, the lowest possible value of parameter D is 40.

        Example Python3 code:
        # If the parameter A's value is at least 20, the lowest possible value of parameter B is 5.
def r1(a: float, b: float) -> bool:
    if b / a >= 0.25:
        return True
    else:
        return False

# If the parameter C's value is at least 20, the lowest possible value of parameter D is 40.
def r2(c: float, d: float) -> bool:
    if d / c >= 2:
        return True
    else:
        return False


        
Input text:
Textual context: The load supported by axle 1 cannot exceed that of axle 2.
The payload cannot exceed the capacity of axle 3.";"The load supported by axle 1 cannot exceed that of axle 2.
The payload cannot exceed the capacity of axle 3.";2;[['axle 1 load', 'axle 2 load'], ['payload', 'axle 3 load']];Llama-8;"def r1(a1: float, a2: float) -> bool:
    if a1 >= a2:
        return False
    else:
        return True

def r2(p: float, a3: float) -> bool:
    if p >= a3:
        return False
    else:
        return True

def r3(arg1: float, arg2: float, arg3: float, arg4: float):
    return not(r1(arg1, arg2) and r2(arg3, arg4)), r1(arg1, arg2), r2(arg3, arg4)";Correct syntax;['True, False, False', 'False, True, True', 'False, True, True'];['True, False, False', 'True, False, False', 'False, True, True']
"System Message:
        You are a logician with a background in mathematics that translates natural language
        reasoning text to Python3 code so that these natural language reasoning problems can be solved.
        During the translation, please pay close attention to defining variables and rules.
        Do not add any comments from you.
        Be guided by the following example:
        Example input text:
        Textual context: If the parameter A's value is at least 20, the lowest possible value of parameter B is 5.
If the parameter C's value is at least 20, the lowest possible value of parameter D is 40.

        Example Python3 code:
        # If the parameter A's value is at least 20, the lowest possible value of parameter B is 5.
def r1(a: float, b: float) -> bool:
    if b / a >= 0.25:
        return True
    else:
        return False

# If the parameter C's value is at least 20, the lowest possible value of parameter D is 40.
def r2(c: float, d: float) -> bool:
    if d / c >= 2:
        return True
    else:
        return False


        
Input text:
Textual context: The weight on axle 1 cannot surpass the weight on axle 3.";The weight on axle 1 cannot surpass the weight on axle 3.;1;[['axle 1 load', 'axle 3 load']];Llama-8;"def r1(axle1: float, axle3: float) -> bool:
    if axle1 <= axle3:
        return True
    else:
        return False

def r2(arg1: float, arg2: float):
    return not(r1(arg1, arg2)), r1(arg1, arg2)";Correct syntax;['True, False', 'False, True', 'False, True'];['True, False', 'False, True', 'False, True']
"System Message:
You are an agent which task is to correct Python3 code implementing logical rules, generated by another large language model,
so that they throw no runtime errors during program execution and correspond to the logical assumptions expressed in natural language.
To perform this task you will receive a Python3 code with valid syntax, which not correspond to the logical premises and throw runtime errors,
and these logical premises expressed in natural language, which should be translated into rules in Python3 code.
Your task is to return a valid Python3 rules for a given premises, having corrected the runtime errors.
Improvements made should mainly include defining the correct number of arguments for each function according to corresponding premise
and using inside functions the proper variables, previously defined in the function declaration.
Do not make any corrections to the last function.
Please output only a valid Python code only with comments started with #.
Do not add any additional texts, tags and comments.
Be guided by the following examples:

Example 1
# If the parameter C's value is at least 20, the lowest possible value of parameter D is 40.
def r1(c: float, d: float) -> bool:
    if c >= 20 and d / c >= 0.4:
        return True
    else:
        return False

# Parameter W value should be at least the sum of parameter X, parameter Y and parameter Z.
def r2(x: float, y: float, z: float) -> bool:
    if x + y + z >= 0:
        return True
    else:
        return False

# To identify the day as abnormal, it is enough that even one or more conditions are violated.
def r3(arg1: float, arg2: float, arg3: float, arg4: float, arg5: float, arg6: float):
    return not(r1(arg1, arg2) and r2(arg3, arg4, arg5, arg6)), r1(arg1, arg2), r2(arg3, arg4, arg5, arg6)

It is supposed to translate the following example text into rules:
If the parameter C's value is at least 20, the lowest possible value of parameter D is 40.
Parameter W value should be at least the sum of parameter X, parameter Y and parameter Z.

Code after execution returns the following error:
Traceback (most recent call last):
  File ""/home/obywatelfg/Doktorat/Badania/Logic-LLM/LLM-logic/New_val_Adapt_Task2_outputs_python_no_final_rule/Llama-8/2/python_code/2_output_python.py"", line 18, in <module>
    print(r3(2226.8, 2432.3, 0.3, 0.9, 2.7, 1.0))
  File ""/home/obywatelfg/Doktorat/Badania/Logic-LLM/LLM-logic/New_val_Adapt_Task2_outputs_python_no_final_rule/Llama-8/2/python_code/2_output_python.py"", line 16, in r3
    return not(r1(arg1, arg2) and r2(arg3, arg4, arg5, arg6)), r1(arg1, arg2), r2(arg3, arg4, arg5, arg6)
TypeError: r2() takes 3 positional arguments but 4 were given

Please correct the code.

The corrected code should be the following:
# If the parameter C's value is at least 20, the lowest possible value of parameter D is 40.
def r1(c: float, d: float) -> bool:
    if c >= 20 and d / c >= 0.4:
        return True
    else:
        return False

# This function lack of parameter W in a function definition and a body, where logical rule should check the proportion between param W and sum of params x, y, z.
# Parameter W value should be at least the sum of parameter X, parameter Y and parameter Z.
def r2(x: float, y: float, z: float, w: float) -> bool:
    if x + y + z <= w:
        return True
    else:
        return False

# To identify the day as abnormal, it is enough that even one or more conditions are violated.
def r3(arg1: float, arg2: float, arg3: float, arg4: float, arg5: float, arg6: float):
    return not(r1(arg1, arg2) and r2(arg3, arg4, arg5, arg6)), r1(arg1, arg2), r2(arg3, arg4, arg5, arg6)


Example 2
# If the parameter C's value is at least 20, the lowest possible value of parameter D is 40.
def r1(c: float) -> bool:
    if c >= 40 and c >= 0.4:
        return True
    else:
        return False

# Parameter T's value shouldn't be lower than parameter P's value.
def r2(t: float, p: float) -> bool:
    if t >= p:
        return True
    else:
        return False

# To identify the day as abnormal, it is enough that even one or more conditions are violated.
def r3(arg1: float, arg2: float, arg3: float, arg4: float):
    return not(r1(arg1, arg2) and r2(arg3, arg4)), r1(arg1, arg2), r2(arg3, arg4)

It is supposed to translate the following example text into rules:
If the parameter C's value is at least 20, the lowest possible value of parameter D is 40.
Parameter T's value shouldn't be lower than parameter P's value.

Code after execution returns the following error:
Traceback (most recent call last):
  File ""/home/obywatelfg/Doktorat/Badania/Logic-LLM/LLM-logic/New_val_Adapt_Task2_outputs_python_no_final_rule/Llama-8/4/python_code/121_output_python.py"", line 32, in <module>
    print(r5(227.70000000000002, 75.9, 9.5, 1.9, 7203.1, 6652.3, 10268.5, 8400.7))
  File ""/home/obywatelfg/Doktorat/Badania/Logic-LLM/LLM-logic/New_val_Adapt_Task2_outputs_python_no_final_rule/Llama-8/4/python_code/121_output_python.py"", line 30, in r5
    return not(r1(arg1, arg2) and r2(arg3, arg4) and r3(arg5, arg6) and r4(arg7, arg8)), r1(arg1, arg2), r2(arg3, arg4), r3(arg5, arg6), r4(arg7, arg8)
TypeError: r1() takes 1 positional argument but 2 were given

Please correct the code.

The corrected code should be the following:
# If the parameter C's value is at least 20, the lowest possible value of parameter D is 40.
def r1(c: float, d: float) -> bool:
    if d / c >= 2:
        return True
    else:
        return False

# Parameter T's value shouldn't be lower than parameter P's value.
def r2(t: float, p: float) -> bool:
    if t >= p:
        return True
    else:
        return False

# To identify the day as abnormal, it is enough that even one or more conditions are violated.
def r3(arg1: float, arg2: float, arg3: float, arg4: float):
    return not(r1(arg1, arg2) and r2(arg3, arg4)), r1(arg1, arg2), r2(arg3, arg4)


The input for your task:
This is the Python3 code which not correspond to the given logical premises:
def r1(pto: float, idle: float, driving: float) -> bool:
    if pto + idle + driving >= 0:
        return True
    else:
        return False

def r2(arg1: float, arg2: float, arg3: float, arg4: float):
    return not(r1(arg1, arg2, arg3, arg4)), r1(arg1, arg2, arg3, arg4)

It is supposed to translate the following text into rules:
Total operation time should be at least the sum of PTO, idle, and driving times.

Code after execution returns the following error:
Traceback (most recent call last):
  File ""/home/frank/Doktorat/ExKLoP/saved_outputs/Task2_syntax_outputs/Llama-8/1/python_code/21_output_python.py"", line 10, in <module>
    print(r2(2.1, 0.3, 1.0, 0.7))
  File ""/home/frank/Doktorat/ExKLoP/saved_outputs/Task2_syntax_outputs/Llama-8/1/python_code/21_output_python.py"", line 8, in r2
    return not(r1(arg1, arg2, arg3, arg4)), r1(arg1, arg2, arg3, arg4)
TypeError: r1() takes 3 positional arguments but 4 were given


Please correct the code.   ";Total operation time should be at least the sum of PTO, idle, and driving times.;1;[['total operation time', 'PTO operation time', 'idle time', 'driving time']];Llama-8;"# Total operation time should be at least the sum of PTO, idle, and driving times.
def r1(pto: float, idle: float, driving: float) -> bool:
    if pto + idle + driving >= 0:
        return True
    else:
        return False

# This function lack of parameter W in a function definition and a body, where logical rule should check the proportion between param W and sum of params arg1, arg2, arg3, arg4.
def r2(arg1: float, arg2: float, arg3: float, arg4: float) -> bool:
    if arg1 + arg2 + arg3 + arg4 >= 0:
        return True
    else:
        return False

def r2(arg1: float, arg2: float, arg3: float, arg4: float):
    return not(r1(arg1, arg2, arg3, arg4)), r1(arg1, arg2, arg3, arg4)";Correct syntax;Error;"Traceback (most recent call last):
  File ""/home/frank/Doktorat/ExKLoP/saved_outputs/Task2_runtime_outputs/Llama-8/1/python_code/21_output_python.py"", line 18, in <module>
    print(r2(2.1, 0.3, 1.0, 0.7))
  File ""/home/frank/Doktorat/ExKLoP/saved_outputs/Task2_runtime_outputs/Llama-8/1/python_code/21_output_python.py"", line 16, in r2
    return not(r1(arg1, arg2, arg3, arg4)), r1(arg1, arg2, arg3, arg4)
TypeError: r1() takes 3 positional arguments but 4 were given
"
"System Message:
You are an agent which task is to correct Python3 code implementing logical rules, generated by another large language model,
so that they throw no runtime errors during program execution and correspond to the logical assumptions expressed in natural language.
To perform this task you will receive a Python3 code with valid syntax, which not correspond to the logical premises and throw runtime errors,
and these logical premises expressed in natural language, which should be translated into rules in Python3 code.
Your task is to return a valid Python3 rules for a given premises, having corrected the runtime errors.
Improvements made should mainly include defining the correct number of arguments for each function according to corresponding premise
and using inside functions the proper variables, previously defined in the function declaration.
Do not make any corrections to the last function.
Please output only a valid Python code only with comments started with #.
Do not add any additional texts, tags and comments.
Be guided by the following examples:

Example 1
# If the parameter C's value is at least 20, the lowest possible value of parameter D is 40.
def r1(c: float, d: float) -> bool:
    if c >= 20 and d / c >= 0.4:
        return True
    else:
        return False

# Parameter W value should be at least the sum of parameter X, parameter Y and parameter Z.
def r2(x: float, y: float, z: float) -> bool:
    if x + y + z >= 0:
        return True
    else:
        return False

# To identify the day as abnormal, it is enough that even one or more conditions are violated.
def r3(arg1: float, arg2: float, arg3: float, arg4: float, arg5: float, arg6: float):
    return not(r1(arg1, arg2) and r2(arg3, arg4, arg5, arg6)), r1(arg1, arg2), r2(arg3, arg4, arg5, arg6)

It is supposed to translate the following example text into rules:
If the parameter C's value is at least 20, the lowest possible value of parameter D is 40.
Parameter W value should be at least the sum of parameter X, parameter Y and parameter Z.

Code after execution returns the following error:
Traceback (most recent call last):
  File ""/home/obywatelfg/Doktorat/Badania/Logic-LLM/LLM-logic/New_val_Adapt_Task2_outputs_python_no_final_rule/Llama-8/2/python_code/2_output_python.py"", line 18, in <module>
    print(r3(2226.8, 2432.3, 0.3, 0.9, 2.7, 1.0))
  File ""/home/obywatelfg/Doktorat/Badania/Logic-LLM/LLM-logic/New_val_Adapt_Task2_outputs_python_no_final_rule/Llama-8/2/python_code/2_output_python.py"", line 16, in r3
    return not(r1(arg1, arg2) and r2(arg3, arg4, arg5, arg6)), r1(arg1, arg2), r2(arg3, arg4, arg5, arg6)
TypeError: r2() takes 3 positional arguments but 4 were given

Please correct the code.

The corrected code should be the following:
# If the parameter C's value is at least 20, the lowest possible value of parameter D is 40.
def r1(c: float, d: float) -> bool:
    if c >= 20 and d / c >= 0.4:
        return True
    else:
        return False

# This function lack of parameter W in a function definition and a body, where logical rule should check the proportion between param W and sum of params x, y, z.
# Parameter W value should be at least the sum of parameter X, parameter Y and parameter Z.
def r2(x: float, y: float, z: float, w: float) -> bool:
    if x + y + z <= w:
        return True
    else:
        return False

# To identify the day as abnormal, it is enough that even one or more conditions are violated.
def r3(arg1: float, arg2: float, arg3: float, arg4: float, arg5: float, arg6: float):
    return not(r1(arg1, arg2) and r2(arg3, arg4, arg5, arg6)), r1(arg1, arg2), r2(arg3, arg4, arg5, arg6)


Example 2
# If the parameter C's value is at least 20, the lowest possible value of parameter D is 40.
def r1(c: float) -> bool:
    if c >= 40 and c >= 0.4:
        return True
    else:
        return False

# Parameter T's value shouldn't be lower than parameter P's value.
def r2(t: float, p: float) -> bool:
    if t >= p:
        return True
    else:
        return False

# To identify the day as abnormal, it is enough that even one or more conditions are violated.
def r3(arg1: float, arg2: float, arg3: float, arg4: float):
    return not(r1(arg1, arg2) and r2(arg3, arg4)), r1(arg1, arg2), r2(arg3, arg4)

It is supposed to translate the following example text into rules:
If the parameter C's value is at least 20, the lowest possible value of parameter D is 40.
Parameter T's value shouldn't be lower than parameter P's value.

Code after execution returns the following error:
Traceback (most recent call last):
  File ""/home/obywatelfg/Doktorat/Badania/Logic-LLM/LLM-logic/New_val_Adapt_Task2_outputs_python_no_final_rule/Llama-8/4/python_code/121_output_python.py"", line 32, in <module>
    print(r5(227.70000000000002, 75.9, 9.5, 1.9, 7203.1, 6652.3, 10268.5, 8400.7))
  File ""/home/obywatelfg/Doktorat/Badania/Logic-LLM/LLM-logic/New_val_Adapt_Task2_outputs_python_no_final_rule/Llama-8/4/python_code/121_output_python.py"", line 30, in r5
    return not(r1(arg1, arg2) and r2(arg3, arg4) and r3(arg5, arg6) and r4(arg7, arg8)), r1(arg1, arg2), r2(arg3, arg4), r3(arg5, arg6), r4(arg7, arg8)
TypeError: r1() takes 1 positional argument but 2 were given

Please correct the code.

The corrected code should be the following:
# If the parameter C's value is at least 20, the lowest possible value of parameter D is 40.
def r1(c: float, d: float) -> bool:
    if d / c >= 2:
        return True
    else:
        return False

# Parameter T's value shouldn't be lower than parameter P's value.
def r2(t: float, p: float) -> bool:
    if t >= p:
        return True
    else:
        return False

# To identify the day as abnormal, it is enough that even one or more conditions are violated.
def r3(arg1: float, arg2: float, arg3: float, arg4: float):
    return not(r1(arg1, arg2) and r2(arg3, arg4)), r1(arg1, arg2), r2(arg3, arg4)


The input for your task:
This is the Python3 code which not correspond to the given logical premises:
def r1(pto: int, total_stops: int) -> bool:
    if ptos > total_stops:
        return True
    else:
        return False

def r2(operation_time: float, ptos: float, idle_time: float, driving_time: float) -> bool:
    if operation_time >= ptos + idle_time + driving_time:
        return True
    else:
        return False

def r3(arg1: float, arg2: float, arg3: float, arg4: float, arg5: float, arg6: float):
    return not(r1(arg1, arg2) and r2(arg3, arg4, arg5, arg6)), r1(arg1, arg2), r2(arg3, arg4, arg5, arg6)

It is supposed to translate the following text into rules:
Stops with PTO engaged cannot outnumber the total stops.
Total operation time must be greater than or equal to the sum of PTO operation, idle, and driving times.

Code after execution returns the following error:
Traceback (most recent call last):
  File ""/home/frank/Doktorat/ExKLoP/saved_outputs/Task2_syntax_outputs/Llama-8/2/python_code/22_output_python.py"", line 16, in <module>
    print(r3(110, 171, 2.1, 0.3, 1.0, 0.7))
  File ""/home/frank/Doktorat/ExKLoP/saved_outputs/Task2_syntax_outputs/Llama-8/2/python_code/22_output_python.py"", line 14, in r3
    return not(r1(arg1, arg2) and r2(arg3, arg4, arg5, arg6)), r1(arg1, arg2), r2(arg3, arg4, arg5, arg6)
  File ""/home/frank/Doktorat/ExKLoP/saved_outputs/Task2_syntax_outputs/Llama-8/2/python_code/22_output_python.py"", line 2, in r1
    if ptos > total_stops:
NameError: name 'ptos' is not defined. Did you mean: 'pto'?


Please correct the code.   ";"Stops with PTO engaged cannot outnumber the total stops.
Total operation time must be greater than or equal to the sum of PTO operation, idle, and driving times.";2;[['stops with PTO engaged', 'stops'], ['total operation time', 'PTO operation time', 'idle time', 'driving time']];Llama-8;"def r1(pto: int, total_stops: int) -> bool:
    if pto <= total_stops:
        return True
    else:
        return False

def r2(operation_time: float, ptos: float, idle_time: float, driving_time: float) -> bool:
    if operation_time >= ptos + idle_time + driving_time:
        return True
    else:
        return False

def r3(arg1: float, arg2: float, arg3: float, arg4: float, arg5: float, arg6: float):
    return not(r1(arg1, arg2) and r2(arg3, arg4, arg5, arg6)), r1(arg1, arg2), r2(arg3, arg4, arg5, arg6)";Correct syntax;['False, True, True', 'False, True, True', 'True, False, False'];['False, True, True', 'False, True, True', 'True, False, False']
"System Message:
        You are a logician with a background in mathematics that translates natural language
        reasoning text to Python3 code so that these natural language reasoning problems can be solved.
        During the translation, please pay close attention to defining variables and rules.
        Do not add any comments from you.
        Be guided by the following example:
        Example input text:
        Textual context: If the parameter A's value is at least 20, the lowest possible value of parameter B is 5.
If the parameter C's value is at least 20, the lowest possible value of parameter D is 40.

        Example Python3 code:
        # If the parameter A's value is at least 20, the lowest possible value of parameter B is 5.
def r1(a: float, b: float) -> bool:
    if b / a >= 0.25:
        return True
    else:
        return False

# If the parameter C's value is at least 20, the lowest possible value of parameter D is 40.
def r2(c: float, d: float) -> bool:
    if d / c >= 2:
        return True
    else:
        return False


        
Input text:
Textual context: The load supported by axle 1 cannot exceed that of axle 3.
Payload must remain below or equal to the load carried by axle 3.";"The load supported by axle 1 cannot exceed that of axle 3.
Payload must remain below or equal to the load carried by axle 3.";2;[['axle 1 load', 'axle 3 load'], ['payload', 'axle 3 load']];Llama-8;"def r1(a1: float, a3: float) -> bool:
    if a1 <= a3:
        return True
    else:
        return False

def r2(payload: float, a3: float) -> bool:
    if payload <= a3:
        return True
    else:
        return False

def r3(arg1: float, arg2: float, arg3: float, arg4: float):
    return not(r1(arg1, arg2) and r2(arg3, arg4)), r1(arg1, arg2), r2(arg3, arg4)";Correct syntax;['True, False, False', 'False, True, True', 'False, True, True'];['True, False, False', 'False, True, True', 'False, True, True']
"System Message:
        You are a logician with a background in mathematics that translates natural language
        reasoning text to Python3 code so that these natural language reasoning problems can be solved.
        During the translation, please pay close attention to defining variables and rules.
        Do not add any comments from you.
        Be guided by the following example:
        Example input text:
        Textual context: If the parameter A's value is at least 20, the lowest possible value of parameter B is 5.
If the parameter C's value is at least 20, the lowest possible value of parameter D is 40.

        Example Python3 code:
        # If the parameter A's value is at least 20, the lowest possible value of parameter B is 5.
def r1(a: float, b: float) -> bool:
    if b / a >= 0.25:
        return True
    else:
        return False

# If the parameter C's value is at least 20, the lowest possible value of parameter D is 40.
def r2(c: float, d: float) -> bool:
    if d / c >= 2:
        return True
    else:
        return False


        
Input text:
Textual context: Idle time must always be less than or equal to the total operation time.
Payload must remain below or equal to the load carried by axle 3.";"Idle time must always be less than or equal to the total operation time.
Payload must remain below or equal to the load carried by axle 3.";2;[['idle time', 'total operation time'], ['payload', 'axle 3 load']];Llama-8;"def r1(idle_time: float, total_operation_time: float) -> bool:
    if idle_time <= total_operation_time:
        return True
    else:
        return False

def r2(payload: float, load_carried_by_axle3: float) -> bool:
    if payload <= load_carried_by_axle3:
        return True
    else:
        return False

def r3(arg1: float, arg2: float, arg3: float, arg4: float):
    return not(r1(arg1, arg2) and r2(arg3, arg4)), r1(arg1, arg2), r2(arg3, arg4)";Correct syntax;['True, True, False', 'False, True, True', 'True, False, True'];['True, True, False', 'False, True, True', 'True, False, True']
"System Message:
        You are a logician with a background in mathematics that translates natural language
        reasoning text to Python3 code so that these natural language reasoning problems can be solved.
        During the translation, please pay close attention to defining variables and rules.
        Do not add any comments from you.
        Be guided by the following example:
        Example input text:
        Textual context: If the parameter A's value is at least 20, the lowest possible value of parameter B is 5.
If the parameter C's value is at least 20, the lowest possible value of parameter D is 40.

        Example Python3 code:
        # If the parameter A's value is at least 20, the lowest possible value of parameter B is 5.
def r1(a: float, b: float) -> bool:
    if b / a >= 0.25:
        return True
    else:
        return False

# If the parameter C's value is at least 20, the lowest possible value of parameter D is 40.
def r2(c: float, d: float) -> bool:
    if d / c >= 2:
        return True
    else:
        return False


        
Input text:
Textual context: The load on axle 1 must not surpass the load on axle 2.";The load on axle 1 must not surpass the load on axle 2.;1;[['axle 1 load', 'axle 2 load']];Llama-8;"def r1(axle1: float, axle2: float) -> bool:
    if axle1 <= axle2:
        return True
    else:
        return False

def r2(arg1: float, arg2: float):
    return not(r1(arg1, arg2)), r1(arg1, arg2)";Correct syntax;['True, False', 'False, True', 'False, True'];['True, False', 'False, True', 'False, True']
"System Message:
        You are a logician with a background in mathematics that translates natural language
        reasoning text to Python3 code so that these natural language reasoning problems can be solved.
        During the translation, please pay close attention to defining variables and rules.
        Do not add any comments from you.
        Be guided by the following example:
        Example input text:
        Textual context: If the parameter A's value is at least 20, the lowest possible value of parameter B is 5.
If the parameter C's value is at least 20, the lowest possible value of parameter D is 40.

        Example Python3 code:
        # If the parameter A's value is at least 20, the lowest possible value of parameter B is 5.
def r1(a: float, b: float) -> bool:
    if b / a >= 0.25:
        return True
    else:
        return False

# If the parameter C's value is at least 20, the lowest possible value of parameter D is 40.
def r2(c: float, d: float) -> bool:
    if d / c >= 2:
        return True
    else:
        return False


        
Input text:
Textual context: Driving time must always be less than or equal to the total operation time.
Total operation time must be greater than or equal to the sum of PTO operation, idle, and driving times.";"Driving time must always be less than or equal to the total operation time.
Total operation time must be greater than or equal to the sum of PTO operation, idle, and driving times.";2;[['driving time', 'total operation time'], ['total operation time', 'PTO operation time', 'idle time', 'driving time']];Llama-8;"def r1(driving_time: float, total_operation_time: float) -> bool:
    if driving_time <= total_operation_time:
        return True
    else:
        return False

def r2(pto_operation: float, idle: float, driving_time: float, total_operation_time: float) -> bool:
    if total_operation_time >= pto_operation + idle + driving_time:
        return True
    else:
        return False

def r3(arg1: float, arg2: float, arg3: float, arg4: float, arg5: float, arg6: float):
    return not(r1(arg1, arg2) and r2(arg3, arg4, arg5, arg6)), r1(arg1, arg2), r2(arg3, arg4, arg5, arg6)";Correct syntax;['False, True, True', 'False, True, True', 'True, False, False'];['True, True, False', 'True, True, False', 'True, False, False']
"System Message:
        You are a logician with a background in mathematics that translates natural language
        reasoning text to Python3 code so that these natural language reasoning problems can be solved.
        During the translation, please pay close attention to defining variables and rules.
        Do not add any comments from you.
        Be guided by the following example:
        Example input text:
        Textual context: If the parameter A's value is at least 20, the lowest possible value of parameter B is 5.
If the parameter C's value is at least 20, the lowest possible value of parameter D is 40.

        Example Python3 code:
        # If the parameter A's value is at least 20, the lowest possible value of parameter B is 5.
def r1(a: float, b: float) -> bool:
    if b / a >= 0.25:
        return True
    else:
        return False

# If the parameter C's value is at least 20, the lowest possible value of parameter D is 40.
def r2(c: float, d: float) -> bool:
    if d / c >= 2:
        return True
    else:
        return False


        
Input text:
Textual context: The total operation duration must not be lower than the PTO operation time.
The number of stops where PTO is engaged must not exceed the overall stop count.";"The total operation duration must not be lower than the PTO operation time.
The number of stops where PTO is engaged must not exceed the overall stop count.";2;[['total operation time', 'PTO operation time'], ['stops with PTO engaged', 'stops']];Llama-8;"def r1(total_operation_duration: float, pto_operation_time: float) -> bool:
    if total_operation_duration >= pto_operation_time:
        return True
    else:
        return False

def r2(num_stops_pto: int, overall_stop_count: int) -> bool:
    if num_stops_pto <= overall_stop_count:
        return True
    else:
        return False

def r3(arg1: float, arg2: float, arg3: float, arg4: float):
    return not(r1(arg1, arg2) and r2(arg3, arg4)), r1(arg1, arg2), r2(arg3, arg4)";Correct syntax;['False, True, True', 'False, True, True', 'True, False, False'];['False, True, True', 'False, True, True', 'True, False, False']
"System Message:
        You are a logician with a background in mathematics that translates natural language
        reasoning text to Python3 code so that these natural language reasoning problems can be solved.
        During the translation, please pay close attention to defining variables and rules.
        Do not add any comments from you.
        Be guided by the following example:
        Example input text:
        Textual context: If the parameter A's value is at least 20, the lowest possible value of parameter B is 5.
If the parameter C's value is at least 20, the lowest possible value of parameter D is 40.

        Example Python3 code:
        # If the parameter A's value is at least 20, the lowest possible value of parameter B is 5.
def r1(a: float, b: float) -> bool:
    if b / a >= 0.25:
        return True
    else:
        return False

# If the parameter C's value is at least 20, the lowest possible value of parameter D is 40.
def r2(c: float, d: float) -> bool:
    if d / c >= 2:
        return True
    else:
        return False


        
Input text:
Textual context: Total operation time shouldn’t be lower than idle time.
The total operation duration must always be greater than or equal to the combined time for PTO, idle, and driving.";"Total operation time shouldn’t be lower than idle time.
The total operation duration must always be greater than or equal to the combined time for PTO, idle, and driving.";2;[['total operation time', 'idle time'], ['total operation time', 'PTO operation time', 'idle time', 'driving time']];Llama-8;"def r1(operation_time: float, idle_time: float) -> bool:
    if operation_time >= idle_time:
        return True
    else:
        return False

def r2(operation_time: float, pto: float, idle_time: float, driving_time: float) -> bool:
    if operation_time >= pto + idle_time + driving_time:
        return True
    else:
        return False

def r3(arg1: float, arg2: float, arg3: float, arg4: float, arg5: float, arg6: float):
    return not(r1(arg1, arg2) and r2(arg3, arg4, arg5, arg6)), r1(arg1, arg2), r2(arg3, arg4, arg5, arg6)";Correct syntax;['False, True, True', 'False, True, True', 'True, False, False'];['False, True, True', 'False, True, True', 'True, False, False']
"System Message:
        You are a logician with a background in mathematics that translates natural language
        reasoning text to Python3 code so that these natural language reasoning problems can be solved.
        During the translation, please pay close attention to defining variables and rules.
        Do not add any comments from you.
        Be guided by the following example:
        Example input text:
        Textual context: If the parameter A's value is at least 20, the lowest possible value of parameter B is 5.
If the parameter C's value is at least 20, the lowest possible value of parameter D is 40.

        Example Python3 code:
        # If the parameter A's value is at least 20, the lowest possible value of parameter B is 5.
def r1(a: float, b: float) -> bool:
    if b / a >= 0.25:
        return True
    else:
        return False

# If the parameter C's value is at least 20, the lowest possible value of parameter D is 40.
def r2(c: float, d: float) -> bool:
    if d / c >= 2:
        return True
    else:
        return False


        
Input text:
Textual context: The total operation duration must not be lower than the idle time.";The total operation duration must not be lower than the idle time.;1;[['total operation time', 'idle time']];Llama-8;"def r1(operation_duration: float, idle_time: float) -> bool:
    if operation_duration < idle_time:
        return False
    else:
        return True

def r2(arg1: float, arg2: float):
    return not(r1(arg1, arg2)), r1(arg1, arg2)";Correct syntax;['False, True', 'False, True', 'True, False'];['False, True', 'False, True', 'True, False']
"System Message:
        You are a logician with a background in mathematics that translates natural language
        reasoning text to Python3 code so that these natural language reasoning problems can be solved.
        During the translation, please pay close attention to defining variables and rules.
        Do not add any comments from you.
        Be guided by the following example:
        Example input text:
        Textual context: If the parameter A's value is at least 20, the lowest possible value of parameter B is 5.
If the parameter C's value is at least 20, the lowest possible value of parameter D is 40.

        Example Python3 code:
        # If the parameter A's value is at least 20, the lowest possible value of parameter B is 5.
def r1(a: float, b: float) -> bool:
    if b / a >= 0.25:
        return True
    else:
        return False

# If the parameter C's value is at least 20, the lowest possible value of parameter D is 40.
def r2(c: float, d: float) -> bool:
    if d / c >= 2:
        return True
    else:
        return False


        
Input text:
Textual context: The load carried by axle 1 must be smaller than or equal to the load on axle 3.";The load carried by axle 1 must be smaller than or equal to the load on axle 3.;1;[['axle 1 load', 'axle 3 load']];Llama-8;"def r1(axle1: float, axle3: float) -> bool:
    if axle1 <= axle3:
        return True
    else:
        return False

def r2(arg1: float, arg2: float):
    return not(r1(arg1, arg2)), r1(arg1, arg2)";Correct syntax;['True, False', 'False, True', 'False, True'];['True, False', 'False, True', 'False, True']
"System Message:
        You are a logician with a background in mathematics that translates natural language
        reasoning text to Python3 code so that these natural language reasoning problems can be solved.
        During the translation, please pay close attention to defining variables and rules.
        Do not add any comments from you.
        Be guided by the following example:
        Example input text:
        Textual context: If the parameter A's value is at least 20, the lowest possible value of parameter B is 5.
If the parameter C's value is at least 20, the lowest possible value of parameter D is 40.

        Example Python3 code:
        # If the parameter A's value is at least 20, the lowest possible value of parameter B is 5.
def r1(a: float, b: float) -> bool:
    if b / a >= 0.25:
        return True
    else:
        return False

# If the parameter C's value is at least 20, the lowest possible value of parameter D is 40.
def r2(c: float, d: float) -> bool:
    if d / c >= 2:
        return True
    else:
        return False


        
Input text:
Textual context: Driving time should be less than or equal to the total operation time.
The payload must not exceed the load carried by axle 3.";"Driving time should be less than or equal to the total operation time.
The payload must not exceed the load carried by axle 3.";2;[['driving time', 'total operation time'], ['payload', 'axle 3 load']];Llama-8;"def r1(driving_time: float, total_operation_time: float) -> bool:
    if driving_time <= total_operation_time:
        return True
    else:
        return False

def r2(payload: float, load_axle3: float) -> bool:
    if payload <= load_axle3:
        return True
    else:
        return False

def r3(arg1: float, arg2: float, arg3: float, arg4: float):
    return not(r1(arg1, arg2) and r2(arg3, arg4)), r1(arg1, arg2), r2(arg3, arg4)";Correct syntax;['True, True, False', 'False, True, True', 'True, False, True'];['True, True, False', 'False, True, True', 'True, False, True']
"System Message:
        You are a logician with a background in mathematics that translates natural language
        reasoning text to Python3 code so that these natural language reasoning problems can be solved.
        During the translation, please pay close attention to defining variables and rules.
        Do not add any comments from you.
        Be guided by the following example:
        Example input text:
        Textual context: If the parameter A's value is at least 20, the lowest possible value of parameter B is 5.
If the parameter C's value is at least 20, the lowest possible value of parameter D is 40.

        Example Python3 code:
        # If the parameter A's value is at least 20, the lowest possible value of parameter B is 5.
def r1(a: float, b: float) -> bool:
    if b / a >= 0.25:
        return True
    else:
        return False

# If the parameter C's value is at least 20, the lowest possible value of parameter D is 40.
def r2(c: float, d: float) -> bool:
    if d / c >= 2:
        return True
    else:
        return False


        
Input text:
Textual context: The total operation duration must not be lower than the PTO operation time.
Axle 2's load must always be equal to or greater than the payload.";"The total operation duration must not be lower than the PTO operation time.
Axle 2's load must always be equal to or greater than the payload.";2;[['total operation time', 'PTO operation time'], ['axle 2 load', 'payload']];Llama-8;"def r1(total_operation_duration: float, pto_operation_time: float) -> bool:
    if total_operation_duration >= pto_operation_time:
        return True
    else:
        return False

def r2(axle2_load: float, payload: float) -> bool:
    if axle2_load >= payload:
        return True
    else:
        return False

def r3(arg1: float, arg2: float, arg3: float, arg4: float):
    return not(r1(arg1, arg2) and r2(arg3, arg4)), r1(arg1, arg2), r2(arg3, arg4)";Correct syntax;['True, True, False', 'False, True, True', 'True, False, True'];['True, True, False', 'False, True, True', 'True, False, True']
"System Message:
        You are a logician with a background in mathematics that translates natural language
        reasoning text to Python3 code so that these natural language reasoning problems can be solved.
        During the translation, please pay close attention to defining variables and rules.
        Do not add any comments from you.
        Be guided by the following example:
        Example input text:
        Textual context: If the parameter A's value is at least 20, the lowest possible value of parameter B is 5.
If the parameter C's value is at least 20, the lowest possible value of parameter D is 40.

        Example Python3 code:
        # If the parameter A's value is at least 20, the lowest possible value of parameter B is 5.
def r1(a: float, b: float) -> bool:
    if b / a >= 0.25:
        return True
    else:
        return False

# If the parameter C's value is at least 20, the lowest possible value of parameter D is 40.
def r2(c: float, d: float) -> bool:
    if d / c >= 2:
        return True
    else:
        return False


        
Input text:
Textual context: The payload cannot exceed the capacity of axle 3.
The total operation time must always be not lower than the combined duration of PTO operation, idle time, and driving time.";"The payload cannot exceed the capacity of axle 3.
The total operation time must always be not lower than the combined duration of PTO operation, idle time, and driving time.";2;[['payload', 'axle 3 load'], ['total operation time', 'PTO operation time', 'idle time', 'driving time']];Llama-8;"def r1(payload: float, axle3: float) -> bool:
    if payload <= axle3:
        return True
    else:
        return False

def r2(PTO: float, idle: float, driving: float, total: float) -> bool:
    if PTO + idle + driving >= total:
        return True
    else:
        return False

def r3(arg1: float, arg2: float, arg3: float, arg4: float, arg5: float, arg6: float):
    return not(r1(arg1, arg2) and r2(arg3, arg4, arg5, arg6)), r1(arg1, arg2), r2(arg3, arg4, arg5, arg6)";Correct syntax;['True, False, True', 'False, True, True', 'True, True, False'];['True, False, True', 'False, True, True', 'False, True, True']
"System Message:
        You are a logician with a background in mathematics that translates natural language
        reasoning text to Python3 code so that these natural language reasoning problems can be solved.
        During the translation, please pay close attention to defining variables and rules.
        Do not add any comments from you.
        Be guided by the following example:
        Example input text:
        Textual context: If the parameter A's value is at least 20, the lowest possible value of parameter B is 5.
If the parameter C's value is at least 20, the lowest possible value of parameter D is 40.

        Example Python3 code:
        # If the parameter A's value is at least 20, the lowest possible value of parameter B is 5.
def r1(a: float, b: float) -> bool:
    if b / a >= 0.25:
        return True
    else:
        return False

# If the parameter C's value is at least 20, the lowest possible value of parameter D is 40.
def r2(c: float, d: float) -> bool:
    if d / c >= 2:
        return True
    else:
        return False


        
Input text:
Textual context: Idle time should be less than or equal to the total operation time.
The load on axle 1 must not surpass the load on axle 2.";"Idle time should be less than or equal to the total operation time.
The load on axle 1 must not surpass the load on axle 2.";2;[['idle time', 'total operation time'], ['axle 1 load', 'axle 2 load']];Llama-8;"def r1(idle_time: float, total_operation_time: float) -> bool:
    if idle_time <= total_operation_time:
        return True
    else:
        return False

def r2(axle1_load: float, axle2_load: float) -> bool:
    if axle1_load <= axle2_load:
        return True
    else:
        return False

def r3(arg1: float, arg2: float, arg3: float, arg4: float):
    return not(r1(arg1, arg2) and r2(arg3, arg4)), r1(arg1, arg2), r2(arg3, arg4)";Correct syntax;['True, True, False', 'False, True, True', 'True, False, True'];['True, True, False', 'False, True, True', 'True, False, True']
"System Message:
        You are a logician with a background in mathematics that translates natural language
        reasoning text to Python3 code so that these natural language reasoning problems can be solved.
        During the translation, please pay close attention to defining variables and rules.
        Do not add any comments from you.
        Be guided by the following example:
        Example input text:
        Textual context: If the parameter A's value is at least 20, the lowest possible value of parameter B is 5.
If the parameter C's value is at least 20, the lowest possible value of parameter D is 40.

        Example Python3 code:
        # If the parameter A's value is at least 20, the lowest possible value of parameter B is 5.
def r1(a: float, b: float) -> bool:
    if b / a >= 0.25:
        return True
    else:
        return False

# If the parameter C's value is at least 20, the lowest possible value of parameter D is 40.
def r2(c: float, d: float) -> bool:
    if d / c >= 2:
        return True
    else:
        return False


        
Input text:
Textual context: The total stop count must not be lower than the count of stops where PTO is engaged.
The weight on axle 1 cannot surpass the weight on axle 2.";"The total stop count must not be lower than the count of stops where PTO is engaged.
The weight on axle 1 cannot surpass the weight on axle 2.";2;[['stops', 'stops with PTO engaged'], ['axle 1 load', 'axle 2 load']];Llama-8;"def r1(total_stops: int, pto_stops: int) -> bool:
    if total_stops >= pto_stops:
        return True
    else:
        return False

def r2(axle1_weight: float, axle2_weight: float) -> bool:
    if axle1_weight <= axle2_weight:
        return True
    else:
        return False

def r3(arg1: float, arg2: float, arg3: float, arg4: float):
    return not(r1(arg1, arg2) and r2(arg3, arg4)), r1(arg1, arg2), r2(arg3, arg4)";Correct syntax;['True, True, False', 'False, True, True', 'True, False, True'];['True, True, False', 'False, True, True', 'True, False, True']
"System Message:
        You are a logician with a background in mathematics that translates natural language
        reasoning text to Python3 code so that these natural language reasoning problems can be solved.
        During the translation, please pay close attention to defining variables and rules.
        Do not add any comments from you.
        Be guided by the following example:
        Example input text:
        Textual context: If the parameter A's value is at least 20, the lowest possible value of parameter B is 5.
If the parameter C's value is at least 20, the lowest possible value of parameter D is 40.

        Example Python3 code:
        # If the parameter A's value is at least 20, the lowest possible value of parameter B is 5.
def r1(a: float, b: float) -> bool:
    if b / a >= 0.25:
        return True
    else:
        return False

# If the parameter C's value is at least 20, the lowest possible value of parameter D is 40.
def r2(c: float, d: float) -> bool:
    if d / c >= 2:
        return True
    else:
        return False


        
Input text:
Textual context: Driving time should be less than or equal to the total operation time.
The weight on axle 1 cannot surpass the weight on axle 2.";"Driving time should be less than or equal to the total operation time.
The weight on axle 1 cannot surpass the weight on axle 2.";2;[['driving time', 'total operation time'], ['axle 1 load', 'axle 2 load']];Llama-8;"def r1(driving_time: float, total_operation_time: float) -> bool:
    if driving_time <= total_operation_time:
        return True
    else:
        return False

def r2(axle1_weight: float, axle2_weight: float) -> bool:
    if axle1_weight <= axle2_weight:
        return True
    else:
        return False

def r3(arg1: float, arg2: float, arg3: float, arg4: float):
    return not(r1(arg1, arg2) and r2(arg3, arg4)), r1(arg1, arg2), r2(arg3, arg4)";Correct syntax;['True, True, False', 'False, True, True', 'True, False, True'];['True, True, False', 'False, True, True', 'True, False, True']
"System Message:
        You are a logician with a background in mathematics that translates natural language
        reasoning text to Python3 code so that these natural language reasoning problems can be solved.
        During the translation, please pay close attention to defining variables and rules.
        Do not add any comments from you.
        Be guided by the following example:
        Example input text:
        Textual context: If the parameter A's value is at least 20, the lowest possible value of parameter B is 5.
If the parameter C's value is at least 20, the lowest possible value of parameter D is 40.

        Example Python3 code:
        # If the parameter A's value is at least 20, the lowest possible value of parameter B is 5.
def r1(a: float, b: float) -> bool:
    if b / a >= 0.25:
        return True
    else:
        return False

# If the parameter C's value is at least 20, the lowest possible value of parameter D is 40.
def r2(c: float, d: float) -> bool:
    if d / c >= 2:
        return True
    else:
        return False


        
Input text:
Textual context: Stops with PTO engaged cannot outnumber the total stops.";Stops with PTO engaged cannot outnumber the total stops.;1;[['stops with PTO engaged', 'stops']];Llama-8;"def r1(total_stops: int, pto_stops: int) -> bool:
    if pto_stops >= total_stops:
        return False
    else:
        return True

def r2(arg1: float, arg2: float):
    return not(r1(arg1, arg2)), r1(arg1, arg2)";Correct syntax;['False, True', 'False, True', 'True, False'];['True, False', 'True, False', 'False, True']
"System Message:
        You are a logician with a background in mathematics that translates natural language
        reasoning text to Python3 code so that these natural language reasoning problems can be solved.
        During the translation, please pay close attention to defining variables and rules.
        Do not add any comments from you.
        Be guided by the following example:
        Example input text:
        Textual context: If the parameter A's value is at least 20, the lowest possible value of parameter B is 5.
If the parameter C's value is at least 20, the lowest possible value of parameter D is 40.

        Example Python3 code:
        # If the parameter A's value is at least 20, the lowest possible value of parameter B is 5.
def r1(a: float, b: float) -> bool:
    if b / a >= 0.25:
        return True
    else:
        return False

# If the parameter C's value is at least 20, the lowest possible value of parameter D is 40.
def r2(c: float, d: float) -> bool:
    if d / c >= 2:
        return True
    else:
        return False


        
Input text:
Textual context: The payload must always be smaller than or equal to the load on axle 2.";The payload must always be smaller than or equal to the load on axle 2.;1;[['payload', 'axle 2 load']];Llama-8;"def r1(payload: float, load_axle2: float) -> bool:
    if payload > load_axle2:
        return False
    else:
        return True

def r2(arg1: float, arg2: float):
    return not(r1(arg1, arg2)), r1(arg1, arg2)";Correct syntax;['True, False', 'False, True', 'False, True'];['True, False', 'False, True', 'False, True']
"System Message:
        You are a logician with a background in mathematics that translates natural language
        reasoning text to Python3 code so that these natural language reasoning problems can be solved.
        During the translation, please pay close attention to defining variables and rules.
        Do not add any comments from you.
        Be guided by the following example:
        Example input text:
        Textual context: If the parameter A's value is at least 20, the lowest possible value of parameter B is 5.
If the parameter C's value is at least 20, the lowest possible value of parameter D is 40.

        Example Python3 code:
        # If the parameter A's value is at least 20, the lowest possible value of parameter B is 5.
def r1(a: float, b: float) -> bool:
    if b / a >= 0.25:
        return True
    else:
        return False

# If the parameter C's value is at least 20, the lowest possible value of parameter D is 40.
def r2(c: float, d: float) -> bool:
    if d / c >= 2:
        return True
    else:
        return False


        
Input text:
Textual context: PTO operation time must be less than or equal to the total operation time.
Idle time should be less than or equal to the total operation time.";"PTO operation time must be less than or equal to the total operation time.
Idle time should be less than or equal to the total operation time.";2;[['PTO operation time', 'total operation time'], ['idle time', 'total operation time']];Llama-8;"def r1(pto: float, total: float) -> bool:
    if pto <= total:
        return True
    else:
        return False

def r2(idle: float, total: float) -> bool:
    if idle <= total:
        return True
    else:
        return False

def r3(arg1: float, arg2: float, arg3: float, arg4: float):
    return not(r1(arg1, arg2) and r2(arg3, arg4)), r1(arg1, arg2), r2(arg3, arg4)";Correct syntax;['False, True, True', 'False, True, True', 'True, False, False'];['False, True, True', 'False, True, True', 'True, False, False']
"System Message:
        You are a logician with a background in mathematics that translates natural language
        reasoning text to Python3 code so that these natural language reasoning problems can be solved.
        During the translation, please pay close attention to defining variables and rules.
        Do not add any comments from you.
        Be guided by the following example:
        Example input text:
        Textual context: If the parameter A's value is at least 20, the lowest possible value of parameter B is 5.
If the parameter C's value is at least 20, the lowest possible value of parameter D is 40.

        Example Python3 code:
        # If the parameter A's value is at least 20, the lowest possible value of parameter B is 5.
def r1(a: float, b: float) -> bool:
    if b / a >= 0.25:
        return True
    else:
        return False

# If the parameter C's value is at least 20, the lowest possible value of parameter D is 40.
def r2(c: float, d: float) -> bool:
    if d / c >= 2:
        return True
    else:
        return False


        
Input text:
Textual context: PTO operation time must be less than or equal to the total operation time.";PTO operation time must be less than or equal to the total operation time.;1;[['PTO operation time', 'total operation time']];Llama-8;"def r1(pto_operation_time: float, total_operation_time: float) -> bool:
    if pto_operation_time <= total_operation_time:
        return True
    else:
        return False

def r2(arg1: float, arg2: float):
    return not(r1(arg1, arg2)), r1(arg1, arg2)";Correct syntax;['False, True', 'False, True', 'True, False'];['False, True', 'False, True', 'True, False']
"System Message:
        You are a logician with a background in mathematics that translates natural language
        reasoning text to Python3 code so that these natural language reasoning problems can be solved.
        During the translation, please pay close attention to defining variables and rules.
        Do not add any comments from you.
        Be guided by the following example:
        Example input text:
        Textual context: If the parameter A's value is at least 20, the lowest possible value of parameter B is 5.
If the parameter C's value is at least 20, the lowest possible value of parameter D is 40.

        Example Python3 code:
        # If the parameter A's value is at least 20, the lowest possible value of parameter B is 5.
def r1(a: float, b: float) -> bool:
    if b / a >= 0.25:
        return True
    else:
        return False

# If the parameter C's value is at least 20, the lowest possible value of parameter D is 40.
def r2(c: float, d: float) -> bool:
    if d / c >= 2:
        return True
    else:
        return False


        
Input text:
Textual context: Total operation time shouldn’t be lower than PTO operation time.
Driving time should be less than or equal to the total operation time.";"Total operation time shouldn’t be lower than PTO operation time.
Driving time should be less than or equal to the total operation time.";2;[['total operation time', 'PTO operation time'], ['driving time', 'total operation time']];Llama-8;"def r1(pto: float, tot: float) -> bool:
    if tot >= pto:
        return True
    else:
        return False

def r2(driving: float, tot: float) -> bool:
    if driving <= tot:
        return True
    else:
        return False

def r3(arg1: float, arg2: float, arg3: float, arg4: float):
    return not(r1(arg1, arg2) and r2(arg3, arg4)), r1(arg1, arg2), r2(arg3, arg4)";Correct syntax;['False, True, True', 'False, True, True', 'True, False, False'];['True, False, True', 'False, True, True', 'True, True, False']
"System Message:
        You are a logician with a background in mathematics that translates natural language
        reasoning text to Python3 code so that these natural language reasoning problems can be solved.
        During the translation, please pay close attention to defining variables and rules.
        Do not add any comments from you.
        Be guided by the following example:
        Example input text:
        Textual context: If the parameter A's value is at least 20, the lowest possible value of parameter B is 5.
If the parameter C's value is at least 20, the lowest possible value of parameter D is 40.

        Example Python3 code:
        # If the parameter A's value is at least 20, the lowest possible value of parameter B is 5.
def r1(a: float, b: float) -> bool:
    if b / a >= 0.25:
        return True
    else:
        return False

# If the parameter C's value is at least 20, the lowest possible value of parameter D is 40.
def r2(c: float, d: float) -> bool:
    if d / c >= 2:
        return True
    else:
        return False


        
Input text:
Textual context: Driving time should be less than or equal to the total operation time.
The payload must always be smaller than or equal to the load on axle 2.";"Driving time should be less than or equal to the total operation time.
The payload must always be smaller than or equal to the load on axle 2.";2;[['driving time', 'total operation time'], ['payload', 'axle 2 load']];Llama-8;"def r1(driving_time: float, total_operation_time: float) -> bool:
    if driving_time <= total_operation_time:
        return True
    else:
        return False

def r2(payload: float, load_on_axle2: float) -> bool:
    if payload <= load_on_axle2:
        return True
    else:
        return False

def r3(arg1: float, arg2: float, arg3: float, arg4: float):
    return not(r1(arg1, arg2) and r2(arg3, arg4)), r1(arg1, arg2), r2(arg3, arg4)";Correct syntax;['True, True, False', 'False, True, True', 'True, False, True'];['True, True, False', 'False, True, True', 'True, False, True']
"System Message:
        You are a logician with a background in mathematics that translates natural language
        reasoning text to Python3 code so that these natural language reasoning problems can be solved.
        During the translation, please pay close attention to defining variables and rules.
        Do not add any comments from you.
        Be guided by the following example:
        Example input text:
        Textual context: If the parameter A's value is at least 20, the lowest possible value of parameter B is 5.
If the parameter C's value is at least 20, the lowest possible value of parameter D is 40.

        Example Python3 code:
        # If the parameter A's value is at least 20, the lowest possible value of parameter B is 5.
def r1(a: float, b: float) -> bool:
    if b / a >= 0.25:
        return True
    else:
        return False

# If the parameter C's value is at least 20, the lowest possible value of parameter D is 40.
def r2(c: float, d: float) -> bool:
    if d / c >= 2:
        return True
    else:
        return False


        
Input text:
Textual context: Driving time must always be less than or equal to the total operation time.";Driving time must always be less than or equal to the total operation time.;1;[['driving time', 'total operation time']];Llama-8;"def r1(driving_time: float, operation_time: float) -> bool:
    if driving_time <= operation_time:
        return True
    else:
        return False

def r2(arg1: float, arg2: float):
    return not(r1(arg1, arg2)), r1(arg1, arg2)";Correct syntax;['False, True', 'False, True', 'True, False'];['False, True', 'False, True', 'True, False']
"System Message:
        You are a logician with a background in mathematics that translates natural language
        reasoning text to Python3 code so that these natural language reasoning problems can be solved.
        During the translation, please pay close attention to defining variables and rules.
        Do not add any comments from you.
        Be guided by the following example:
        Example input text:
        Textual context: If the parameter A's value is at least 20, the lowest possible value of parameter B is 5.
If the parameter C's value is at least 20, the lowest possible value of parameter D is 40.

        Example Python3 code:
        # If the parameter A's value is at least 20, the lowest possible value of parameter B is 5.
def r1(a: float, b: float) -> bool:
    if b / a >= 0.25:
        return True
    else:
        return False

# If the parameter C's value is at least 20, the lowest possible value of parameter D is 40.
def r2(c: float, d: float) -> bool:
    if d / c >= 2:
        return True
    else:
        return False


        
Input text:
Textual context: Axle 3's load must always be equal to or greater than the payload.";Axle 3's load must always be equal to or greater than the payload.;1;[['axle 3 load', 'payload']];Llama-8;"def r1(payload: float, load: float) -> bool:
    if load >= payload:
        return True
    else:
        return False

def r2(arg1: float, arg2: float):
    return not(r1(arg1, arg2)), r1(arg1, arg2)";Correct syntax;['True, False', 'False, True', 'False, True'];['False, True', 'False, True', 'True, False']
"System Message:
        You are a logician with a background in mathematics that translates natural language
        reasoning text to Python3 code so that these natural language reasoning problems can be solved.
        During the translation, please pay close attention to defining variables and rules.
        Do not add any comments from you.
        Be guided by the following example:
        Example input text:
        Textual context: If the parameter A's value is at least 20, the lowest possible value of parameter B is 5.
If the parameter C's value is at least 20, the lowest possible value of parameter D is 40.

        Example Python3 code:
        # If the parameter A's value is at least 20, the lowest possible value of parameter B is 5.
def r1(a: float, b: float) -> bool:
    if b / a >= 0.25:
        return True
    else:
        return False

# If the parameter C's value is at least 20, the lowest possible value of parameter D is 40.
def r2(c: float, d: float) -> bool:
    if d / c >= 2:
        return True
    else:
        return False


        
Input text:
Textual context: Total operation time shouldn’t be lower than idle time.
Stops with PTO engaged cannot outnumber the total stops.";"Total operation time shouldn’t be lower than idle time.
Stops with PTO engaged cannot outnumber the total stops.";2;[['total operation time', 'idle time'], ['stops with PTO engaged', 'stops']];Llama-8;"def r1(op_time: float, idle_time: float) -> bool:
    if op_time >= idle_time:
        return True
    else:
        return False

def r2(pto_stops: int, total_stops: int) -> bool:
    if pto_stops <= total_stops:
        return True
    else:
        return False

def r3(arg1: float, arg2: float, arg3: float, arg4: float):
    return not(r1(arg1, arg2) and r2(arg3, arg4)), r1(arg1, arg2), r2(arg3, arg4)";Correct syntax;['False, True, True', 'False, True, True', 'True, False, False'];['False, True, True', 'False, True, True', 'True, False, False']
"System Message:
        You are a logician with a background in mathematics that translates natural language
        reasoning text to Python3 code so that these natural language reasoning problems can be solved.
        During the translation, please pay close attention to defining variables and rules.
        Do not add any comments from you.
        Be guided by the following example:
        Example input text:
        Textual context: If the parameter A's value is at least 20, the lowest possible value of parameter B is 5.
If the parameter C's value is at least 20, the lowest possible value of parameter D is 40.

        Example Python3 code:
        # If the parameter A's value is at least 20, the lowest possible value of parameter B is 5.
def r1(a: float, b: float) -> bool:
    if b / a >= 0.25:
        return True
    else:
        return False

# If the parameter C's value is at least 20, the lowest possible value of parameter D is 40.
def r2(c: float, d: float) -> bool:
    if d / c >= 2:
        return True
    else:
        return False


        
Input text:
Textual context: PTO-engaged stops cannot exceed the total number of stops.
Payload must remain below or equal to the load carried by axle 2.";"PTO-engaged stops cannot exceed the total number of stops.
Payload must remain below or equal to the load carried by axle 2.";2;[['stops with PTO engaged', 'stops'], ['payload', 'axle 2 load']];Llama-8;"def r1(pto_stops: int, total_stops: int) -> bool:
    if pto_stops <= total_stops:
        return True
    else:
        return False

def r2(payload: float, axle2_load: float) -> bool:
    if payload <= axle2_load:
        return True
    else:
        return False

def r3(arg1: float, arg2: float, arg3: float, arg4: float):
    return not(r1(arg1, arg2) and r2(arg3, arg4)), r1(arg1, arg2), r2(arg3, arg4)";Correct syntax;['True, True, False', 'False, True, True', 'True, False, True'];['True, True, False', 'False, True, True', 'True, False, True']
"System Message:
        You are a logician with a background in mathematics that translates natural language
        reasoning text to Python3 code so that these natural language reasoning problems can be solved.
        During the translation, please pay close attention to defining variables and rules.
        Do not add any comments from you.
        Be guided by the following example:
        Example input text:
        Textual context: If the parameter A's value is at least 20, the lowest possible value of parameter B is 5.
If the parameter C's value is at least 20, the lowest possible value of parameter D is 40.

        Example Python3 code:
        # If the parameter A's value is at least 20, the lowest possible value of parameter B is 5.
def r1(a: float, b: float) -> bool:
    if b / a >= 0.25:
        return True
    else:
        return False

# If the parameter C's value is at least 20, the lowest possible value of parameter D is 40.
def r2(c: float, d: float) -> bool:
    if d / c >= 2:
        return True
    else:
        return False


        
Input text:
Textual context: Idle time must always be less than or equal to the total operation time.
Payload must remain below or equal to the load carried by axle 2.";"Idle time must always be less than or equal to the total operation time.
Payload must remain below or equal to the load carried by axle 2.";2;[['idle time', 'total operation time'], ['payload', 'axle 2 load']];Llama-8;"def r1(idle_time: float, total_operation_time: float) -> bool:
    if idle_time <= total_operation_time:
        return True
    else:
        return False

def r2(payload: float, load_axle2: float) -> bool:
    if payload <= load_axle2:
        return True
    else:
        return False

def r3(arg1: float, arg2: float, arg3: float, arg4: float):
    return not(r1(arg1, arg2) and r2(arg3, arg4)), r1(arg1, arg2), r2(arg3, arg4)";Correct syntax;['True, True, False', 'False, True, True', 'True, False, True'];['True, True, False', 'False, True, True', 'True, False, True']
"System Message:
        You are a logician with a background in mathematics that translates natural language
        reasoning text to Python3 code so that these natural language reasoning problems can be solved.
        During the translation, please pay close attention to defining variables and rules.
        Do not add any comments from you.
        Be guided by the following example:
        Example input text:
        Textual context: If the parameter A's value is at least 20, the lowest possible value of parameter B is 5.
If the parameter C's value is at least 20, the lowest possible value of parameter D is 40.

        Example Python3 code:
        # If the parameter A's value is at least 20, the lowest possible value of parameter B is 5.
def r1(a: float, b: float) -> bool:
    if b / a >= 0.25:
        return True
    else:
        return False

# If the parameter C's value is at least 20, the lowest possible value of parameter D is 40.
def r2(c: float, d: float) -> bool:
    if d / c >= 2:
        return True
    else:
        return False


        
Input text:
Textual context: The load carried by axle 1 must be smaller than or equal to the load on axle 2.
The payload cannot exceed the capacity of axle 2.";"The load carried by axle 1 must be smaller than or equal to the load on axle 2.
The payload cannot exceed the capacity of axle 2.";2;[['axle 1 load', 'axle 2 load'], ['payload', 'axle 2 load']];Llama-8;"def r1(l1: float, l2: float) -> bool:
    if l1 <= l2:
        return True
    else:
        return False

def r2(p: float, l2: float) -> bool:
    if p <= l2:
        return True
    else:
        return False

def r3(arg1: float, arg2: float, arg3: float, arg4: float):
    return not(r1(arg1, arg2) and r2(arg3, arg4)), r1(arg1, arg2), r2(arg3, arg4)";Correct syntax;['True, False, False', 'False, True, True', 'False, True, True'];['True, False, False', 'False, True, True', 'False, True, True']
"System Message:
        You are a logician with a background in mathematics that translates natural language
        reasoning text to Python3 code so that these natural language reasoning problems can be solved.
        During the translation, please pay close attention to defining variables and rules.
        Do not add any comments from you.
        Be guided by the following example:
        Example input text:
        Textual context: If the parameter A's value is at least 20, the lowest possible value of parameter B is 5.
If the parameter C's value is at least 20, the lowest possible value of parameter D is 40.
Parameter E's value cannot be less than parameter F's value.

        Example Python3 code:
        # If the parameter A's value is at least 20, the lowest possible value of parameter B is 5.
def r1(a: float, b: float) -> bool:
    if b / a >= 0.25:
        return True
    else:
        return False

# If the parameter C's value is at least 20, the lowest possible value of parameter D is 40.
def r2(c: float, d: float) -> bool:
    if d / c >= 2:
        return True
    else:
        return False

# Parameter E's value cannot be less than parameter F's value.
def r3(e: float, f: float) -> bool:
    if e >= f:
        return True
    else:
        return False


        
Input text:
Textual context: Idle time should be less than or equal to the total operation time.
The weight on axle 1 cannot surpass the weight on axle 3.";"Idle time should be less than or equal to the total operation time.
The weight on axle 1 cannot surpass the weight on axle 3.";2;[['idle time', 'total operation time'], ['axle 1 load', 'axle 3 load']];Llama-8;"def r1(idle: float, operation: float) -> bool:
    if idle <= operation:
        return True
    else:
        return False

def r2(axle1: float, axle3: float) -> bool:
    if axle1 <= axle3:
        return True
    else:
        return False

def r3(arg1: float, arg2: float, arg3: float, arg4: float):
    return not(r1(arg1, arg2) and r2(arg3, arg4)), r1(arg1, arg2), r2(arg3, arg4)";Correct syntax;['True, True, False', 'False, True, True', 'True, False, True'];['True, True, False', 'False, True, True', 'True, False, True']
"System Message:
        You are a logician with a background in mathematics that translates natural language
        reasoning text to Python3 code so that these natural language reasoning problems can be solved.
        During the translation, please pay close attention to defining variables and rules.
        Do not add any comments from you.
        Be guided by the following example:
        Example input text:
        Textual context: If the parameter A's value is at least 20, the lowest possible value of parameter B is 5.
If the parameter C's value is at least 20, the lowest possible value of parameter D is 40.
Parameter E's value cannot be less than parameter F's value.

        Example Python3 code:
        # If the parameter A's value is at least 20, the lowest possible value of parameter B is 5.
def r1(a: float, b: float) -> bool:
    if b / a >= 0.25:
        return True
    else:
        return False

# If the parameter C's value is at least 20, the lowest possible value of parameter D is 40.
def r2(c: float, d: float) -> bool:
    if d / c >= 2:
        return True
    else:
        return False

# Parameter E's value cannot be less than parameter F's value.
def r3(e: float, f: float) -> bool:
    if e >= f:
        return True
    else:
        return False


        
Input text:
Textual context: Total operation time should shouldn’t be lower than driving time.";Total operation time should shouldn’t be lower than driving time.;1;[['total operation time', 'driving time']];Llama-8;"def r1(operation_time: float, driving_time: float) -> bool:
    if operation_time >= driving_time:
        return True
    else:
        return False

def r2(arg1: float, arg2: float):
    return not(r1(arg1, arg2)), r1(arg1, arg2)";Correct syntax;['False, True', 'False, True', 'True, False'];['False, True', 'False, True', 'True, False']
"System Message:
        You are a logician with a background in mathematics that translates natural language
        reasoning text to Python3 code so that these natural language reasoning problems can be solved.
        During the translation, please pay close attention to defining variables and rules.
        Do not add any comments from you.
        Be guided by the following example:
        Example input text:
        Textual context: If the parameter A's value is at least 20, the lowest possible value of parameter B is 5.
If the parameter C's value is at least 20, the lowest possible value of parameter D is 40.
Parameter E's value cannot be less than parameter F's value.

        Example Python3 code:
        # If the parameter A's value is at least 20, the lowest possible value of parameter B is 5.
def r1(a: float, b: float) -> bool:
    if b / a >= 0.25:
        return True
    else:
        return False

# If the parameter C's value is at least 20, the lowest possible value of parameter D is 40.
def r2(c: float, d: float) -> bool:
    if d / c >= 2:
        return True
    else:
        return False

# Parameter E's value cannot be less than parameter F's value.
def r3(e: float, f: float) -> bool:
    if e >= f:
        return True
    else:
        return False


        
Input text:
Textual context: Idle time should be less than or equal to the total operation time.
Total operation time should shouldn’t be lower than driving time.
The load on axle 1 must not surpass the load on axle 2.";"Idle time should be less than or equal to the total operation time.
Total operation time should shouldn’t be lower than driving time.
The load on axle 1 must not surpass the load on axle 2.";3;[['idle time', 'total operation time'], ['total operation time', 'driving time'], ['axle 1 load', 'axle 2 load']];Llama-8;"def r1(idle_time: float, total_operation_time: float) -> bool:
    if idle_time <= total_operation_time:
        return True
    else:
        return False

def r2(total_operation_time: float, driving_time: float) -> bool:
    if total_operation_time >= driving_time:
        return True
    else:
        return False

def r3(load_axle1: float, load_axle2: float) -> bool:
    if load_axle1 <= load_axle2:
        return True
    else:
        return False

def r4(arg1: float, arg2: float, arg3: float, arg4: float, arg5: float, arg6: float):
    return not(r1(arg1, arg2) and r2(arg3, arg4) and r3(arg5, arg6)), r1(arg1, arg2), r2(arg3, arg4), r3(arg5, arg6)";Correct syntax;['True, True, True, False', 'False, True, True, True', 'True, False, False, True'];['True, True, True, False', 'False, True, True, True', 'True, False, False, True']
"System Message:
        You are a logician with a background in mathematics that translates natural language
        reasoning text to Python3 code so that these natural language reasoning problems can be solved.
        During the translation, please pay close attention to defining variables and rules.
        Do not add any comments from you.
        Be guided by the following example:
        Example input text:
        Textual context: If the parameter A's value is at least 20, the lowest possible value of parameter B is 5.
If the parameter C's value is at least 20, the lowest possible value of parameter D is 40.
Parameter E's value cannot be less than parameter F's value.

        Example Python3 code:
        # If the parameter A's value is at least 20, the lowest possible value of parameter B is 5.
def r1(a: float, b: float) -> bool:
    if b / a >= 0.25:
        return True
    else:
        return False

# If the parameter C's value is at least 20, the lowest possible value of parameter D is 40.
def r2(c: float, d: float) -> bool:
    if d / c >= 2:
        return True
    else:
        return False

# Parameter E's value cannot be less than parameter F's value.
def r3(e: float, f: float) -> bool:
    if e >= f:
        return True
    else:
        return False


        
Input text:
Textual context: The load supported by axle 1 cannot exceed that of axle 2.
The load carried by axle 1 must be smaller than or equal to the load on axle 3.
The payload cannot exceed the capacity of axle 3.";"The load supported by axle 1 cannot exceed that of axle 2.
The load carried by axle 1 must be smaller than or equal to the load on axle 3.
The payload cannot exceed the capacity of axle 3.";3;[['axle 1 load', 'axle 2 load'], ['axle 1 load', 'axle 3 load'], ['payload', 'axle 3 load']];Llama-8;"def r1(a1: float, a2: float) -> bool:
    if a1 <= a2:
        return True
    else:
        return False

def r2(a1: float, a3: float) -> bool:
    if a1 <= a3:
        return True
    else:
        return False

def r3(p: float, a3: float) -> bool:
    if p <= a3:
        return True
    else:
        return False

def r4(arg1: float, arg2: float, arg3: float, arg4: float, arg5: float, arg6: float):
    return not(r1(arg1, arg2) and r2(arg3, arg4) and r3(arg5, arg6)), r1(arg1, arg2), r2(arg3, arg4), r3(arg5, arg6)";Correct syntax;['True, False, False, False', 'False, True, True, True', 'False, True, True, True'];['True, False, False, False', 'False, True, True, True', 'False, True, True, True']
"System Message:
        You are a logician with a background in mathematics that translates natural language
        reasoning text to Python3 code so that these natural language reasoning problems can be solved.
        During the translation, please pay close attention to defining variables and rules.
        Do not add any comments from you.
        Be guided by the following example:
        Example input text:
        Textual context: If the parameter A's value is at least 20, the lowest possible value of parameter B is 5.
If the parameter C's value is at least 20, the lowest possible value of parameter D is 40.
Parameter E's value cannot be less than parameter F's value.

        Example Python3 code:
        # If the parameter A's value is at least 20, the lowest possible value of parameter B is 5.
def r1(a: float, b: float) -> bool:
    if b / a >= 0.25:
        return True
    else:
        return False

# If the parameter C's value is at least 20, the lowest possible value of parameter D is 40.
def r2(c: float, d: float) -> bool:
    if d / c >= 2:
        return True
    else:
        return False

# Parameter E's value cannot be less than parameter F's value.
def r3(e: float, f: float) -> bool:
    if e >= f:
        return True
    else:
        return False


        
Input text:
Textual context: The total operation durationmust not be lower than the driving time.
Axle 2's load must always be equal to or greater than the payload.";"The total operation durationmust not be lower than the driving time.
Axle 2's load must always be equal to or greater than the payload.";2;[['total operation time', 'driving time'], ['axle 2 load', 'payload']];Llama-8;"def r1(total_operation_duration: float, driving_time: float) -> bool:
    if total_operation_duration >= driving_time:
        return True
    else:
        return False

def r2(axle2_load: float, payload: float) -> bool:
    if axle2_load >= payload:
        return True
    else:
        return False

def r3(arg1: float, arg2: float, arg3: float, arg4: float):
    return not(r1(arg1, arg2) and r2(arg3, arg4)), r1(arg1, arg2), r2(arg3, arg4)";Correct syntax;['True, True, False', 'False, True, True', 'True, False, True'];['True, True, False', 'False, True, True', 'True, False, True']
"System Message:
        You are a logician with a background in mathematics that translates natural language
        reasoning text to Python3 code so that these natural language reasoning problems can be solved.
        During the translation, please pay close attention to defining variables and rules.
        Do not add any comments from you.
        Be guided by the following example:
        Example input text:
        Textual context: If the parameter A's value is at least 20, the lowest possible value of parameter B is 5.
If the parameter C's value is at least 20, the lowest possible value of parameter D is 40.
Parameter E's value cannot be less than parameter F's value.

        Example Python3 code:
        # If the parameter A's value is at least 20, the lowest possible value of parameter B is 5.
def r1(a: float, b: float) -> bool:
    if b / a >= 0.25:
        return True
    else:
        return False

# If the parameter C's value is at least 20, the lowest possible value of parameter D is 40.
def r2(c: float, d: float) -> bool:
    if d / c >= 2:
        return True
    else:
        return False

# Parameter E's value cannot be less than parameter F's value.
def r3(e: float, f: float) -> bool:
    if e >= f:
        return True
    else:
        return False


        
Input text:
Textual context: Driving time should be less than or equal to the total operation time.
The load carried by axle 1 must be smaller than or equal to the load on axle 3.";"Driving time should be less than or equal to the total operation time.
The load carried by axle 1 must be smaller than or equal to the load on axle 3.";2;[['driving time', 'total operation time'], ['axle 1 load', 'axle 3 load']];Llama-8;"def r1(driving_time: float, operation_time: float) -> bool:
    if driving_time <= operation_time:
        return True
    else:
        return False

def r2(axle1: float, axle3: float) -> bool:
    if axle1 <= axle3:
        return True
    else:
        return False

def r3(arg1: float, arg2: float, arg3: float, arg4: float):
    return not(r1(arg1, arg2) and r2(arg3, arg4)), r1(arg1, arg2), r2(arg3, arg4)";Correct syntax;['True, True, False', 'False, True, True', 'True, False, True'];['True, True, False', 'False, True, True', 'True, False, True']
"System Message:
        You are a logician with a background in mathematics that translates natural language
        reasoning text to Python3 code so that these natural language reasoning problems can be solved.
        During the translation, please pay close attention to defining variables and rules.
        Do not add any comments from you.
        Be guided by the following example:
        Example input text:
        Textual context: If the parameter A's value is at least 20, the lowest possible value of parameter B is 5.
If the parameter C's value is at least 20, the lowest possible value of parameter D is 40.
Parameter E's value cannot be less than parameter F's value.

        Example Python3 code:
        # If the parameter A's value is at least 20, the lowest possible value of parameter B is 5.
def r1(a: float, b: float) -> bool:
    if b / a >= 0.25:
        return True
    else:
        return False

# If the parameter C's value is at least 20, the lowest possible value of parameter D is 40.
def r2(c: float, d: float) -> bool:
    if d / c >= 2:
        return True
    else:
        return False

# Parameter E's value cannot be less than parameter F's value.
def r3(e: float, f: float) -> bool:
    if e >= f:
        return True
    else:
        return False


        
Input text:
Textual context: Total operation time shouldn’t be lower than PTO operation time.";Total operation time shouldn’t be lower than PTO operation time.;1;[['total operation time', 'PTO operation time']];Llama-8;"def r1(total_time: float, pto_time: float) -> bool:
    if total_time >= pto_time:
        return True
    else:
        return False

def r2(arg1: float, arg2: float):
    return not(r1(arg1, arg2)), r1(arg1, arg2)";Correct syntax;['False, True', 'False, True', 'True, False'];['False, True', 'False, True', 'True, False']
"System Message:
        You are a logician with a background in mathematics that translates natural language
        reasoning text to Python3 code so that these natural language reasoning problems can be solved.
        During the translation, please pay close attention to defining variables and rules.
        Do not add any comments from you.
        Be guided by the following example:
        Example input text:
        Textual context: If the parameter A's value is at least 20, the lowest possible value of parameter B is 5.
If the parameter C's value is at least 20, the lowest possible value of parameter D is 40.
Parameter E's value cannot be less than parameter F's value.

        Example Python3 code:
        # If the parameter A's value is at least 20, the lowest possible value of parameter B is 5.
def r1(a: float, b: float) -> bool:
    if b / a >= 0.25:
        return True
    else:
        return False

# If the parameter C's value is at least 20, the lowest possible value of parameter D is 40.
def r2(c: float, d: float) -> bool:
    if d / c >= 2:
        return True
    else:
        return False

# Parameter E's value cannot be less than parameter F's value.
def r3(e: float, f: float) -> bool:
    if e >= f:
        return True
    else:
        return False


        
Input text:
Textual context: PTO operation time should be less than or equal to the total operation time.
Driving time must always be less than or equal to the total operation time.
Stops with PTO engaged should never outnumber total stops.";"PTO operation time should be less than or equal to the total operation time.
Driving time must always be less than or equal to the total operation time.
Stops with PTO engaged should never outnumber total stops.";3;[['PTO operation time', 'total operation time'], ['driving time', 'total operation time'], ['stops with PTO engaged', 'stops']];Llama-8;"def r1(pto: float, total: float) -> bool:
    if pto <= total:
        return True
    else:
        return False

def r2(driving: float, total: float) -> bool:
    if driving <= total:
        return True
    else:
        return False

def r3(pto_stops: int, total_stops: int) -> bool:
    if pto_stops <= total_stops:
        return True
    else:
        return False

def r4(arg1: float, arg2: float, arg3: float, arg4: float, arg5: float, arg6: float):
    return not(r1(arg1, arg2) and r2(arg3, arg4) and r3(arg5, arg6)), r1(arg1, arg2), r2(arg3, arg4), r3(arg5, arg6)";Correct syntax;['False, True, True, True', 'False, True, True, True', 'True, False, False, False'];['False, True, True, True', 'False, True, True, True', 'True, False, False, False']
"System Message:
        You are a logician with a background in mathematics that translates natural language
        reasoning text to Python3 code so that these natural language reasoning problems can be solved.
        During the translation, please pay close attention to defining variables and rules.
        Do not add any comments from you.
        Be guided by the following example:
        Example input text:
        Textual context: If the parameter A's value is at least 20, the lowest possible value of parameter B is 5.
If the parameter C's value is at least 20, the lowest possible value of parameter D is 40.
Parameter E's value cannot be less than parameter F's value.

        Example Python3 code:
        # If the parameter A's value is at least 20, the lowest possible value of parameter B is 5.
def r1(a: float, b: float) -> bool:
    if b / a >= 0.25:
        return True
    else:
        return False

# If the parameter C's value is at least 20, the lowest possible value of parameter D is 40.
def r2(c: float, d: float) -> bool:
    if d / c >= 2:
        return True
    else:
        return False

# Parameter E's value cannot be less than parameter F's value.
def r3(e: float, f: float) -> bool:
    if e >= f:
        return True
    else:
        return False


        
Input text:
Textual context: The total operation duration must not be lower than the idle time.
The number of stops where PTO is engaged must not exceed the overall stop count.
Payload must remain below or equal to the load carried by axle 3.";"The total operation duration must not be lower than the idle time.
The number of stops where PTO is engaged must not exceed the overall stop count.
Payload must remain below or equal to the load carried by axle 3.";3;[['total operation time', 'idle time'], ['stops with PTO engaged', 'stops'], ['payload', 'axle 3 load']];Llama-8;"def r1(operation_duration: float, idle_time: float) -> bool:
    if operation_duration >= idle_time:
        return True
    else:
        return False

def r2(pto_stops: int, overall_stops: int) -> bool:
    if pto_stops <= overall_stops:
        return True
    else:
        return False

def r3(payload: float, axle3_load: float) -> bool:
    if payload <= axle3_load:
        return True
    else:
        return False

def r4(arg1: float, arg2: float, arg3: float, arg4: float, arg5: float, arg6: float):
    return not(r1(arg1, arg2) and r2(arg3, arg4) and r3(arg5, arg6)), r1(arg1, arg2), r2(arg3, arg4), r3(arg5, arg6)";Correct syntax;['True, True, True, False', 'False, True, True, True', 'True, False, False, True'];['True, True, True, False', 'False, True, True, True', 'True, False, False, True']
"System Message:
        You are a logician with a background in mathematics that translates natural language
        reasoning text to Python3 code so that these natural language reasoning problems can be solved.
        During the translation, please pay close attention to defining variables and rules.
        Do not add any comments from you.
        Be guided by the following example:
        Example input text:
        Textual context: If the parameter A's value is at least 20, the lowest possible value of parameter B is 5.
If the parameter C's value is at least 20, the lowest possible value of parameter D is 40.
Parameter E's value cannot be less than parameter F's value.

        Example Python3 code:
        # If the parameter A's value is at least 20, the lowest possible value of parameter B is 5.
def r1(a: float, b: float) -> bool:
    if b / a >= 0.25:
        return True
    else:
        return False

# If the parameter C's value is at least 20, the lowest possible value of parameter D is 40.
def r2(c: float, d: float) -> bool:
    if d / c >= 2:
        return True
    else:
        return False

# Parameter E's value cannot be less than parameter F's value.
def r3(e: float, f: float) -> bool:
    if e >= f:
        return True
    else:
        return False


        
Input text:
Textual context: Idle time must always be less than or equal to the total operation time.
The load on axle 1 must not surpass the load on axle 3.
Total operation time should be at least the sum of PTO, idle, and driving times.";"Idle time must always be less than or equal to the total operation time.
The load on axle 1 must not surpass the load on axle 3.
Total operation time should be at least the sum of PTO, idle, and driving times.";3;[['idle time', 'total operation time'], ['axle 1 load', 'axle 3 load'], ['total operation time', 'PTO operation time', 'idle time', 'driving time']];Llama-8;"def r1(idle: float, total_operation_time: float) -> bool:
    if idle <= total_operation_time:
        return True
    else:
        return False

def r2(axle1: float, axle3: float) -> bool:
    if axle1 <= axle3:
        return True
    else:
        return False

def r3(total_operation_time: float, pto: float, idle: float, driving: float) -> bool:
    if total_operation_time >= pto + idle + driving:
        return True
    else:
        return False

def r4(arg1: float, arg2: float, arg3: float, arg4: float, arg5: float, arg6: float, arg7: float, arg8: float):
    return not(r1(arg1, arg2) and r2(arg3, arg4) and r3(arg5, arg6, arg7, arg8)), r1(arg1, arg2), r2(arg3, arg4), r3(arg5, arg6, arg7, arg8)";Correct syntax;['True, True, False, True', 'False, True, True, True', 'True, False, True, False'];['True, True, False, True', 'False, True, True, True', 'True, False, True, False']
"System Message:
        You are a logician with a background in mathematics that translates natural language
        reasoning text to Python3 code so that these natural language reasoning problems can be solved.
        During the translation, please pay close attention to defining variables and rules.
        Do not add any comments from you.
        Be guided by the following example:
        Example input text:
        Textual context: If the parameter A's value is at least 20, the lowest possible value of parameter B is 5.
If the parameter C's value is at least 20, the lowest possible value of parameter D is 40.
Parameter E's value cannot be less than parameter F's value.

        Example Python3 code:
        # If the parameter A's value is at least 20, the lowest possible value of parameter B is 5.
def r1(a: float, b: float) -> bool:
    if b / a >= 0.25:
        return True
    else:
        return False

# If the parameter C's value is at least 20, the lowest possible value of parameter D is 40.
def r2(c: float, d: float) -> bool:
    if d / c >= 2:
        return True
    else:
        return False

# Parameter E's value cannot be less than parameter F's value.
def r3(e: float, f: float) -> bool:
    if e >= f:
        return True
    else:
        return False


        
Input text:
Textual context: The load supported by axle 1 cannot exceed that of axle 2.
Axle 2's load must always be equal to or greater than the payload.";"The load supported by axle 1 cannot exceed that of axle 2.
Axle 2's load must always be equal to or greater than the payload.";2;[['axle 1 load', 'axle 2 load'], ['axle 2 load', 'payload']];Llama-8;"def r1(axle1: float, axle2: float) -> bool:
    if axle1 <= axle2:
        return True
    else:
        return False

def r2(axle2: float, payload: float) -> bool:
    if axle2 >= payload:
        return True
    else:
        return False

def r3(arg1: float, arg2: float, arg3: float, arg4: float):
    return not(r1(arg1, arg2) and r2(arg3, arg4)), r1(arg1, arg2), r2(arg3, arg4)";Correct syntax;['True, False, False', 'False, True, True', 'False, True, True'];['True, False, False', 'False, True, True', 'False, True, True']
"System Message:
        You are a logician with a background in mathematics that translates natural language
        reasoning text to Python3 code so that these natural language reasoning problems can be solved.
        During the translation, please pay close attention to defining variables and rules.
        Do not add any comments from you.
        Be guided by the following example:
        Example input text:
        Textual context: If the parameter A's value is at least 20, the lowest possible value of parameter B is 5.
If the parameter C's value is at least 20, the lowest possible value of parameter D is 40.
Parameter E's value cannot be less than parameter F's value.

        Example Python3 code:
        # If the parameter A's value is at least 20, the lowest possible value of parameter B is 5.
def r1(a: float, b: float) -> bool:
    if b / a >= 0.25:
        return True
    else:
        return False

# If the parameter C's value is at least 20, the lowest possible value of parameter D is 40.
def r2(c: float, d: float) -> bool:
    if d / c >= 2:
        return True
    else:
        return False

# Parameter E's value cannot be less than parameter F's value.
def r3(e: float, f: float) -> bool:
    if e >= f:
        return True
    else:
        return False


        
Input text:
Textual context: PTO operation time cannot be greater than the total operation time.
The weight on axle 1 cannot surpass the weight on axle 3.";"PTO operation time cannot be greater than the total operation time.
The weight on axle 1 cannot surpass the weight on axle 3.";2;[['PTO operation time', 'total operation time'], ['axle 1 load', 'axle 3 load']];Llama-8;"def r1(pto: float, total: float) -> bool:
    if pto <= total:
        return True
    else:
        return False

def r2(axle1: float, axle3: float) -> bool:
    if axle1 <= axle3:
        return True
    else:
        return False

def r3(arg1: float, arg2: float, arg3: float, arg4: float):
    return not(r1(arg1, arg2) and r2(arg3, arg4)), r1(arg1, arg2), r2(arg3, arg4)";Correct syntax;['True, True, False', 'False, True, True', 'True, False, True'];['True, True, False', 'False, True, True', 'True, False, True']
"System Message:
        You are a logician with a background in mathematics that translates natural language
        reasoning text to Python3 code so that these natural language reasoning problems can be solved.
        During the translation, please pay close attention to defining variables and rules.
        Do not add any comments from you.
        Be guided by the following example:
        Example input text:
        Textual context: If the parameter A's value is at least 20, the lowest possible value of parameter B is 5.
If the parameter C's value is at least 20, the lowest possible value of parameter D is 40.
Parameter E's value cannot be less than parameter F's value.

        Example Python3 code:
        # If the parameter A's value is at least 20, the lowest possible value of parameter B is 5.
def r1(a: float, b: float) -> bool:
    if b / a >= 0.25:
        return True
    else:
        return False

# If the parameter C's value is at least 20, the lowest possible value of parameter D is 40.
def r2(c: float, d: float) -> bool:
    if d / c >= 2:
        return True
    else:
        return False

# Parameter E's value cannot be less than parameter F's value.
def r3(e: float, f: float) -> bool:
    if e >= f:
        return True
    else:
        return False


        
Input text:
Textual context: Total operation time shouldn’t be lower than idle time.
Driving time should be less than or equal to the total operation time.
Axle 2's load must always be equal to or greater than the payload.";"Total operation time shouldn’t be lower than idle time.
Driving time should be less than or equal to the total operation time.
Axle 2's load must always be equal to or greater than the payload.";3;[['total operation time', 'idle time'], ['driving time', 'total operation time'], ['axle 2 load', 'payload']];Llama-8;"def r1(total_operation_time: float, idle_time: float) -> bool:
    if total_operation_time >= idle_time:
        return True
    else:
        return False

def r2(driving_time: float, total_operation_time: float) -> bool:
    if driving_time <= total_operation_time:
        return True
    else:
        return False

def r3(axle2_load: float, payload: float) -> bool:
    if axle2_load >= payload:
        return True
    else:
        return False

def r4(arg1: float, arg2: float, arg3: float, arg4: float, arg5: float, arg6: float):
    return not(r1(arg1, arg2) and r2(arg3, arg4) and r3(arg5, arg6)), r1(arg1, arg2), r2(arg3, arg4), r3(arg5, arg6)";Correct syntax;['True, True, True, False', 'False, True, True, True', 'True, False, False, True'];['True, True, True, False', 'False, True, True, True', 'True, False, False, True']
"System Message:
        You are a logician with a background in mathematics that translates natural language
        reasoning text to Python3 code so that these natural language reasoning problems can be solved.
        During the translation, please pay close attention to defining variables and rules.
        Do not add any comments from you.
        Be guided by the following example:
        Example input text:
        Textual context: If the parameter A's value is at least 20, the lowest possible value of parameter B is 5.
If the parameter C's value is at least 20, the lowest possible value of parameter D is 40.
Parameter E's value cannot be less than parameter F's value.

        Example Python3 code:
        # If the parameter A's value is at least 20, the lowest possible value of parameter B is 5.
def r1(a: float, b: float) -> bool:
    if b / a >= 0.25:
        return True
    else:
        return False

# If the parameter C's value is at least 20, the lowest possible value of parameter D is 40.
def r2(c: float, d: float) -> bool:
    if d / c >= 2:
        return True
    else:
        return False

# Parameter E's value cannot be less than parameter F's value.
def r3(e: float, f: float) -> bool:
    if e >= f:
        return True
    else:
        return False


        
Input text:
Textual context: Idle time cannot be greater than the total operation time.
Payload must remain below or equal to the load carried by axle 3.";"Idle time cannot be greater than the total operation time.
Payload must remain below or equal to the load carried by axle 3.";2;[['idle time', 'total operation time'], ['payload', 'axle 3 load']];Llama-8;"def r1(idle_time: float, operation_time: float) -> bool:
    if idle_time <= operation_time:
        return True
    else:
        return False

def r2(payload: float, load_axle3: float) -> bool:
    if payload <= load_axle3:
        return True
    else:
        return False

def r3(arg1: float, arg2: float, arg3: float, arg4: float):
    return not(r1(arg1, arg2) and r2(arg3, arg4)), r1(arg1, arg2), r2(arg3, arg4)";Correct syntax;['True, True, False', 'False, True, True', 'True, False, True'];['True, True, False', 'False, True, True', 'True, False, True']
"System Message:
        You are a logician with a background in mathematics that translates natural language
        reasoning text to Python3 code so that these natural language reasoning problems can be solved.
        During the translation, please pay close attention to defining variables and rules.
        Do not add any comments from you.
        Be guided by the following example:
        Example input text:
        Textual context: If the parameter A's value is at least 20, the lowest possible value of parameter B is 5.
If the parameter C's value is at least 20, the lowest possible value of parameter D is 40.
Parameter E's value cannot be less than parameter F's value.

        Example Python3 code:
        # If the parameter A's value is at least 20, the lowest possible value of parameter B is 5.
def r1(a: float, b: float) -> bool:
    if b / a >= 0.25:
        return True
    else:
        return False

# If the parameter C's value is at least 20, the lowest possible value of parameter D is 40.
def r2(c: float, d: float) -> bool:
    if d / c >= 2:
        return True
    else:
        return False

# Parameter E's value cannot be less than parameter F's value.
def r3(e: float, f: float) -> bool:
    if e >= f:
        return True
    else:
        return False


        
Input text:
Textual context: The total operation durationmust not be lower than the driving time.
Stops with PTO engaged should never outnumber total stops.
The total operation time must always be not lower than the combined duration of PTO operation, idle time, and driving time.";"The total operation durationmust not be lower than the driving time.
Stops with PTO engaged should never outnumber total stops.
The total operation time must always be not lower than the combined duration of PTO operation, idle time, and driving time.";3;[['total operation time', 'driving time'], ['stops with PTO engaged', 'stops'], ['total operation time', 'PTO operation time', 'idle time', 'driving time']];Llama-8;"def r1(driving_time: float, operation_duration: float) -> bool:
    if operation_duration >= driving_time:
        return True
    else:
        return False

def r2(pto_stops: int, total_stops: int) -> bool:
    if pto_stops <= total_stops:
        return True
    else:
        return False

def r3(pto_operation: float, idle_time: float, driving_time: float, operation_time: float) -> bool:
    if pto_operation + idle_time + driving_time <= operation_time:
        return True
    else:
        return False

def r4(arg1: float, arg2: float, arg3: float, arg4: float, arg5: float, arg6: float, arg7: float, arg8: float):
    return not(r1(arg1, arg2) and r2(arg3, arg4) and r3(arg5, arg6, arg7, arg8)), r1(arg1, arg2), r2(arg3, arg4), r3(arg5, arg6, arg7, arg8)";Correct syntax;['False, True, True, True', 'False, True, True, True', 'True, False, False, False'];['True, False, True, False', 'True, True, True, False', 'True, True, False, False']
"System Message:
        You are a logician with a background in mathematics that translates natural language
        reasoning text to Python3 code so that these natural language reasoning problems can be solved.
        During the translation, please pay close attention to defining variables and rules.
        Do not add any comments from you.
        Be guided by the following example:
        Example input text:
        Textual context: If the parameter A's value is at least 20, the lowest possible value of parameter B is 5.
If the parameter C's value is at least 20, the lowest possible value of parameter D is 40.
Parameter E's value cannot be less than parameter F's value.

        Example Python3 code:
        # If the parameter A's value is at least 20, the lowest possible value of parameter B is 5.
def r1(a: float, b: float) -> bool:
    if b / a >= 0.25:
        return True
    else:
        return False

# If the parameter C's value is at least 20, the lowest possible value of parameter D is 40.
def r2(c: float, d: float) -> bool:
    if d / c >= 2:
        return True
    else:
        return False

# Parameter E's value cannot be less than parameter F's value.
def r3(e: float, f: float) -> bool:
    if e >= f:
        return True
    else:
        return False


        
Input text:
Textual context: The weight on axle 1 cannot surpass the weight on axle 2.
Axle 1's load cannot exceed Axle 3's load.
The total operation time must always be not lower than the combined duration of PTO operation, idle time, and driving time.";"The weight on axle 1 cannot surpass the weight on axle 2.
Axle 1's load cannot exceed Axle 3's load.
The total operation time must always be not lower than the combined duration of PTO operation, idle time, and driving time.";3;[['axle 1 load', 'axle 2 load'], ['axle 1 load', 'axle 3 load'], ['total operation time', 'PTO operation time', 'idle time', 'driving time']];Llama-8;"def r1(a1: float, a2: float) -> bool:
    if a1 <= a2:
        return True
    else:
        return False

def r2(a1: float, a3: float) -> bool:
    if a1 <= a3:
        return True
    else:
        return False

def r3(t: float, p: float, i: float, d: float) -> bool:
    if t >= p + i + d:
        return True
    else:
        return False

def r4(arg1: float, arg2: float, arg3: float, arg4: float, arg5: float, arg6: float, arg7: float, arg8: float):
    return not(r1(arg1, arg2) and r2(arg3, arg4) and r3(arg5, arg6, arg7, arg8)), r1(arg1, arg2), r2(arg3, arg4), r3(arg5, arg6, arg7, arg8)";Correct syntax;['True, False, False, True', 'False, True, True, True', 'True, True, True, False'];['True, False, False, True', 'False, True, True, True', 'True, True, True, False']
"System Message:
        You are a logician with a background in mathematics that translates natural language
        reasoning text to Python3 code so that these natural language reasoning problems can be solved.
        During the translation, please pay close attention to defining variables and rules.
        Do not add any comments from you.
        Be guided by the following example:
        Example input text:
        Textual context: If the parameter A's value is at least 20, the lowest possible value of parameter B is 5.
If the parameter C's value is at least 20, the lowest possible value of parameter D is 40.
Parameter E's value cannot be less than parameter F's value.

        Example Python3 code:
        # If the parameter A's value is at least 20, the lowest possible value of parameter B is 5.
def r1(a: float, b: float) -> bool:
    if b / a >= 0.25:
        return True
    else:
        return False

# If the parameter C's value is at least 20, the lowest possible value of parameter D is 40.
def r2(c: float, d: float) -> bool:
    if d / c >= 2:
        return True
    else:
        return False

# Parameter E's value cannot be less than parameter F's value.
def r3(e: float, f: float) -> bool:
    if e >= f:
        return True
    else:
        return False


        
Input text:
Textual context: The load carried by axle 1 must be smaller than or equal to the load on axle 3.";The load carried by axle 1 must be smaller than or equal to the load on axle 3.;1;[['axle 1 load', 'axle 3 load']];Llama-8;"def r1(axle1: float, axle3: float) -> bool:
    if axle1 <= axle3:
        return True
    else:
        return False

def r2(arg1: float, arg2: float):
    return not(r1(arg1, arg2)), r1(arg1, arg2)";Correct syntax;['True, False', 'False, True', 'False, True'];['True, False', 'False, True', 'False, True']
"System Message:
        You are a logician with a background in mathematics that translates natural language
        reasoning text to Python3 code so that these natural language reasoning problems can be solved.
        During the translation, please pay close attention to defining variables and rules.
        Do not add any comments from you.
        Be guided by the following example:
        Example input text:
        Textual context: If the parameter A's value is at least 20, the lowest possible value of parameter B is 5.
If the parameter C's value is at least 20, the lowest possible value of parameter D is 40.
Parameter E's value cannot be less than parameter F's value.

        Example Python3 code:
        # If the parameter A's value is at least 20, the lowest possible value of parameter B is 5.
def r1(a: float, b: float) -> bool:
    if b / a >= 0.25:
        return True
    else:
        return False

# If the parameter C's value is at least 20, the lowest possible value of parameter D is 40.
def r2(c: float, d: float) -> bool:
    if d / c >= 2:
        return True
    else:
        return False

# Parameter E's value cannot be less than parameter F's value.
def r3(e: float, f: float) -> bool:
    if e >= f:
        return True
    else:
        return False


        
Input text:
Textual context: Idle time must always be less than or equal to the total operation time.
The load supported by axle 1 cannot exceed that of axle 2.
The weight on axle 1 cannot surpass the weight on axle 3.";"Idle time must always be less than or equal to the total operation time.
The load supported by axle 1 cannot exceed that of axle 2.
The weight on axle 1 cannot surpass the weight on axle 3.";3;[['idle time', 'total operation time'], ['axle 1 load', 'axle 2 load'], ['axle 1 load', 'axle 3 load']];Llama-8;"def r1(idle_time: float, total_operation_time: float) -> bool:
    if idle_time <= total_operation_time:
        return True
    else:
        return False

def r2(axle1_load: float, axle2_load: float) -> bool:
    if axle1_load <= axle2_load:
        return True
    else:
        return False

def r3(axle1_weight: float, axle3_weight: float) -> bool:
    if axle1_weight <= axle3_weight:
        return True
    else:
        return False

def r4(arg1: float, arg2: float, arg3: float, arg4: float, arg5: float, arg6: float):
    return not(r1(arg1, arg2) and r2(arg3, arg4) and r3(arg5, arg6)), r1(arg1, arg2), r2(arg3, arg4), r3(arg5, arg6)";Correct syntax;['True, True, False, False', 'False, True, True, True', 'True, False, True, True'];['True, True, False, False', 'False, True, True, True', 'True, False, True, True']
"System Message:
        You are a logician with a background in mathematics that translates natural language
        reasoning text to Python3 code so that these natural language reasoning problems can be solved.
        During the translation, please pay close attention to defining variables and rules.
        Do not add any comments from you.
        Be guided by the following example:
        Example input text:
        Textual context: If the parameter A's value is at least 20, the lowest possible value of parameter B is 5.
If the parameter C's value is at least 20, the lowest possible value of parameter D is 40.
Parameter E's value cannot be less than parameter F's value.

        Example Python3 code:
        # If the parameter A's value is at least 20, the lowest possible value of parameter B is 5.
def r1(a: float, b: float) -> bool:
    if b / a >= 0.25:
        return True
    else:
        return False

# If the parameter C's value is at least 20, the lowest possible value of parameter D is 40.
def r2(c: float, d: float) -> bool:
    if d / c >= 2:
        return True
    else:
        return False

# Parameter E's value cannot be less than parameter F's value.
def r3(e: float, f: float) -> bool:
    if e >= f:
        return True
    else:
        return False


        
Input text:
Textual context: The payload cannot exceed the capacity of axle 3.";The payload cannot exceed the capacity of axle 3.;1;[['payload', 'axle 3 load']];Llama-8;"def r1(payload: float, axle3_capacity: float) -> bool:
    if payload > axle3_capacity:
        return False
    else:
        return True

def r2(arg1: float, arg2: float):
    return not(r1(arg1, arg2)), r1(arg1, arg2)";Correct syntax;['True, False', 'False, True', 'False, True'];['True, False', 'False, True', 'False, True']
"System Message:
        You are a logician with a background in mathematics that translates natural language
        reasoning text to Python3 code so that these natural language reasoning problems can be solved.
        During the translation, please pay close attention to defining variables and rules.
        Do not add any comments from you.
        Be guided by the following example:
        Example input text:
        Textual context: If the parameter A's value is at least 20, the lowest possible value of parameter B is 5.
If the parameter C's value is at least 20, the lowest possible value of parameter D is 40.
Parameter E's value cannot be less than parameter F's value.

        Example Python3 code:
        # If the parameter A's value is at least 20, the lowest possible value of parameter B is 5.
def r1(a: float, b: float) -> bool:
    if b / a >= 0.25:
        return True
    else:
        return False

# If the parameter C's value is at least 20, the lowest possible value of parameter D is 40.
def r2(c: float, d: float) -> bool:
    if d / c >= 2:
        return True
    else:
        return False

# Parameter E's value cannot be less than parameter F's value.
def r3(e: float, f: float) -> bool:
    if e >= f:
        return True
    else:
        return False


        
Input text:
Textual context: PTO-engaged stops cannot exceed the total number of stops.
The load carried by axle 1 must be smaller than or equal to the load on axle 2.
The payload must always be smaller than or equal to the load on axle 2.";"PTO-engaged stops cannot exceed the total number of stops.
The load carried by axle 1 must be smaller than or equal to the load on axle 2.
The payload must always be smaller than or equal to the load on axle 2.";3;[['stops with PTO engaged', 'stops'], ['axle 1 load', 'axle 2 load'], ['payload', 'axle 2 load']];Llama-8;"def r1(pto_stops: int, total_stops: int) -> bool:
    if pto_stops <= total_stops:
        return True
    else:
        return False

def r2(axle1_load: float, axle2_load: float) -> bool:
    if axle1_load <= axle2_load:
        return True
    else:
        return False

def r3(payload: float, axle2_load: float) -> bool:
    if payload <= axle2_load:
        return True
    else:
        return False

def r4(arg1: float, arg2: float, arg3: float, arg4: float, arg5: float, arg6: float):
    return not(r1(arg1, arg2) and r2(arg3, arg4) and r3(arg5, arg6)), r1(arg1, arg2), r2(arg3, arg4), r3(arg5, arg6)";Correct syntax;['True, True, False, False', 'False, True, True, True', 'True, False, True, True'];['True, True, False, False', 'False, True, True, True', 'True, False, True, True']
"System Message:
        You are a logician with a background in mathematics that translates natural language
        reasoning text to Python3 code so that these natural language reasoning problems can be solved.
        During the translation, please pay close attention to defining variables and rules.
        Do not add any comments from you.
        Be guided by the following example:
        Example input text:
        Textual context: If the parameter A's value is at least 20, the lowest possible value of parameter B is 5.
If the parameter C's value is at least 20, the lowest possible value of parameter D is 40.
Parameter E's value cannot be less than parameter F's value.

        Example Python3 code:
        # If the parameter A's value is at least 20, the lowest possible value of parameter B is 5.
def r1(a: float, b: float) -> bool:
    if b / a >= 0.25:
        return True
    else:
        return False

# If the parameter C's value is at least 20, the lowest possible value of parameter D is 40.
def r2(c: float, d: float) -> bool:
    if d / c >= 2:
        return True
    else:
        return False

# Parameter E's value cannot be less than parameter F's value.
def r3(e: float, f: float) -> bool:
    if e >= f:
        return True
    else:
        return False


        
Input text:
Textual context: Stops with PTO engaged cannot outnumber the total stops.
Axle 2's load must always be equal to or greater than the payload.";"Stops with PTO engaged cannot outnumber the total stops.
Axle 2's load must always be equal to or greater than the payload.";2;[['stops with PTO engaged', 'stops'], ['axle 2 load', 'payload']];Llama-8;"def r1(pto_stops: int, total_stops: int) -> bool:
    if pto_stops <= total_stops:
        return True
    else:
        return False

def r2(axle2_load: float, payload: float) -> bool:
    if axle2_load >= payload:
        return True
    else:
        return False

def r3(arg1: float, arg2: float, arg3: float, arg4: float):
    return not(r1(arg1, arg2) and r2(arg3, arg4)), r1(arg1, arg2), r2(arg3, arg4)";Correct syntax;['True, True, False', 'False, True, True', 'True, False, True'];['True, True, False', 'False, True, True', 'True, False, True']
"System Message:
        You are a logician with a background in mathematics that translates natural language
        reasoning text to Python3 code so that these natural language reasoning problems can be solved.
        During the translation, please pay close attention to defining variables and rules.
        Do not add any comments from you.
        Be guided by the following example:
        Example input text:
        Textual context: If the parameter A's value is at least 20, the lowest possible value of parameter B is 5.
If the parameter C's value is at least 20, the lowest possible value of parameter D is 40.
Parameter E's value cannot be less than parameter F's value.

        Example Python3 code:
        # If the parameter A's value is at least 20, the lowest possible value of parameter B is 5.
def r1(a: float, b: float) -> bool:
    if b / a >= 0.25:
        return True
    else:
        return False

# If the parameter C's value is at least 20, the lowest possible value of parameter D is 40.
def r2(c: float, d: float) -> bool:
    if d / c >= 2:
        return True
    else:
        return False

# Parameter E's value cannot be less than parameter F's value.
def r3(e: float, f: float) -> bool:
    if e >= f:
        return True
    else:
        return False


        
Input text:
Textual context: Total operation time shouldn’t be lower than idle time.
Total operation time must be greater than or equal to the sum of PTO operation, idle, and driving times.";"Total operation time shouldn’t be lower than idle time.
Total operation time must be greater than or equal to the sum of PTO operation, idle, and driving times.";2;[['total operation time', 'idle time'], ['total operation time', 'PTO operation time', 'idle time', 'driving time']];Llama-8;"def r1(operation_time: float, idle_time: float) -> bool:
    if operation_time >= idle_time:
        return True
    else:
        return False

def r2(operation_time: float, pto_operation_time: float, idle_time: float, driving_time: float) -> bool:
    if operation_time >= pto_operation_time + idle_time + driving_time:
        return True
    else:
        return False

def r3(arg1: float, arg2: float, arg3: float, arg4: float, arg5: float, arg6: float):
    return not(r1(arg1, arg2) and r2(arg3, arg4, arg5, arg6)), r1(arg1, arg2), r2(arg3, arg4, arg5, arg6)";Correct syntax;['False, True, True', 'False, True, True', 'True, False, False'];['False, True, True', 'False, True, True', 'True, False, False']
"System Message:
        You are a logician with a background in mathematics that translates natural language
        reasoning text to Python3 code so that these natural language reasoning problems can be solved.
        During the translation, please pay close attention to defining variables and rules.
        Do not add any comments from you.
        Be guided by the following example:
        Example input text:
        Textual context: If the parameter A's value is at least 20, the lowest possible value of parameter B is 5.
If the parameter C's value is at least 20, the lowest possible value of parameter D is 40.
Parameter E's value cannot be less than parameter F's value.

        Example Python3 code:
        # If the parameter A's value is at least 20, the lowest possible value of parameter B is 5.
def r1(a: float, b: float) -> bool:
    if b / a >= 0.25:
        return True
    else:
        return False

# If the parameter C's value is at least 20, the lowest possible value of parameter D is 40.
def r2(c: float, d: float) -> bool:
    if d / c >= 2:
        return True
    else:
        return False

# Parameter E's value cannot be less than parameter F's value.
def r3(e: float, f: float) -> bool:
    if e >= f:
        return True
    else:
        return False


        
Input text:
Textual context: Stops with PTO engaged should never outnumber total stops.
The load on axle 1 must not surpass the load on axle 2.";"Stops with PTO engaged should never outnumber total stops.
The load on axle 1 must not surpass the load on axle 2.";2;[['stops with PTO engaged', 'stops'], ['axle 1 load', 'axle 2 load']];Llama-8;"def r1(pto_stops: int, total_stops: int) -> bool:
    if pto_stops <= total_stops:
        return True
    else:
        return False

def r2(axle1: float, axle2: float) -> bool:
    if axle1 <= axle2:
        return True
    else:
        return False

def r3(arg1: float, arg2: float, arg3: float, arg4: float):
    return not(r1(arg1, arg2) and r2(arg3, arg4)), r1(arg1, arg2), r2(arg3, arg4)";Correct syntax;['True, True, False', 'False, True, True', 'True, False, True'];['True, True, False', 'False, True, True', 'True, False, True']
"System Message:
        You are a logician with a background in mathematics that translates natural language
        reasoning text to Python3 code so that these natural language reasoning problems can be solved.
        During the translation, please pay close attention to defining variables and rules.
        Do not add any comments from you.
        Be guided by the following example:
        Example input text:
        Textual context: If the parameter A's value is at least 20, the lowest possible value of parameter B is 5.
If the parameter C's value is at least 20, the lowest possible value of parameter D is 40.
Parameter E's value cannot be less than parameter F's value.

        Example Python3 code:
        # If the parameter A's value is at least 20, the lowest possible value of parameter B is 5.
def r1(a: float, b: float) -> bool:
    if b / a >= 0.25:
        return True
    else:
        return False

# If the parameter C's value is at least 20, the lowest possible value of parameter D is 40.
def r2(c: float, d: float) -> bool:
    if d / c >= 2:
        return True
    else:
        return False

# Parameter E's value cannot be less than parameter F's value.
def r3(e: float, f: float) -> bool:
    if e >= f:
        return True
    else:
        return False


        
Input text:
Textual context: The total operation durationmust not be lower than the driving time.
The weight on axle 1 cannot surpass the weight on axle 2.";"The total operation durationmust not be lower than the driving time.
The weight on axle 1 cannot surpass the weight on axle 2.";2;[['total operation time', 'driving time'], ['axle 1 load', 'axle 2 load']];Llama-8;"def r1(operation_duration: float, driving_time: float) -> bool:
    if operation_duration >= driving_time:
        return True
    else:
        return False

def r2(axle1_weight: float, axle2_weight: float) -> bool:
    if axle1_weight <= axle2_weight:
        return True
    else:
        return False

def r3(arg1: float, arg2: float, arg3: float, arg4: float):
    return not(r1(arg1, arg2) and r2(arg3, arg4)), r1(arg1, arg2), r2(arg3, arg4)";Correct syntax;['True, True, False', 'False, True, True', 'True, False, True'];['True, True, False', 'False, True, True', 'True, False, True']
"System Message:
        You are a logician with a background in mathematics that translates natural language
        reasoning text to Python3 code so that these natural language reasoning problems can be solved.
        During the translation, please pay close attention to defining variables and rules.
        Do not add any comments from you.
        Be guided by the following example:
        Example input text:
        Textual context: If the parameter A's value is at least 20, the lowest possible value of parameter B is 5.
If the parameter C's value is at least 20, the lowest possible value of parameter D is 40.
Parameter E's value cannot be less than parameter F's value.

        Example Python3 code:
        # If the parameter A's value is at least 20, the lowest possible value of parameter B is 5.
def r1(a: float, b: float) -> bool:
    if b / a >= 0.25:
        return True
    else:
        return False

# If the parameter C's value is at least 20, the lowest possible value of parameter D is 40.
def r2(c: float, d: float) -> bool:
    if d / c >= 2:
        return True
    else:
        return False

# Parameter E's value cannot be less than parameter F's value.
def r3(e: float, f: float) -> bool:
    if e >= f:
        return True
    else:
        return False


        
Input text:
Textual context: Idle time cannot be greater than the total operation time.
The payload must always be smaller than or equal to the load on axle 3.";"Idle time cannot be greater than the total operation time.
The payload must always be smaller than or equal to the load on axle 3.";2;[['idle time', 'total operation time'], ['payload', 'axle 3 load']];Llama-8;"def r1(idle_time: float, operation_time: float) -> bool:
    if idle_time <= operation_time:
        return True
    else:
        return False

def r2(payload: float, load_axle3: float) -> bool:
    if payload <= load_axle3:
        return True
    else:
        return False

def r3(arg1: float, arg2: float, arg3: float, arg4: float):
    return not(r1(arg1, arg2) and r2(arg3, arg4)), r1(arg1, arg2), r2(arg3, arg4)";Correct syntax;['True, True, False', 'False, True, True', 'True, False, True'];['True, True, False', 'False, True, True', 'True, False, True']
"System Message:
        You are a logician with a background in mathematics that translates natural language
        reasoning text to Python3 code so that these natural language reasoning problems can be solved.
        During the translation, please pay close attention to defining variables and rules.
        Do not add any comments from you.
        Be guided by the following example:
        Example input text:
        Textual context: If the parameter A's value is at least 20, the lowest possible value of parameter B is 5.
If the parameter C's value is at least 20, the lowest possible value of parameter D is 40.
Parameter E's value cannot be less than parameter F's value.

        Example Python3 code:
        # If the parameter A's value is at least 20, the lowest possible value of parameter B is 5.
def r1(a: float, b: float) -> bool:
    if b / a >= 0.25:
        return True
    else:
        return False

# If the parameter C's value is at least 20, the lowest possible value of parameter D is 40.
def r2(c: float, d: float) -> bool:
    if d / c >= 2:
        return True
    else:
        return False

# Parameter E's value cannot be less than parameter F's value.
def r3(e: float, f: float) -> bool:
    if e >= f:
        return True
    else:
        return False


        
Input text:
Textual context: PTO operation time should be less than or equal to the total operation time.
The number of stops where PTO is engaged must not exceed the overall stop count.
Axle 1's load cannot exceed Axle 2's load.";"PTO operation time should be less than or equal to the total operation time.
The number of stops where PTO is engaged must not exceed the overall stop count.
Axle 1's load cannot exceed Axle 2's load.";3;[['PTO operation time', 'total operation time'], ['stops with PTO engaged', 'stops'], ['axle 1 load', 'axle 2 load']];Llama-8;"def r1(pto: float, total: float) -> bool:
    if pto <= total:
        return True
    else:
        return False

def r2(pto_stops: int, overall_stops: int) -> bool:
    if pto_stops <= overall_stops:
        return True
    else:
        return False

def r3(axle1: float, axle2: float) -> bool:
    if axle1 <= axle2:
        return True
    else:
        return False

def r4(arg1: float, arg2: float, arg3: float, arg4: float, arg5: float, arg6: float):
    return not(r1(arg1, arg2) and r2(arg3, arg4) and r3(arg5, arg6)), r1(arg1, arg2), r2(arg3, arg4), r3(arg5, arg6)";Correct syntax;['True, True, True, False', 'False, True, True, True', 'True, False, False, True'];['True, True, True, False', 'False, True, True, True', 'True, False, False, True']
"System Message:
You are an agent which task is to correct Python3 code implementing logical rules, generated by another large language model,
so that they throw no runtime errors during program execution and correspond to the logical assumptions expressed in natural language.
To perform this task you will receive a Python3 code with valid syntax, which not correspond to the logical premises and throw runtime errors,
and these logical premises expressed in natural language, which should be translated into rules in Python3 code.
Your task is to return a valid Python3 rules for a given premises, having corrected the runtime errors.
Improvements made should mainly include defining the correct number of arguments for each function according to corresponding premise
and using inside functions the proper variables, previously defined in the function declaration.
Do not make any corrections to the last function.
Please output only a valid Python code only with comments started with #.
Do not add any additional texts, tags and comments.
Be guided by the following examples:

Example 1
# If the parameter C's value is at least 20, the lowest possible value of parameter D is 40.
def r1(c: float, d: float) -> bool:
    if c >= 20 and d / c >= 0.4:
        return True
    else:
        return False

# Parameter W value should be at least the sum of parameter X, parameter Y and parameter Z.
def r2(x: float, y: float, z: float) -> bool:
    if x + y + z >= 0:
        return True
    else:
        return False

# To identify the day as abnormal, it is enough that even one or more conditions are violated.
def r3(arg1: float, arg2: float, arg3: float, arg4: float, arg5: float, arg6: float):
    return not(r1(arg1, arg2) and r2(arg3, arg4, arg5, arg6)), r1(arg1, arg2), r2(arg3, arg4, arg5, arg6)

It is supposed to translate the following example text into rules:
If the parameter C's value is at least 20, the lowest possible value of parameter D is 40.
Parameter W value should be at least the sum of parameter X, parameter Y and parameter Z.

Code after execution returns the following error:
Traceback (most recent call last):
  File ""/home/obywatelfg/Doktorat/Badania/Logic-LLM/LLM-logic/New_val_Adapt_Task2_outputs_python_no_final_rule/Llama-8/2/python_code/2_output_python.py"", line 18, in <module>
    print(r3(2226.8, 2432.3, 0.3, 0.9, 2.7, 1.0))
  File ""/home/obywatelfg/Doktorat/Badania/Logic-LLM/LLM-logic/New_val_Adapt_Task2_outputs_python_no_final_rule/Llama-8/2/python_code/2_output_python.py"", line 16, in r3
    return not(r1(arg1, arg2) and r2(arg3, arg4, arg5, arg6)), r1(arg1, arg2), r2(arg3, arg4, arg5, arg6)
TypeError: r2() takes 3 positional arguments but 4 were given

Please correct the code.

The corrected code should be the following:
# If the parameter C's value is at least 20, the lowest possible value of parameter D is 40.
def r1(c: float, d: float) -> bool:
    if c >= 20 and d / c >= 0.4:
        return True
    else:
        return False

# This function lack of parameter W in a function definition and a body, where logical rule should check the proportion between param W and sum of params x, y, z.
# Parameter W value should be at least the sum of parameter X, parameter Y and parameter Z.
def r2(x: float, y: float, z: float, w: float) -> bool:
    if x + y + z <= w:
        return True
    else:
        return False

# To identify the day as abnormal, it is enough that even one or more conditions are violated.
def r3(arg1: float, arg2: float, arg3: float, arg4: float, arg5: float, arg6: float):
    return not(r1(arg1, arg2) and r2(arg3, arg4, arg5, arg6)), r1(arg1, arg2), r2(arg3, arg4, arg5, arg6)


Example 2
# If the parameter C's value is at least 20, the lowest possible value of parameter D is 40.
def r1(c: float) -> bool:
    if c >= 40 and c >= 0.4:
        return True
    else:
        return False

# Parameter T's value shouldn't be lower than parameter P's value.
def r2(t: float, p: float) -> bool:
    if t >= p:
        return True
    else:
        return False

# To identify the day as abnormal, it is enough that even one or more conditions are violated.
def r3(arg1: float, arg2: float, arg3: float, arg4: float):
    return not(r1(arg1, arg2) and r2(arg3, arg4)), r1(arg1, arg2), r2(arg3, arg4)

It is supposed to translate the following example text into rules:
If the parameter C's value is at least 20, the lowest possible value of parameter D is 40.
Parameter T's value shouldn't be lower than parameter P's value.

Code after execution returns the following error:
Traceback (most recent call last):
  File ""/home/obywatelfg/Doktorat/Badania/Logic-LLM/LLM-logic/New_val_Adapt_Task2_outputs_python_no_final_rule/Llama-8/4/python_code/121_output_python.py"", line 32, in <module>
    print(r5(227.70000000000002, 75.9, 9.5, 1.9, 7203.1, 6652.3, 10268.5, 8400.7))
  File ""/home/obywatelfg/Doktorat/Badania/Logic-LLM/LLM-logic/New_val_Adapt_Task2_outputs_python_no_final_rule/Llama-8/4/python_code/121_output_python.py"", line 30, in r5
    return not(r1(arg1, arg2) and r2(arg3, arg4) and r3(arg5, arg6) and r4(arg7, arg8)), r1(arg1, arg2), r2(arg3, arg4), r3(arg5, arg6), r4(arg7, arg8)
TypeError: r1() takes 1 positional argument but 2 were given

Please correct the code.

The corrected code should be the following:
# If the parameter C's value is at least 20, the lowest possible value of parameter D is 40.
def r1(c: float, d: float) -> bool:
    if d / c >= 2:
        return True
    else:
        return False

# Parameter T's value shouldn't be lower than parameter P's value.
def r2(t: float, p: float) -> bool:
    if t >= p:
        return True
    else:
        return False

# To identify the day as abnormal, it is enough that even one or more conditions are violated.
def r3(arg1: float, arg2: float, arg3: float, arg4: float):
    return not(r1(arg1, arg2) and r2(arg3, arg4)), r1(arg1, arg2), r2(arg3, arg4)


The input for your task:
This is the Python3 code which not correspond to the given logical premises:
def r1(idle_time: float, operation_time: float) -> bool:
    if idle_time <= operation_time:
        return True
    else:
        return False

def r2(pto_stops: float, total_stops: float) -> bool:
    if ptos_stops <= total_stops:
        return True
    else:
        return False

def r3(arg1: float, arg2: float, arg3: float, arg4: float):
    return not(r1(arg1, arg2) and r2(arg3, arg4)), r1(arg1, arg2), r2(arg3, arg4)

It is supposed to translate the following text into rules:
Idle time cannot be greater than the total operation time.
PTO-engaged stops cannot exceed the total number of stops.

Code after execution returns the following error:
Traceback (most recent call last):
  File ""/home/frank/Doktorat/ExKLoP/saved_outputs/Task2_syntax_outputs/Llama-8/2/python_code/75_output_python.py"", line 16, in <module>
    print(r3(2.0, 3.8, 110, 171))
  File ""/home/frank/Doktorat/ExKLoP/saved_outputs/Task2_syntax_outputs/Llama-8/2/python_code/75_output_python.py"", line 14, in r3
    return not(r1(arg1, arg2) and r2(arg3, arg4)), r1(arg1, arg2), r2(arg3, arg4)
  File ""/home/frank/Doktorat/ExKLoP/saved_outputs/Task2_syntax_outputs/Llama-8/2/python_code/75_output_python.py"", line 8, in r2
    if ptos_stops <= total_stops:
NameError: name 'ptos_stops' is not defined. Did you mean: 'pto_stops'?


Please correct the code.   ";"Idle time cannot be greater than the total operation time.
PTO-engaged stops cannot exceed the total number of stops.";2;[['idle time', 'total operation time'], ['stops with PTO engaged', 'stops']];Llama-8;"def r1(idle_time: float, operation_time: float) -> bool:
    if idle_time <= operation_time:
        return True
    else:
        return False

def r2(pto_stops: float, total_stops: float) -> bool:
    if pto_stops <= total_stops:
        return True
    else:
        return False

def r3(arg1: float, arg2: float, arg3: float, arg4: float):
    return not(r1(arg1, arg2) and r2(arg3, arg4)), r1(arg1, arg2), r2(arg3, arg4)";Correct syntax;['False, True, True', 'False, True, True', 'True, False, False'];['False, True, True', 'False, True, True', 'True, False, False']
"System Message:
        You are a logician with a background in mathematics that translates natural language
        reasoning text to Python3 code so that these natural language reasoning problems can be solved.
        During the translation, please pay close attention to defining variables and rules.
        Do not add any comments from you.
        Be guided by the following example:
        Example input text:
        Textual context: If the parameter A's value is at least 20, the lowest possible value of parameter B is 5.
If the parameter C's value is at least 20, the lowest possible value of parameter D is 40.
Parameter E's value cannot be less than parameter F's value.

        Example Python3 code:
        # If the parameter A's value is at least 20, the lowest possible value of parameter B is 5.
def r1(a: float, b: float) -> bool:
    if b / a >= 0.25:
        return True
    else:
        return False

# If the parameter C's value is at least 20, the lowest possible value of parameter D is 40.
def r2(c: float, d: float) -> bool:
    if d / c >= 2:
        return True
    else:
        return False

# Parameter E's value cannot be less than parameter F's value.
def r3(e: float, f: float) -> bool:
    if e >= f:
        return True
    else:
        return False


        
Input text:
Textual context: The total operation duration must not be lower than the PTO operation time.
Idle time should be less than or equal to the total operation time.
The total stop count must not be lower than the count of stops where PTO is engaged.";"The total operation duration must not be lower than the PTO operation time.
Idle time should be less than or equal to the total operation time.
The total stop count must not be lower than the count of stops where PTO is engaged.";3;[['total operation time', 'PTO operation time'], ['idle time', 'total operation time'], ['stops', 'stops with PTO engaged']];Llama-8;"def r1(total_operation_duration: float, pto_operation_time: float) -> bool:
    if total_operation_duration >= pto_operation_time:
        return True
    else:
        return False

def r2(idle_time: float, total_operation_time: float) -> bool:
    if idle_time <= total_operation_time:
        return True
    else:
        return False

def r3(total_stop_count: int, pto_stop_count: int) -> bool:
    if total_stop_count >= pto_stop_count:
        return True
    else:
        return False

def r4(arg1: float, arg2: float, arg3: float, arg4: float, arg5: float, arg6: float):
    return not(r1(arg1, arg2) and r2(arg3, arg4) and r3(arg5, arg6)), r1(arg1, arg2), r2(arg3, arg4), r3(arg5, arg6)";Correct syntax;['False, True, True, True', 'False, True, True, True', 'True, False, False, False'];['False, True, True, True', 'False, True, True, True', 'True, False, False, False']
"System Message:
You are an agent which task is to correct Python3 code implementing logical rules, generated by another large language model,
so that they throw no runtime errors during program execution and correspond to the logical assumptions expressed in natural language.
To perform this task you will receive a Python3 code with valid syntax, which not correspond to the logical premises and throw runtime errors,
and these logical premises expressed in natural language, which should be translated into rules in Python3 code.
Your task is to return a valid Python3 rules for a given premises, having corrected the runtime errors.
Improvements made should mainly include defining the correct number of arguments for each function according to corresponding premise
and using inside functions the proper variables, previously defined in the function declaration.
Do not make any corrections to the last function.
Please output only a valid Python code only with comments started with #.
Do not add any additional texts, tags and comments.
Be guided by the following examples:

Example 1
# If the parameter C's value is at least 20, the lowest possible value of parameter D is 40.
def r1(c: float, d: float) -> bool:
    if c >= 20 and d / c >= 0.4:
        return True
    else:
        return False

# Parameter W value should be at least the sum of parameter X, parameter Y and parameter Z.
def r2(x: float, y: float, z: float) -> bool:
    if x + y + z >= 0:
        return True
    else:
        return False

# To identify the day as abnormal, it is enough that even one or more conditions are violated.
def r3(arg1: float, arg2: float, arg3: float, arg4: float, arg5: float, arg6: float):
    return not(r1(arg1, arg2) and r2(arg3, arg4, arg5, arg6)), r1(arg1, arg2), r2(arg3, arg4, arg5, arg6)

It is supposed to translate the following example text into rules:
If the parameter C's value is at least 20, the lowest possible value of parameter D is 40.
Parameter W value should be at least the sum of parameter X, parameter Y and parameter Z.

Code after execution returns the following error:
Traceback (most recent call last):
  File ""/home/obywatelfg/Doktorat/Badania/Logic-LLM/LLM-logic/New_val_Adapt_Task2_outputs_python_no_final_rule/Llama-8/2/python_code/2_output_python.py"", line 18, in <module>
    print(r3(2226.8, 2432.3, 0.3, 0.9, 2.7, 1.0))
  File ""/home/obywatelfg/Doktorat/Badania/Logic-LLM/LLM-logic/New_val_Adapt_Task2_outputs_python_no_final_rule/Llama-8/2/python_code/2_output_python.py"", line 16, in r3
    return not(r1(arg1, arg2) and r2(arg3, arg4, arg5, arg6)), r1(arg1, arg2), r2(arg3, arg4, arg5, arg6)
TypeError: r2() takes 3 positional arguments but 4 were given

Please correct the code.

The corrected code should be the following:
# If the parameter C's value is at least 20, the lowest possible value of parameter D is 40.
def r1(c: float, d: float) -> bool:
    if c >= 20 and d / c >= 0.4:
        return True
    else:
        return False

# This function lack of parameter W in a function definition and a body, where logical rule should check the proportion between param W and sum of params x, y, z.
# Parameter W value should be at least the sum of parameter X, parameter Y and parameter Z.
def r2(x: float, y: float, z: float, w: float) -> bool:
    if x + y + z <= w:
        return True
    else:
        return False

# To identify the day as abnormal, it is enough that even one or more conditions are violated.
def r3(arg1: float, arg2: float, arg3: float, arg4: float, arg5: float, arg6: float):
    return not(r1(arg1, arg2) and r2(arg3, arg4, arg5, arg6)), r1(arg1, arg2), r2(arg3, arg4, arg5, arg6)


Example 2
# If the parameter C's value is at least 20, the lowest possible value of parameter D is 40.
def r1(c: float) -> bool:
    if c >= 40 and c >= 0.4:
        return True
    else:
        return False

# Parameter T's value shouldn't be lower than parameter P's value.
def r2(t: float, p: float) -> bool:
    if t >= p:
        return True
    else:
        return False

# To identify the day as abnormal, it is enough that even one or more conditions are violated.
def r3(arg1: float, arg2: float, arg3: float, arg4: float):
    return not(r1(arg1, arg2) and r2(arg3, arg4)), r1(arg1, arg2), r2(arg3, arg4)

It is supposed to translate the following example text into rules:
If the parameter C's value is at least 20, the lowest possible value of parameter D is 40.
Parameter T's value shouldn't be lower than parameter P's value.

Code after execution returns the following error:
Traceback (most recent call last):
  File ""/home/obywatelfg/Doktorat/Badania/Logic-LLM/LLM-logic/New_val_Adapt_Task2_outputs_python_no_final_rule/Llama-8/4/python_code/121_output_python.py"", line 32, in <module>
    print(r5(227.70000000000002, 75.9, 9.5, 1.9, 7203.1, 6652.3, 10268.5, 8400.7))
  File ""/home/obywatelfg/Doktorat/Badania/Logic-LLM/LLM-logic/New_val_Adapt_Task2_outputs_python_no_final_rule/Llama-8/4/python_code/121_output_python.py"", line 30, in r5
    return not(r1(arg1, arg2) and r2(arg3, arg4) and r3(arg5, arg6) and r4(arg7, arg8)), r1(arg1, arg2), r2(arg3, arg4), r3(arg5, arg6), r4(arg7, arg8)
TypeError: r1() takes 1 positional argument but 2 were given

Please correct the code.

The corrected code should be the following:
# If the parameter C's value is at least 20, the lowest possible value of parameter D is 40.
def r1(c: float, d: float) -> bool:
    if d / c >= 2:
        return True
    else:
        return False

# Parameter T's value shouldn't be lower than parameter P's value.
def r2(t: float, p: float) -> bool:
    if t >= p:
        return True
    else:
        return False

# To identify the day as abnormal, it is enough that even one or more conditions are violated.
def r3(arg1: float, arg2: float, arg3: float, arg4: float):
    return not(r1(arg1, arg2) and r2(arg3, arg4)), r1(arg1, arg2), r2(arg3, arg4)


The input for your task:
This is the Python3 code which not correspond to the given logical premises:
def r1(idle: float, total_operation: float) -> bool:
    if idle <= total_operation:
        return True
    else:
        return False

def r2(pto_stops: float, total_stops: float) -> bool:
    if ptos_stops <= total_stops:
        return True
    else:
        return False

def r3(total_operation: float, pto_operation: float, idle: float, driving: float) -> bool:
    if total_operation >= pto_operation + idle + driving:
        return True
    else:
        return False

def r4(arg1: float, arg2: float, arg3: float, arg4: float, arg5: float, arg6: float, arg7: float, arg8: float):
    return not(r1(arg1, arg2) and r2(arg3, arg4) and r3(arg5, arg6, arg7, arg8)), r1(arg1, arg2), r2(arg3, arg4), r3(arg5, arg6, arg7, arg8)

It is supposed to translate the following text into rules:
Idle time cannot be greater than the total operation time.
PTO-engaged stops cannot exceed the total number of stops.
Total operation time must be greater than or equal to the sum of PTO operation, idle, and driving times.

Code after execution returns the following error:
Traceback (most recent call last):
  File ""/home/frank/Doktorat/ExKLoP/saved_outputs/Task2_syntax_outputs/Llama-8/3/python_code/77_output_python.py"", line 22, in <module>
    print(r4(2.0, 3.8, 110, 171, 2.1, 0.3, 1.0, 0.7))
  File ""/home/frank/Doktorat/ExKLoP/saved_outputs/Task2_syntax_outputs/Llama-8/3/python_code/77_output_python.py"", line 20, in r4
    return not(r1(arg1, arg2) and r2(arg3, arg4) and r3(arg5, arg6, arg7, arg8)), r1(arg1, arg2), r2(arg3, arg4), r3(arg5, arg6, arg7, arg8)
  File ""/home/frank/Doktorat/ExKLoP/saved_outputs/Task2_syntax_outputs/Llama-8/3/python_code/77_output_python.py"", line 8, in r2
    if ptos_stops <= total_stops:
NameError: name 'ptos_stops' is not defined. Did you mean: 'pto_stops'?


Please correct the code.   ";"Idle time cannot be greater than the total operation time.
PTO-engaged stops cannot exceed the total number of stops.
Total operation time must be greater than or equal to the sum of PTO operation, idle, and driving times.";3;[['idle time', 'total operation time'], ['stops with PTO engaged', 'stops'], ['total operation time', 'PTO operation time', 'idle time', 'driving time']];Llama-8;"def r1(idle: float, total_operation: float) -> bool:
    if idle <= total_operation:
        return True
    else:
        return False

def r2(pto_stops: float, total_stops: float) -> bool:
    if pto_stops <= total_stops:
        return True
    else:
        return False

def r3(pto_operation: float, idle: float, driving: float, total_operation: float) -> bool:
    if pto_operation + idle + driving <= total_operation:
        return True
    else:
        return False

def r4(arg1: float, arg2: float, arg3: float, arg4: float, arg5: float, arg6: float, arg7: float, arg8: float):
    return not(r1(arg1, arg2) and r2(arg3, arg4) and r3(arg5, arg6, arg7, arg8)), r1(arg1, arg2), r2(arg3, arg4), r3(arg5, arg6, arg7, arg8)";Correct syntax;['False, True, True, True', 'False, True, True, True', 'True, False, False, False'];['True, True, True, False', 'True, True, True, False', 'True, False, False, False']
"System Message:
        You are a logician with a background in mathematics that translates natural language
        reasoning text to Python3 code so that these natural language reasoning problems can be solved.
        During the translation, please pay close attention to defining variables and rules.
        Do not add any comments from you.
        Be guided by the following example:
        Example input text:
        Textual context: If the parameter A's value is at least 20, the lowest possible value of parameter B is 5.
If the parameter C's value is at least 20, the lowest possible value of parameter D is 40.
Parameter E's value cannot be less than parameter F's value.

        Example Python3 code:
        # If the parameter A's value is at least 20, the lowest possible value of parameter B is 5.
def r1(a: float, b: float) -> bool:
    if b / a >= 0.25:
        return True
    else:
        return False

# If the parameter C's value is at least 20, the lowest possible value of parameter D is 40.
def r2(c: float, d: float) -> bool:
    if d / c >= 2:
        return True
    else:
        return False

# Parameter E's value cannot be less than parameter F's value.
def r3(e: float, f: float) -> bool:
    if e >= f:
        return True
    else:
        return False


        
Input text:
Textual context: The total operation duration must not be lower than the PTO operation time.
The total operation duration must not be lower than the idle time.
Driving time should be less than or equal to the total operation time.";"The total operation duration must not be lower than the PTO operation time.
The total operation duration must not be lower than the idle time.
Driving time should be less than or equal to the total operation time.";3;[['total operation time', 'PTO operation time'], ['total operation time', 'idle time'], ['driving time', 'total operation time']];Llama-8;"def r1(total_operation_time: float, pto_operation_time: float) -> bool:
    if total_operation_time >= pto_operation_time:
        return True
    else:
        return False

def r2(total_operation_time: float, idle_time: float) -> bool:
    if total_operation_time >= idle_time:
        return True
    else:
        return False

def r3(driving_time: float, total_operation_time: float) -> bool:
    if driving_time <= total_operation_time:
        return True
    else:
        return False

def r4(arg1: float, arg2: float, arg3: float, arg4: float, arg5: float, arg6: float):
    return not(r1(arg1, arg2) and r2(arg3, arg4) and r3(arg5, arg6)), r1(arg1, arg2), r2(arg3, arg4), r3(arg5, arg6)";Correct syntax;['False, True, True, True', 'False, True, True, True', 'True, False, False, False'];['False, True, True, True', 'False, True, True, True', 'True, False, False, False']
"System Message:
You are an agent which task is to correct Python3 code implementing logical rules, generated by another large language model,
so that they throw no runtime errors during program execution and correspond to the logical assumptions expressed in natural language.
To perform this task you will receive a Python3 code with valid syntax, which not correspond to the logical premises and throw runtime errors,
and these logical premises expressed in natural language, which should be translated into rules in Python3 code.
Your task is to return a valid Python3 rules for a given premises, having corrected the runtime errors.
Improvements made should mainly include defining the correct number of arguments for each function according to corresponding premise
and using inside functions the proper variables, previously defined in the function declaration.
Do not make any corrections to the last function.
Please output only a valid Python code only with comments started with #.
Do not add any additional texts, tags and comments.
Be guided by the following examples:

Example 1
# If the parameter C's value is at least 20, the lowest possible value of parameter D is 40.
def r1(c: float, d: float) -> bool:
    if c >= 20 and d / c >= 0.4:
        return True
    else:
        return False

# Parameter W value should be at least the sum of parameter X, parameter Y and parameter Z.
def r2(x: float, y: float, z: float) -> bool:
    if x + y + z >= 0:
        return True
    else:
        return False

# To identify the day as abnormal, it is enough that even one or more conditions are violated.
def r3(arg1: float, arg2: float, arg3: float, arg4: float, arg5: float, arg6: float):
    return not(r1(arg1, arg2) and r2(arg3, arg4, arg5, arg6)), r1(arg1, arg2), r2(arg3, arg4, arg5, arg6)

It is supposed to translate the following example text into rules:
If the parameter C's value is at least 20, the lowest possible value of parameter D is 40.
Parameter W value should be at least the sum of parameter X, parameter Y and parameter Z.

Code after execution returns the following error:
Traceback (most recent call last):
  File ""/home/obywatelfg/Doktorat/Badania/Logic-LLM/LLM-logic/New_val_Adapt_Task2_outputs_python_no_final_rule/Llama-8/2/python_code/2_output_python.py"", line 18, in <module>
    print(r3(2226.8, 2432.3, 0.3, 0.9, 2.7, 1.0))
  File ""/home/obywatelfg/Doktorat/Badania/Logic-LLM/LLM-logic/New_val_Adapt_Task2_outputs_python_no_final_rule/Llama-8/2/python_code/2_output_python.py"", line 16, in r3
    return not(r1(arg1, arg2) and r2(arg3, arg4, arg5, arg6)), r1(arg1, arg2), r2(arg3, arg4, arg5, arg6)
TypeError: r2() takes 3 positional arguments but 4 were given

Please correct the code.

The corrected code should be the following:
# If the parameter C's value is at least 20, the lowest possible value of parameter D is 40.
def r1(c: float, d: float) -> bool:
    if c >= 20 and d / c >= 0.4:
        return True
    else:
        return False

# This function lack of parameter W in a function definition and a body, where logical rule should check the proportion between param W and sum of params x, y, z.
# Parameter W value should be at least the sum of parameter X, parameter Y and parameter Z.
def r2(x: float, y: float, z: float, w: float) -> bool:
    if x + y + z <= w:
        return True
    else:
        return False

# To identify the day as abnormal, it is enough that even one or more conditions are violated.
def r3(arg1: float, arg2: float, arg3: float, arg4: float, arg5: float, arg6: float):
    return not(r1(arg1, arg2) and r2(arg3, arg4, arg5, arg6)), r1(arg1, arg2), r2(arg3, arg4, arg5, arg6)


Example 2
# If the parameter C's value is at least 20, the lowest possible value of parameter D is 40.
def r1(c: float) -> bool:
    if c >= 40 and c >= 0.4:
        return True
    else:
        return False

# Parameter T's value shouldn't be lower than parameter P's value.
def r2(t: float, p: float) -> bool:
    if t >= p:
        return True
    else:
        return False

# To identify the day as abnormal, it is enough that even one or more conditions are violated.
def r3(arg1: float, arg2: float, arg3: float, arg4: float):
    return not(r1(arg1, arg2) and r2(arg3, arg4)), r1(arg1, arg2), r2(arg3, arg4)

It is supposed to translate the following example text into rules:
If the parameter C's value is at least 20, the lowest possible value of parameter D is 40.
Parameter T's value shouldn't be lower than parameter P's value.

Code after execution returns the following error:
Traceback (most recent call last):
  File ""/home/obywatelfg/Doktorat/Badania/Logic-LLM/LLM-logic/New_val_Adapt_Task2_outputs_python_no_final_rule/Llama-8/4/python_code/121_output_python.py"", line 32, in <module>
    print(r5(227.70000000000002, 75.9, 9.5, 1.9, 7203.1, 6652.3, 10268.5, 8400.7))
  File ""/home/obywatelfg/Doktorat/Badania/Logic-LLM/LLM-logic/New_val_Adapt_Task2_outputs_python_no_final_rule/Llama-8/4/python_code/121_output_python.py"", line 30, in r5
    return not(r1(arg1, arg2) and r2(arg3, arg4) and r3(arg5, arg6) and r4(arg7, arg8)), r1(arg1, arg2), r2(arg3, arg4), r3(arg5, arg6), r4(arg7, arg8)
TypeError: r1() takes 1 positional argument but 2 were given

Please correct the code.

The corrected code should be the following:
# If the parameter C's value is at least 20, the lowest possible value of parameter D is 40.
def r1(c: float, d: float) -> bool:
    if d / c >= 2:
        return True
    else:
        return False

# Parameter T's value shouldn't be lower than parameter P's value.
def r2(t: float, p: float) -> bool:
    if t >= p:
        return True
    else:
        return False

# To identify the day as abnormal, it is enough that even one or more conditions are violated.
def r3(arg1: float, arg2: float, arg3: float, arg4: float):
    return not(r1(arg1, arg2) and r2(arg3, arg4)), r1(arg1, arg2), r2(arg3, arg4)


The input for your task:
This is the Python3 code which not correspond to the given logical premises:
def r1(axle1: float, axle3: float) -> bool:
    if axle1 <= axle3:
        return True
    else:
        return False

def r2(pto: float, idle: float, driving: float) -> bool:
    if pto + idle + driving >= 0:
        return True
    else:
        return False

def r3(arg1: float, arg2: float, arg3: float, arg4: float, arg5: float, arg6: float):
    return not(r1(arg1, arg2) and r2(arg3, arg4, arg5, arg6)), r1(arg1, arg2), r2(arg3, arg4, arg5, arg6)

It is supposed to translate the following text into rules:
The weight on axle 1 cannot surpass the weight on axle 3.
Total operation time should be at least the sum of PTO, idle, and driving times.

Code after execution returns the following error:
Traceback (most recent call last):
  File ""/home/frank/Doktorat/ExKLoP/saved_outputs/Task2_syntax_outputs/Llama-8/2/python_code/79_output_python.py"", line 16, in <module>
    print(r3(4270.1, 2362.5, 2.1, 0.3, 1.0, 0.7))
  File ""/home/frank/Doktorat/ExKLoP/saved_outputs/Task2_syntax_outputs/Llama-8/2/python_code/79_output_python.py"", line 14, in r3
    return not(r1(arg1, arg2) and r2(arg3, arg4, arg5, arg6)), r1(arg1, arg2), r2(arg3, arg4, arg5, arg6)
TypeError: r2() takes 3 positional arguments but 4 were given


Please correct the code.   ";"The weight on axle 1 cannot surpass the weight on axle 3.
Total operation time should be at least the sum of PTO, idle, and driving times.";2;[['axle 1 load', 'axle 3 load'], ['total operation time', 'PTO operation time', 'idle time', 'driving time']];Llama-8;"def r1(axle1: float, axle3: float) -> bool:
    if axle1 <= axle3:
        return True
    else:
        return False

def r2(pto: float, idle: float, driving: float) -> bool:
    if pto + idle + driving >= 0:
        return True
    else:
        return False

def r3(arg1: float, arg2: float, arg3: float, arg4: float, arg5: float, arg6: float):
    return not(r1(arg1, arg2) and r2(arg3, arg4, arg5, arg6)), r1(arg1, arg2), r2(arg3, arg4, arg5, arg6)";Correct syntax;Error;"Traceback (most recent call last):
  File ""/home/frank/Doktorat/ExKLoP/saved_outputs/Task2_runtime_outputs/Llama-8/2/python_code/79_output_python.py"", line 16, in <module>
    print(r3(4270.1, 2362.5, 2.1, 0.3, 1.0, 0.7))
  File ""/home/frank/Doktorat/ExKLoP/saved_outputs/Task2_runtime_outputs/Llama-8/2/python_code/79_output_python.py"", line 14, in r3
    return not(r1(arg1, arg2) and r2(arg3, arg4, arg5, arg6)), r1(arg1, arg2), r2(arg3, arg4, arg5, arg6)
TypeError: r2() takes 3 positional arguments but 4 were given
"
"System Message:
        You are a logician with a background in mathematics that translates natural language
        reasoning text to Python3 code so that these natural language reasoning problems can be solved.
        During the translation, please pay close attention to defining variables and rules.
        Do not add any comments from you.
        Be guided by the following example:
        Example input text:
        Textual context: If the parameter A's value is at least 20, the lowest possible value of parameter B is 5.
If the parameter C's value is at least 20, the lowest possible value of parameter D is 40.
Parameter E's value cannot be less than parameter F's value.

        Example Python3 code:
        # If the parameter A's value is at least 20, the lowest possible value of parameter B is 5.
def r1(a: float, b: float) -> bool:
    if b / a >= 0.25:
        return True
    else:
        return False

# If the parameter C's value is at least 20, the lowest possible value of parameter D is 40.
def r2(c: float, d: float) -> bool:
    if d / c >= 2:
        return True
    else:
        return False

# Parameter E's value cannot be less than parameter F's value.
def r3(e: float, f: float) -> bool:
    if e >= f:
        return True
    else:
        return False


        
Input text:
Textual context: Idle time must always be less than or equal to the total operation time.
The load supported by axle 1 cannot exceed that of axle 3.
Payload must remain below or equal to the load carried by axle 3.";"Idle time must always be less than or equal to the total operation time.
The load supported by axle 1 cannot exceed that of axle 3.
Payload must remain below or equal to the load carried by axle 3.";3;[['idle time', 'total operation time'], ['axle 1 load', 'axle 3 load'], ['payload', 'axle 3 load']];Llama-8;"def r1(idle_time: float, total_operation_time: float) -> bool:
    if idle_time <= total_operation_time:
        return True
    else:
        return False

def r2(axle1_load: float, axle3_load: float) -> bool:
    if axle1_load <= axle3_load:
        return True
    else:
        return False

def r3(payload: float, axle3_load: float) -> bool:
    if payload <= axle3_load:
        return True
    else:
        return False

def r4(arg1: float, arg2: float, arg3: float, arg4: float, arg5: float, arg6: float):
    return not(r1(arg1, arg2) and r2(arg3, arg4) and r3(arg5, arg6)), r1(arg1, arg2), r2(arg3, arg4), r3(arg5, arg6)";Correct syntax;['True, True, False, False', 'False, True, True, True', 'True, False, True, True'];['True, True, False, False', 'False, True, True, True', 'True, False, True, True']
"System Message:
        You are a logician with a background in mathematics that translates natural language
        reasoning text to Python3 code so that these natural language reasoning problems can be solved.
        During the translation, please pay close attention to defining variables and rules.
        Do not add any comments from you.
        Be guided by the following example:
        Example input text:
        Textual context: If the parameter A's value is at least 20, the lowest possible value of parameter B is 5.
If the parameter C's value is at least 20, the lowest possible value of parameter D is 40.
Parameter E's value cannot be less than parameter F's value.

        Example Python3 code:
        # If the parameter A's value is at least 20, the lowest possible value of parameter B is 5.
def r1(a: float, b: float) -> bool:
    if b / a >= 0.25:
        return True
    else:
        return False

# If the parameter C's value is at least 20, the lowest possible value of parameter D is 40.
def r2(c: float, d: float) -> bool:
    if d / c >= 2:
        return True
    else:
        return False

# Parameter E's value cannot be less than parameter F's value.
def r3(e: float, f: float) -> bool:
    if e >= f:
        return True
    else:
        return False


        
Input text:
Textual context: Total operation time shouldn’t be lower than PTO operation time.
The weight on axle 1 cannot surpass the weight on axle 2.";"Total operation time shouldn’t be lower than PTO operation time.
The weight on axle 1 cannot surpass the weight on axle 2.";2;[['total operation time', 'PTO operation time'], ['axle 1 load', 'axle 2 load']];Llama-8;"def r1(total_operation_time: float, pto_operation_time: float) -> bool:
    if total_operation_time >= pto_operation_time:
        return True
    else:
        return False

def r2(axle1: float, axle2: float) -> bool:
    if axle1 <= axle2:
        return True
    else:
        return False

def r3(arg1: float, arg2: float, arg3: float, arg4: float):
    return not(r1(arg1, arg2) and r2(arg3, arg4)), r1(arg1, arg2), r2(arg3, arg4)";Correct syntax;['True, True, False', 'False, True, True', 'True, False, True'];['True, True, False', 'False, True, True', 'True, False, True']
"System Message:
You are an agent which task is to correct Python3 code implementing logical rules, generated by another large language model,
so that they throw no runtime errors during program execution and correspond to the logical assumptions expressed in natural language.
To perform this task you will receive a Python3 code with valid syntax, which not correspond to the logical premises and throw runtime errors,
and these logical premises expressed in natural language, which should be translated into rules in Python3 code.
Your task is to return a valid Python3 rules for a given premises, having corrected the runtime errors.
Improvements made should mainly include defining the correct number of arguments for each function according to corresponding premise
and using inside functions the proper variables, previously defined in the function declaration.
Do not make any corrections to the last function.
Please output only a valid Python code only with comments started with #.
Do not add any additional texts, tags and comments.
Be guided by the following examples:

Example 1
# If the parameter C's value is at least 20, the lowest possible value of parameter D is 40.
def r1(c: float, d: float) -> bool:
    if c >= 20 and d / c >= 0.4:
        return True
    else:
        return False

# Parameter W value should be at least the sum of parameter X, parameter Y and parameter Z.
def r2(x: float, y: float, z: float) -> bool:
    if x + y + z >= 0:
        return True
    else:
        return False

# To identify the day as abnormal, it is enough that even one or more conditions are violated.
def r3(arg1: float, arg2: float, arg3: float, arg4: float, arg5: float, arg6: float):
    return not(r1(arg1, arg2) and r2(arg3, arg4, arg5, arg6)), r1(arg1, arg2), r2(arg3, arg4, arg5, arg6)

It is supposed to translate the following example text into rules:
If the parameter C's value is at least 20, the lowest possible value of parameter D is 40.
Parameter W value should be at least the sum of parameter X, parameter Y and parameter Z.

Code after execution returns the following error:
Traceback (most recent call last):
  File ""/home/obywatelfg/Doktorat/Badania/Logic-LLM/LLM-logic/New_val_Adapt_Task2_outputs_python_no_final_rule/Llama-8/2/python_code/2_output_python.py"", line 18, in <module>
    print(r3(2226.8, 2432.3, 0.3, 0.9, 2.7, 1.0))
  File ""/home/obywatelfg/Doktorat/Badania/Logic-LLM/LLM-logic/New_val_Adapt_Task2_outputs_python_no_final_rule/Llama-8/2/python_code/2_output_python.py"", line 16, in r3
    return not(r1(arg1, arg2) and r2(arg3, arg4, arg5, arg6)), r1(arg1, arg2), r2(arg3, arg4, arg5, arg6)
TypeError: r2() takes 3 positional arguments but 4 were given

Please correct the code.

The corrected code should be the following:
# If the parameter C's value is at least 20, the lowest possible value of parameter D is 40.
def r1(c: float, d: float) -> bool:
    if c >= 20 and d / c >= 0.4:
        return True
    else:
        return False

# This function lack of parameter W in a function definition and a body, where logical rule should check the proportion between param W and sum of params x, y, z.
# Parameter W value should be at least the sum of parameter X, parameter Y and parameter Z.
def r2(x: float, y: float, z: float, w: float) -> bool:
    if x + y + z <= w:
        return True
    else:
        return False

# To identify the day as abnormal, it is enough that even one or more conditions are violated.
def r3(arg1: float, arg2: float, arg3: float, arg4: float, arg5: float, arg6: float):
    return not(r1(arg1, arg2) and r2(arg3, arg4, arg5, arg6)), r1(arg1, arg2), r2(arg3, arg4, arg5, arg6)


Example 2
# If the parameter C's value is at least 20, the lowest possible value of parameter D is 40.
def r1(c: float) -> bool:
    if c >= 40 and c >= 0.4:
        return True
    else:
        return False

# Parameter T's value shouldn't be lower than parameter P's value.
def r2(t: float, p: float) -> bool:
    if t >= p:
        return True
    else:
        return False

# To identify the day as abnormal, it is enough that even one or more conditions are violated.
def r3(arg1: float, arg2: float, arg3: float, arg4: float):
    return not(r1(arg1, arg2) and r2(arg3, arg4)), r1(arg1, arg2), r2(arg3, arg4)

It is supposed to translate the following example text into rules:
If the parameter C's value is at least 20, the lowest possible value of parameter D is 40.
Parameter T's value shouldn't be lower than parameter P's value.

Code after execution returns the following error:
Traceback (most recent call last):
  File ""/home/obywatelfg/Doktorat/Badania/Logic-LLM/LLM-logic/New_val_Adapt_Task2_outputs_python_no_final_rule/Llama-8/4/python_code/121_output_python.py"", line 32, in <module>
    print(r5(227.70000000000002, 75.9, 9.5, 1.9, 7203.1, 6652.3, 10268.5, 8400.7))
  File ""/home/obywatelfg/Doktorat/Badania/Logic-LLM/LLM-logic/New_val_Adapt_Task2_outputs_python_no_final_rule/Llama-8/4/python_code/121_output_python.py"", line 30, in r5
    return not(r1(arg1, arg2) and r2(arg3, arg4) and r3(arg5, arg6) and r4(arg7, arg8)), r1(arg1, arg2), r2(arg3, arg4), r3(arg5, arg6), r4(arg7, arg8)
TypeError: r1() takes 1 positional argument but 2 were given

Please correct the code.

The corrected code should be the following:
# If the parameter C's value is at least 20, the lowest possible value of parameter D is 40.
def r1(c: float, d: float) -> bool:
    if d / c >= 2:
        return True
    else:
        return False

# Parameter T's value shouldn't be lower than parameter P's value.
def r2(t: float, p: float) -> bool:
    if t >= p:
        return True
    else:
        return False

# To identify the day as abnormal, it is enough that even one or more conditions are violated.
def r3(arg1: float, arg2: float, arg3: float, arg4: float):
    return not(r1(arg1, arg2) and r2(arg3, arg4)), r1(arg1, arg2), r2(arg3, arg4)


The input for your task:
This is the Python3 code which not correspond to the given logical premises:
def r1(payload: float, load_axle2: float) -> bool:
    if payload <= load_axle2:
        return True
    else:
        return False

def r2(total_operation_duration: float, pto_idle_driving: float) -> bool:
    if total_operation_duration >= pto_idle_driving:
        return True
    else:
        return False

def r3(arg1: float, arg2: float, arg3: float, arg4: float, arg5: float, arg6: float):
    return not(r1(arg1, arg2) and r2(arg3, arg4, arg5, arg6)), r1(arg1, arg2), r2(arg3, arg4, arg5, arg6)

It is supposed to translate the following text into rules:
The payload must always be smaller than or equal to the load on axle 2.
The total operation duration must always be greater than or equal to the combined time for PTO, idle, and driving.

Code after execution returns the following error:
Traceback (most recent call last):
  File ""/home/frank/Doktorat/ExKLoP/saved_outputs/Task2_syntax_outputs/Llama-8/2/python_code/82_output_python.py"", line 16, in <module>
    print(r3(51.6, 7.7, 2.1, 0.3, 1.0, 0.7))
  File ""/home/frank/Doktorat/ExKLoP/saved_outputs/Task2_syntax_outputs/Llama-8/2/python_code/82_output_python.py"", line 14, in r3
    return not(r1(arg1, arg2) and r2(arg3, arg4, arg5, arg6)), r1(arg1, arg2), r2(arg3, arg4, arg5, arg6)
TypeError: r2() takes 2 positional arguments but 4 were given


Please correct the code.   ";"The payload must always be smaller than or equal to the load on axle 2.
The total operation duration must always be greater than or equal to the combined time for PTO, idle, and driving.";2;[['payload', 'axle 2 load'], ['total operation time', 'PTO operation time', 'idle time', 'driving time']];Llama-8;"def r1(payload: float, load_axle2: float) -> bool:
    if payload <= load_axle2:
        return True
    else:
        return False

def r2(pto_idle_driving: float, total_operation_duration: float) -> bool:
    if pto_idle_driving <= total_operation_duration:
        return True
    else:
        return False

def r3(arg1: float, arg2: float, arg3: float, arg4: float, arg5: float, arg6: float):
    return not(r1(arg1, arg2) and r2(arg3, arg4, arg5, arg6)), r1(arg1, arg2), r2(arg3, arg4, arg5, arg6)";Correct syntax;Error;"Traceback (most recent call last):
  File ""/home/frank/Doktorat/ExKLoP/saved_outputs/Task2_runtime_outputs/Llama-8/2/python_code/82_output_python.py"", line 16, in <module>
    print(r3(51.6, 7.7, 2.1, 0.3, 1.0, 0.7))
  File ""/home/frank/Doktorat/ExKLoP/saved_outputs/Task2_runtime_outputs/Llama-8/2/python_code/82_output_python.py"", line 14, in r3
    return not(r1(arg1, arg2) and r2(arg3, arg4, arg5, arg6)), r1(arg1, arg2), r2(arg3, arg4, arg5, arg6)
TypeError: r2() takes 2 positional arguments but 4 were given
"
"System Message:
        You are a logician with a background in mathematics that translates natural language
        reasoning text to Python3 code so that these natural language reasoning problems can be solved.
        During the translation, please pay close attention to defining variables and rules.
        Do not add any comments from you.
        Be guided by the following example:
        Example input text:
        Textual context: If the parameter A's value is at least 20, the lowest possible value of parameter B is 5.
If the parameter C's value is at least 20, the lowest possible value of parameter D is 40.
Parameter E's value cannot be less than parameter F's value.

        Example Python3 code:
        # If the parameter A's value is at least 20, the lowest possible value of parameter B is 5.
def r1(a: float, b: float) -> bool:
    if b / a >= 0.25:
        return True
    else:
        return False

# If the parameter C's value is at least 20, the lowest possible value of parameter D is 40.
def r2(c: float, d: float) -> bool:
    if d / c >= 2:
        return True
    else:
        return False

# Parameter E's value cannot be less than parameter F's value.
def r3(e: float, f: float) -> bool:
    if e >= f:
        return True
    else:
        return False


        
Input text:
Textual context: PTO operation time must be less than or equal to the total operation time.
The payload must not exceed the load carried by axle 3.";"PTO operation time must be less than or equal to the total operation time.
The payload must not exceed the load carried by axle 3.";2;[['PTO operation time', 'total operation time'], ['payload', 'axle 3 load']];Llama-8;"def r1(pto: float, total: float) -> bool:
    if pto <= total:
        return True
    else:
        return False

def r2(payload: float, axle3: float) -> bool:
    if payload <= axle3:
        return True
    else:
        return False

def r3(arg1: float, arg2: float, arg3: float, arg4: float):
    return not(r1(arg1, arg2) and r2(arg3, arg4)), r1(arg1, arg2), r2(arg3, arg4)";Correct syntax;['True, True, False', 'False, True, True', 'True, False, True'];['True, True, False', 'False, True, True', 'True, False, True']
"System Message:
        You are a logician with a background in mathematics that translates natural language
        reasoning text to Python3 code so that these natural language reasoning problems can be solved.
        During the translation, please pay close attention to defining variables and rules.
        Do not add any comments from you.
        Be guided by the following example:
        Example input text:
        Textual context: If the parameter A's value is at least 20, the lowest possible value of parameter B is 5.
If the parameter C's value is at least 20, the lowest possible value of parameter D is 40.
Parameter E's value cannot be less than parameter F's value.

        Example Python3 code:
        # If the parameter A's value is at least 20, the lowest possible value of parameter B is 5.
def r1(a: float, b: float) -> bool:
    if b / a >= 0.25:
        return True
    else:
        return False

# If the parameter C's value is at least 20, the lowest possible value of parameter D is 40.
def r2(c: float, d: float) -> bool:
    if d / c >= 2:
        return True
    else:
        return False

# Parameter E's value cannot be less than parameter F's value.
def r3(e: float, f: float) -> bool:
    if e >= f:
        return True
    else:
        return False


        
Input text:
Textual context: PTO operation time cannot be greater than the total operation time.
Total operation time must be greater than or equal to the sum of PTO operation, idle, and driving times.";"PTO operation time cannot be greater than the total operation time.
Total operation time must be greater than or equal to the sum of PTO operation, idle, and driving times.";2;[['PTO operation time', 'total operation time'], ['total operation time', 'PTO operation time', 'idle time', 'driving time']];Llama-8;"def r1(pto: float, total: float) -> bool:
    if pto <= total:
        return True
    else:
        return False

def r2(total: float, pto: float, idle: float, driving: float) -> bool:
    if total >= pto + idle + driving:
        return True
    else:
        return False

def r3(arg1: float, arg2: float, arg3: float, arg4: float, arg5: float, arg6: float):
    return not(r1(arg1, arg2) and r2(arg3, arg4, arg5, arg6)), r1(arg1, arg2), r2(arg3, arg4, arg5, arg6)";Correct syntax;['False, True, True', 'False, True, True', 'True, False, False'];['False, True, True', 'False, True, True', 'True, False, False']
"System Message:
        You are a logician with a background in mathematics that translates natural language
        reasoning text to Python3 code so that these natural language reasoning problems can be solved.
        During the translation, please pay close attention to defining variables and rules.
        Do not add any comments from you.
        Be guided by the following example:
        Example input text:
        Textual context: If the parameter A's value is at least 20, the lowest possible value of parameter B is 5.
If the parameter C's value is at least 20, the lowest possible value of parameter D is 40.
Parameter E's value cannot be less than parameter F's value.

        Example Python3 code:
        # If the parameter A's value is at least 20, the lowest possible value of parameter B is 5.
def r1(a: float, b: float) -> bool:
    if b / a >= 0.25:
        return True
    else:
        return False

# If the parameter C's value is at least 20, the lowest possible value of parameter D is 40.
def r2(c: float, d: float) -> bool:
    if d / c >= 2:
        return True
    else:
        return False

# Parameter E's value cannot be less than parameter F's value.
def r3(e: float, f: float) -> bool:
    if e >= f:
        return True
    else:
        return False


        
Input text:
Textual context: The load supported by axle 1 cannot exceed that of axle 2.";The load supported by axle 1 cannot exceed that of axle 2.;1;[['axle 1 load', 'axle 2 load']];Llama-8;"def r1(axle1: float, axle2: float) -> bool:
    if axle1 <= axle2:
        return True
    else:
        return False

def r2(arg1: float, arg2: float):
    return not(r1(arg1, arg2)), r1(arg1, arg2)";Correct syntax;['True, False', 'False, True', 'False, True'];['True, False', 'False, True', 'False, True']
"System Message:
        You are a logician with a background in mathematics that translates natural language
        reasoning text to Python3 code so that these natural language reasoning problems can be solved.
        During the translation, please pay close attention to defining variables and rules.
        Do not add any comments from you.
        Be guided by the following example:
        Example input text:
        Textual context: If the parameter A's value is at least 20, the lowest possible value of parameter B is 5.
If the parameter C's value is at least 20, the lowest possible value of parameter D is 40.
Parameter E's value cannot be less than parameter F's value.

        Example Python3 code:
        # If the parameter A's value is at least 20, the lowest possible value of parameter B is 5.
def r1(a: float, b: float) -> bool:
    if b / a >= 0.25:
        return True
    else:
        return False

# If the parameter C's value is at least 20, the lowest possible value of parameter D is 40.
def r2(c: float, d: float) -> bool:
    if d / c >= 2:
        return True
    else:
        return False

# Parameter E's value cannot be less than parameter F's value.
def r3(e: float, f: float) -> bool:
    if e >= f:
        return True
    else:
        return False


        
Input text:
Textual context: The total operation duration must not be lower than the idle time.
Stops with PTO engaged should never outnumber total stops.
The load carried by axle 1 must be smaller than or equal to the load on axle 2.";"The total operation duration must not be lower than the idle time.
Stops with PTO engaged should never outnumber total stops.
The load carried by axle 1 must be smaller than or equal to the load on axle 2.";3;[['total operation time', 'idle time'], ['stops with PTO engaged', 'stops'], ['axle 1 load', 'axle 2 load']];Llama-8;"def r1(operation_duration: float, idle_time: float) -> bool:
    if operation_duration >= idle_time:
        return True
    else:
        return False

def r2(pto_stops: int, total_stops: int) -> bool:
    if pto_stops <= total_stops:
        return True
    else:
        return False

def r3(axle1_load: float, axle2_load: float) -> bool:
    if axle1_load <= axle2_load:
        return True
    else:
        return False

def r4(arg1: float, arg2: float, arg3: float, arg4: float, arg5: float, arg6: float):
    return not(r1(arg1, arg2) and r2(arg3, arg4) and r3(arg5, arg6)), r1(arg1, arg2), r2(arg3, arg4), r3(arg5, arg6)";Correct syntax;['True, True, True, False', 'False, True, True, True', 'True, False, False, True'];['True, True, True, False', 'False, True, True, True', 'True, False, False, True']
"System Message:
        You are a logician with a background in mathematics that translates natural language
        reasoning text to Python3 code so that these natural language reasoning problems can be solved.
        During the translation, please pay close attention to defining variables and rules.
        Do not add any comments from you.
        Be guided by the following example:
        Example input text:
        Textual context: If the parameter A's value is at least 20, the lowest possible value of parameter B is 5.
If the parameter C's value is at least 20, the lowest possible value of parameter D is 40.
Parameter E's value cannot be less than parameter F's value.

        Example Python3 code:
        # If the parameter A's value is at least 20, the lowest possible value of parameter B is 5.
def r1(a: float, b: float) -> bool:
    if b / a >= 0.25:
        return True
    else:
        return False

# If the parameter C's value is at least 20, the lowest possible value of parameter D is 40.
def r2(c: float, d: float) -> bool:
    if d / c >= 2:
        return True
    else:
        return False

# Parameter E's value cannot be less than parameter F's value.
def r3(e: float, f: float) -> bool:
    if e >= f:
        return True
    else:
        return False


        
Input text:
Textual context: Total operation time should shouldn’t be lower than driving time.
The number of stops where PTO is engaged must not exceed the overall stop count.
Axle 1's load cannot exceed Axle 2's load.";"Total operation time should shouldn’t be lower than driving time.
The number of stops where PTO is engaged must not exceed the overall stop count.
Axle 1's load cannot exceed Axle 2's load.";3;[['total operation time', 'driving time'], ['stops with PTO engaged', 'stops'], ['axle 1 load', 'axle 2 load']];Llama-8;"def r1(op_time: float, drive_time: float) -> bool:
    if op_time >= drive_time:
        return True
    else:
        return False

def r2(pto_stops: int, overall_stops: int) -> bool:
    if pto_stops <= overall_stops:
        return True
    else:
        return False

def r3(axle1_load: float, axle2_load: float) -> bool:
    if axle1_load <= axle2_load:
        return True
    else:
        return False

def r4(arg1: float, arg2: float, arg3: float, arg4: float, arg5: float, arg6: float):
    return not(r1(arg1, arg2) and r2(arg3, arg4) and r3(arg5, arg6)), r1(arg1, arg2), r2(arg3, arg4), r3(arg5, arg6)";Correct syntax;['True, True, True, False', 'False, True, True, True', 'True, False, False, True'];['True, True, True, False', 'False, True, True, True', 'True, False, False, True']
"System Message:
        You are a logician with a background in mathematics that translates natural language
        reasoning text to Python3 code so that these natural language reasoning problems can be solved.
        During the translation, please pay close attention to defining variables and rules.
        Do not add any comments from you.
        Be guided by the following example:
        Example input text:
        Textual context: If the parameter A's value is at least 20, the lowest possible value of parameter B is 5.
If the parameter C's value is at least 20, the lowest possible value of parameter D is 40.
Parameter E's value cannot be less than parameter F's value.

        Example Python3 code:
        # If the parameter A's value is at least 20, the lowest possible value of parameter B is 5.
def r1(a: float, b: float) -> bool:
    if b / a >= 0.25:
        return True
    else:
        return False

# If the parameter C's value is at least 20, the lowest possible value of parameter D is 40.
def r2(c: float, d: float) -> bool:
    if d / c >= 2:
        return True
    else:
        return False

# Parameter E's value cannot be less than parameter F's value.
def r3(e: float, f: float) -> bool:
    if e >= f:
        return True
    else:
        return False


        
Input text:
Textual context: The total operation duration must not be lower than the PTO operation time.
The load supported by axle 1 cannot exceed that of axle 2.
Axle 3's load must always be equal to or greater than the payload.";"The total operation duration must not be lower than the PTO operation time.
The load supported by axle 1 cannot exceed that of axle 2.
Axle 3's load must always be equal to or greater than the payload.";3;[['total operation time', 'PTO operation time'], ['axle 1 load', 'axle 2 load'], ['axle 3 load', 'payload']];Llama-8;"def r1(total_operation_duration: float, pto_operation_time: float) -> bool:
    if total_operation_duration >= pto_operation_time:
        return True
    else:
        return False

def r2(axle1_load: float, axle2_load: float) -> bool:
    if axle1_load <= axle2_load:
        return True
    else:
        return False

def r3(axle3_load: float, payload: float) -> bool:
    if axle3_load >= payload:
        return True
    else:
        return False

def r4(arg1: float, arg2: float, arg3: float, arg4: float, arg5: float, arg6: float):
    return not(r1(arg1, arg2) and r2(arg3, arg4) and r3(arg5, arg6)), r1(arg1, arg2), r2(arg3, arg4), r3(arg5, arg6)";Correct syntax;['True, True, False, False', 'False, True, True, True', 'True, False, True, True'];['True, True, False, False', 'False, True, True, True', 'True, False, True, True']
"System Message:
        You are a logician with a background in mathematics that translates natural language
        reasoning text to Python3 code so that these natural language reasoning problems can be solved.
        During the translation, please pay close attention to defining variables and rules.
        Do not add any comments from you.
        Be guided by the following example:
        Example input text:
        Textual context: If the parameter A's value is at least 20, the lowest possible value of parameter B is 5.
If the parameter C's value is at least 20, the lowest possible value of parameter D is 40.
Parameter E's value cannot be less than parameter F's value.

        Example Python3 code:
        # If the parameter A's value is at least 20, the lowest possible value of parameter B is 5.
def r1(a: float, b: float) -> bool:
    if b / a >= 0.25:
        return True
    else:
        return False

# If the parameter C's value is at least 20, the lowest possible value of parameter D is 40.
def r2(c: float, d: float) -> bool:
    if d / c >= 2:
        return True
    else:
        return False

# Parameter E's value cannot be less than parameter F's value.
def r3(e: float, f: float) -> bool:
    if e >= f:
        return True
    else:
        return False


        
Input text:
Textual context: The total operation durationmust not be lower than the driving time.
Payload must remain below or equal to the load carried by axle 2.";"The total operation durationmust not be lower than the driving time.
Payload must remain below or equal to the load carried by axle 2.";2;[['total operation time', 'driving time'], ['payload', 'axle 2 load']];Llama-8;"def r1(c: float, d: float) -> bool:
    if c >= d:
        return True
    else:
        return False

def r2(e: float, f: float) -> bool:
    if e <= f:
        return True
    else:
        return False

def r3(arg1: float, arg2: float, arg3: float, arg4: float):
    return not(r1(arg1, arg2) and r2(arg3, arg4)), r1(arg1, arg2), r2(arg3, arg4)";Correct syntax;['True, True, False', 'False, True, True', 'True, False, True'];['True, True, False', 'False, True, True', 'True, False, True']
"System Message:
        You are a logician with a background in mathematics that translates natural language
        reasoning text to Python3 code so that these natural language reasoning problems can be solved.
        During the translation, please pay close attention to defining variables and rules.
        Do not add any comments from you.
        Be guided by the following example:
        Example input text:
        Textual context: If the parameter A's value is at least 20, the lowest possible value of parameter B is 5.
If the parameter C's value is at least 20, the lowest possible value of parameter D is 40.
Parameter E's value cannot be less than parameter F's value.

        Example Python3 code:
        # If the parameter A's value is at least 20, the lowest possible value of parameter B is 5.
def r1(a: float, b: float) -> bool:
    if b / a >= 0.25:
        return True
    else:
        return False

# If the parameter C's value is at least 20, the lowest possible value of parameter D is 40.
def r2(c: float, d: float) -> bool:
    if d / c >= 2:
        return True
    else:
        return False

# Parameter E's value cannot be less than parameter F's value.
def r3(e: float, f: float) -> bool:
    if e >= f:
        return True
    else:
        return False


        
Input text:
Textual context: PTO operation time should be less than or equal to the total operation time.
Axle 3's load must always be equal to or greater than the payload.";"PTO operation time should be less than or equal to the total operation time.
Axle 3's load must always be equal to or greater than the payload.";2;[['PTO operation time', 'total operation time'], ['axle 3 load', 'payload']];Llama-8;"def r1(pto_operation_time: float, total_operation_time: float) -> bool:
    if pto_operation_time <= total_operation_time:
        return True
    else:
        return False

def r2(axle3_load: float, payload: float) -> bool:
    if axle3_load >= payload:
        return True
    else:
        return False

def r3(arg1: float, arg2: float, arg3: float, arg4: float):
    return not(r1(arg1, arg2) and r2(arg3, arg4)), r1(arg1, arg2), r2(arg3, arg4)";Correct syntax;['True, True, False', 'False, True, True', 'True, False, True'];['True, True, False', 'False, True, True', 'True, False, True']
"System Message:
You are an agent which task is to correct Python3 code implementing logical rules, generated by another large language model,
so that they throw no runtime errors during program execution and correspond to the logical assumptions expressed in natural language.
To perform this task you will receive a Python3 code with valid syntax, which not correspond to the logical premises and throw runtime errors,
and these logical premises expressed in natural language, which should be translated into rules in Python3 code.
Your task is to return a valid Python3 rules for a given premises, having corrected the runtime errors.
Improvements made should mainly include defining the correct number of arguments for each function according to corresponding premise
and using inside functions the proper variables, previously defined in the function declaration.
Do not make any corrections to the last function.
Please output only a valid Python code only with comments started with #.
Do not add any additional texts, tags and comments.
Be guided by the following examples:

Example 1
# If the parameter C's value is at least 20, the lowest possible value of parameter D is 40.
def r1(c: float, d: float) -> bool:
    if c >= 20 and d / c >= 0.4:
        return True
    else:
        return False

# Parameter W value should be at least the sum of parameter X, parameter Y and parameter Z.
def r2(x: float, y: float, z: float) -> bool:
    if x + y + z >= 0:
        return True
    else:
        return False

# To identify the day as abnormal, it is enough that even one or more conditions are violated.
def r3(arg1: float, arg2: float, arg3: float, arg4: float, arg5: float, arg6: float):
    return not(r1(arg1, arg2) and r2(arg3, arg4, arg5, arg6)), r1(arg1, arg2), r2(arg3, arg4, arg5, arg6)

It is supposed to translate the following example text into rules:
If the parameter C's value is at least 20, the lowest possible value of parameter D is 40.
Parameter W value should be at least the sum of parameter X, parameter Y and parameter Z.

Code after execution returns the following error:
Traceback (most recent call last):
  File ""/home/obywatelfg/Doktorat/Badania/Logic-LLM/LLM-logic/New_val_Adapt_Task2_outputs_python_no_final_rule/Llama-8/2/python_code/2_output_python.py"", line 18, in <module>
    print(r3(2226.8, 2432.3, 0.3, 0.9, 2.7, 1.0))
  File ""/home/obywatelfg/Doktorat/Badania/Logic-LLM/LLM-logic/New_val_Adapt_Task2_outputs_python_no_final_rule/Llama-8/2/python_code/2_output_python.py"", line 16, in r3
    return not(r1(arg1, arg2) and r2(arg3, arg4, arg5, arg6)), r1(arg1, arg2), r2(arg3, arg4, arg5, arg6)
TypeError: r2() takes 3 positional arguments but 4 were given

Please correct the code.

The corrected code should be the following:
# If the parameter C's value is at least 20, the lowest possible value of parameter D is 40.
def r1(c: float, d: float) -> bool:
    if c >= 20 and d / c >= 0.4:
        return True
    else:
        return False

# This function lack of parameter W in a function definition and a body, where logical rule should check the proportion between param W and sum of params x, y, z.
# Parameter W value should be at least the sum of parameter X, parameter Y and parameter Z.
def r2(x: float, y: float, z: float, w: float) -> bool:
    if x + y + z <= w:
        return True
    else:
        return False

# To identify the day as abnormal, it is enough that even one or more conditions are violated.
def r3(arg1: float, arg2: float, arg3: float, arg4: float, arg5: float, arg6: float):
    return not(r1(arg1, arg2) and r2(arg3, arg4, arg5, arg6)), r1(arg1, arg2), r2(arg3, arg4, arg5, arg6)


Example 2
# If the parameter C's value is at least 20, the lowest possible value of parameter D is 40.
def r1(c: float) -> bool:
    if c >= 40 and c >= 0.4:
        return True
    else:
        return False

# Parameter T's value shouldn't be lower than parameter P's value.
def r2(t: float, p: float) -> bool:
    if t >= p:
        return True
    else:
        return False

# To identify the day as abnormal, it is enough that even one or more conditions are violated.
def r3(arg1: float, arg2: float, arg3: float, arg4: float):
    return not(r1(arg1, arg2) and r2(arg3, arg4)), r1(arg1, arg2), r2(arg3, arg4)

It is supposed to translate the following example text into rules:
If the parameter C's value is at least 20, the lowest possible value of parameter D is 40.
Parameter T's value shouldn't be lower than parameter P's value.

Code after execution returns the following error:
Traceback (most recent call last):
  File ""/home/obywatelfg/Doktorat/Badania/Logic-LLM/LLM-logic/New_val_Adapt_Task2_outputs_python_no_final_rule/Llama-8/4/python_code/121_output_python.py"", line 32, in <module>
    print(r5(227.70000000000002, 75.9, 9.5, 1.9, 7203.1, 6652.3, 10268.5, 8400.7))
  File ""/home/obywatelfg/Doktorat/Badania/Logic-LLM/LLM-logic/New_val_Adapt_Task2_outputs_python_no_final_rule/Llama-8/4/python_code/121_output_python.py"", line 30, in r5
    return not(r1(arg1, arg2) and r2(arg3, arg4) and r3(arg5, arg6) and r4(arg7, arg8)), r1(arg1, arg2), r2(arg3, arg4), r3(arg5, arg6), r4(arg7, arg8)
TypeError: r1() takes 1 positional argument but 2 were given

Please correct the code.

The corrected code should be the following:
# If the parameter C's value is at least 20, the lowest possible value of parameter D is 40.
def r1(c: float, d: float) -> bool:
    if d / c >= 2:
        return True
    else:
        return False

# Parameter T's value shouldn't be lower than parameter P's value.
def r2(t: float, p: float) -> bool:
    if t >= p:
        return True
    else:
        return False

# To identify the day as abnormal, it is enough that even one or more conditions are violated.
def r3(arg1: float, arg2: float, arg3: float, arg4: float):
    return not(r1(arg1, arg2) and r2(arg3, arg4)), r1(arg1, arg2), r2(arg3, arg4)


The input for your task:
This is the Python3 code which not correspond to the given logical premises:
def r1(a: float, b: float) -> bool:
    if a >= b:
        return True
    else:
        return False

def r2(c: float, d: float) -> bool:
    if c <= d:
        return True
    else:
        return False

def r3(e: float, f: float, g: float) -> bool:
    if e >= f + g:
        return True
    else:
        return False

def r4(arg1: float, arg2: float, arg3: float, arg4: float, arg5: float, arg6: float, arg7: float, arg8: float):
    return not(r1(arg1, arg2) and r2(arg3, arg4) and r3(arg5, arg6, arg7, arg8)), r1(arg1, arg2), r2(arg3, arg4), r3(arg5, arg6, arg7, arg8)

It is supposed to translate the following text into rules:
Total operation time shouldn’t be lower than PTO operation time.
PTO-engaged stops cannot exceed the total number of stops.
Total operation time must be greater than or equal to the sum of PTO operation, idle, and driving times.

Code after execution returns the following error:
Traceback (most recent call last):
  File ""/home/frank/Doktorat/ExKLoP/saved_outputs/Task2_syntax_outputs/Llama-8/3/python_code/91_output_python.py"", line 22, in <module>
    print(r4(5.7, 4.0, 110, 171, 2.1, 0.3, 1.0, 0.7))
  File ""/home/frank/Doktorat/ExKLoP/saved_outputs/Task2_syntax_outputs/Llama-8/3/python_code/91_output_python.py"", line 20, in r4
    return not(r1(arg1, arg2) and r2(arg3, arg4) and r3(arg5, arg6, arg7, arg8)), r1(arg1, arg2), r2(arg3, arg4), r3(arg5, arg6, arg7, arg8)
TypeError: r3() takes 3 positional arguments but 4 were given


Please correct the code.   ";"Total operation time shouldn’t be lower than PTO operation time.
PTO-engaged stops cannot exceed the total number of stops.
Total operation time must be greater than or equal to the sum of PTO operation, idle, and driving times.";3;[['total operation time', 'PTO operation time'], ['stops with PTO engaged', 'stops'], ['total operation time', 'PTO operation time', 'idle time', 'driving time']];Llama-8;"def r1(a: float, b: float) -> bool:
    if a >= b:
        return True
    else:
        return False

def r2(c: float, d: float) -> bool:
    if c <= d:
        return True
    else:
        return False

def r3(e: float, f: float, g: float, h: float) -> bool:
    if e >= f + g + h:
        return True
    else:
        return False

def r4(arg1: float, arg2: float, arg3: float, arg4: float, arg5: float, arg6: float, arg7: float, arg8: float):
    return not(r1(arg1, arg2) and r2(arg3, arg4) and r3(arg5, arg6, arg7, arg8)), r1(arg1, arg2), r2(arg3, arg4), r3(arg5, arg6, arg7, arg8)";Correct syntax;['False, True, True, True', 'False, True, True, True', 'True, False, False, False'];['False, True, True, True', 'False, True, True, True', 'True, False, False, False']
"System Message:
        You are a logician with a background in mathematics that translates natural language
        reasoning text to Python3 code so that these natural language reasoning problems can be solved.
        During the translation, please pay close attention to defining variables and rules.
        Do not add any comments from you.
        Be guided by the following example:
        Example input text:
        Textual context: If the parameter A's value is at least 20, the lowest possible value of parameter B is 5.
If the parameter C's value is at least 20, the lowest possible value of parameter D is 40.
Parameter E's value cannot be less than parameter F's value.

        Example Python3 code:
        # If the parameter A's value is at least 20, the lowest possible value of parameter B is 5.
def r1(a: float, b: float) -> bool:
    if b / a >= 0.25:
        return True
    else:
        return False

# If the parameter C's value is at least 20, the lowest possible value of parameter D is 40.
def r2(c: float, d: float) -> bool:
    if d / c >= 2:
        return True
    else:
        return False

# Parameter E's value cannot be less than parameter F's value.
def r3(e: float, f: float) -> bool:
    if e >= f:
        return True
    else:
        return False


        
Input text:
Textual context: Driving time must always be less than or equal to the total operation time.
The number of stops where PTO is engaged must not exceed the overall stop count.
The load on axle 1 must not surpass the load on axle 3.";"Driving time must always be less than or equal to the total operation time.
The number of stops where PTO is engaged must not exceed the overall stop count.
The load on axle 1 must not surpass the load on axle 3.";3;[['driving time', 'total operation time'], ['stops with PTO engaged', 'stops'], ['axle 1 load', 'axle 3 load']];Llama-8;"def r1(driving_time: float, total_operation_time: float) -> bool:
    if driving_time <= total_operation_time:
        return True
    else:
        return False

def r2(stops_with_pto: int, overall_stop_count: int) -> bool:
    if stops_with_pto <= overall_stop_count:
        return True
    else:
        return False

def r3(load_axle1: float, load_axle3: float) -> bool:
    if load_axle1 <= load_axle3:
        return True
    else:
        return False

def r4(arg1: float, arg2: float, arg3: float, arg4: float, arg5: float, arg6: float):
    return not(r1(arg1, arg2) and r2(arg3, arg4) and r3(arg5, arg6)), r1(arg1, arg2), r2(arg3, arg4), r3(arg5, arg6)";Correct syntax;['True, True, True, False', 'False, True, True, True', 'True, False, False, True'];['True, True, True, False', 'False, True, True, True', 'True, False, False, True']
"System Message:
        You are a logician with a background in mathematics that translates natural language
        reasoning text to Python3 code so that these natural language reasoning problems can be solved.
        During the translation, please pay close attention to defining variables and rules.
        Do not add any comments from you.
        Be guided by the following example:
        Example input text:
        Textual context: If the parameter A's value is at least 20, the lowest possible value of parameter B is 5.
If the parameter C's value is at least 20, the lowest possible value of parameter D is 40.
Parameter E's value cannot be less than parameter F's value.

        Example Python3 code:
        # If the parameter A's value is at least 20, the lowest possible value of parameter B is 5.
def r1(a: float, b: float) -> bool:
    if b / a >= 0.25:
        return True
    else:
        return False

# If the parameter C's value is at least 20, the lowest possible value of parameter D is 40.
def r2(c: float, d: float) -> bool:
    if d / c >= 2:
        return True
    else:
        return False

# Parameter E's value cannot be less than parameter F's value.
def r3(e: float, f: float) -> bool:
    if e >= f:
        return True
    else:
        return False


        
Input text:
Textual context: The total operation duration must not be lower than the idle time.
Payload must remain below or equal to the load carried by axle 2.
The payload must not exceed the load carried by axle 3.";"The total operation duration must not be lower than the idle time.
Payload must remain below or equal to the load carried by axle 2.
The payload must not exceed the load carried by axle 3.";3;[['total operation time', 'idle time'], ['payload', 'axle 2 load'], ['payload', 'axle 3 load']];Llama-8;"def r1(idle_time: float, operation_duration: float) -> bool:
    if operation_duration >= idle_time:
        return True
    else:
        return False

def r2(axle2_load: float, payload: float) -> bool:
    if payload <= axle2_load:
        return True
    else:
        return False

def r3(axle3_load: float, payload: float) -> bool:
    if payload <= axle3_load:
        return True
    else:
        return False

def r4(arg1: float, arg2: float, arg3: float, arg4: float, arg5: float, arg6: float):
    return not(r1(arg1, arg2) and r2(arg3, arg4) and r3(arg5, arg6)), r1(arg1, arg2), r2(arg3, arg4), r3(arg5, arg6)";Correct syntax;['True, True, False, False', 'False, True, True, True', 'True, False, True, True'];['True, False, True, True', 'False, True, True, True', 'True, True, False, False']
"System Message:
You are an agent which task is to correct Python3 code implementing logical rules, generated by another large language model,
so that they throw no runtime errors during program execution and correspond to the logical assumptions expressed in natural language.
To perform this task you will receive a Python3 code with valid syntax, which not correspond to the logical premises and throw runtime errors,
and these logical premises expressed in natural language, which should be translated into rules in Python3 code.
Your task is to return a valid Python3 rules for a given premises, having corrected the runtime errors.
Improvements made should mainly include defining the correct number of arguments for each function according to corresponding premise
and using inside functions the proper variables, previously defined in the function declaration.
Do not make any corrections to the last function.
Please output only a valid Python code only with comments started with #.
Do not add any additional texts, tags and comments.
Be guided by the following examples:

Example 1
# If the parameter C's value is at least 20, the lowest possible value of parameter D is 40.
def r1(c: float, d: float) -> bool:
    if c >= 20 and d / c >= 0.4:
        return True
    else:
        return False

# Parameter W value should be at least the sum of parameter X, parameter Y and parameter Z.
def r2(x: float, y: float, z: float) -> bool:
    if x + y + z >= 0:
        return True
    else:
        return False

# To identify the day as abnormal, it is enough that even one or more conditions are violated.
def r3(arg1: float, arg2: float, arg3: float, arg4: float, arg5: float, arg6: float):
    return not(r1(arg1, arg2) and r2(arg3, arg4, arg5, arg6)), r1(arg1, arg2), r2(arg3, arg4, arg5, arg6)

It is supposed to translate the following example text into rules:
If the parameter C's value is at least 20, the lowest possible value of parameter D is 40.
Parameter W value should be at least the sum of parameter X, parameter Y and parameter Z.

Code after execution returns the following error:
Traceback (most recent call last):
  File ""/home/obywatelfg/Doktorat/Badania/Logic-LLM/LLM-logic/New_val_Adapt_Task2_outputs_python_no_final_rule/Llama-8/2/python_code/2_output_python.py"", line 18, in <module>
    print(r3(2226.8, 2432.3, 0.3, 0.9, 2.7, 1.0))
  File ""/home/obywatelfg/Doktorat/Badania/Logic-LLM/LLM-logic/New_val_Adapt_Task2_outputs_python_no_final_rule/Llama-8/2/python_code/2_output_python.py"", line 16, in r3
    return not(r1(arg1, arg2) and r2(arg3, arg4, arg5, arg6)), r1(arg1, arg2), r2(arg3, arg4, arg5, arg6)
TypeError: r2() takes 3 positional arguments but 4 were given

Please correct the code.

The corrected code should be the following:
# If the parameter C's value is at least 20, the lowest possible value of parameter D is 40.
def r1(c: float, d: float) -> bool:
    if c >= 20 and d / c >= 0.4:
        return True
    else:
        return False

# This function lack of parameter W in a function definition and a body, where logical rule should check the proportion between param W and sum of params x, y, z.
# Parameter W value should be at least the sum of parameter X, parameter Y and parameter Z.
def r2(x: float, y: float, z: float, w: float) -> bool:
    if x + y + z <= w:
        return True
    else:
        return False

# To identify the day as abnormal, it is enough that even one or more conditions are violated.
def r3(arg1: float, arg2: float, arg3: float, arg4: float, arg5: float, arg6: float):
    return not(r1(arg1, arg2) and r2(arg3, arg4, arg5, arg6)), r1(arg1, arg2), r2(arg3, arg4, arg5, arg6)


Example 2
# If the parameter C's value is at least 20, the lowest possible value of parameter D is 40.
def r1(c: float) -> bool:
    if c >= 40 and c >= 0.4:
        return True
    else:
        return False

# Parameter T's value shouldn't be lower than parameter P's value.
def r2(t: float, p: float) -> bool:
    if t >= p:
        return True
    else:
        return False

# To identify the day as abnormal, it is enough that even one or more conditions are violated.
def r3(arg1: float, arg2: float, arg3: float, arg4: float):
    return not(r1(arg1, arg2) and r2(arg3, arg4)), r1(arg1, arg2), r2(arg3, arg4)

It is supposed to translate the following example text into rules:
If the parameter C's value is at least 20, the lowest possible value of parameter D is 40.
Parameter T's value shouldn't be lower than parameter P's value.

Code after execution returns the following error:
Traceback (most recent call last):
  File ""/home/obywatelfg/Doktorat/Badania/Logic-LLM/LLM-logic/New_val_Adapt_Task2_outputs_python_no_final_rule/Llama-8/4/python_code/121_output_python.py"", line 32, in <module>
    print(r5(227.70000000000002, 75.9, 9.5, 1.9, 7203.1, 6652.3, 10268.5, 8400.7))
  File ""/home/obywatelfg/Doktorat/Badania/Logic-LLM/LLM-logic/New_val_Adapt_Task2_outputs_python_no_final_rule/Llama-8/4/python_code/121_output_python.py"", line 30, in r5
    return not(r1(arg1, arg2) and r2(arg3, arg4) and r3(arg5, arg6) and r4(arg7, arg8)), r1(arg1, arg2), r2(arg3, arg4), r3(arg5, arg6), r4(arg7, arg8)
TypeError: r1() takes 1 positional argument but 2 were given

Please correct the code.

The corrected code should be the following:
# If the parameter C's value is at least 20, the lowest possible value of parameter D is 40.
def r1(c: float, d: float) -> bool:
    if d / c >= 2:
        return True
    else:
        return False

# Parameter T's value shouldn't be lower than parameter P's value.
def r2(t: float, p: float) -> bool:
    if t >= p:
        return True
    else:
        return False

# To identify the day as abnormal, it is enough that even one or more conditions are violated.
def r3(arg1: float, arg2: float, arg3: float, arg4: float):
    return not(r1(arg1, arg2) and r2(arg3, arg4)), r1(arg1, arg2), r2(arg3, arg4)


The input for your task:
This is the Python3 code which not correspond to the given logical premises:
def r1(idle_time: float, total_operation_time: float) -> bool:
    if idle_time <= total_operation_time:
        return True
    else:
        return False

def r2(pto_engaged_stops: int, total_stops: int) -> bool:
    if ptos_stops <= total_stops:
        return True
    else:
        return False

def r3(payload: float, axle2_capacity: float) -> bool:
    if payload <= axle2_capacity:
        return True
    else:
        return False

def r4(arg1: float, arg2: float, arg3: float, arg4: float, arg5: float, arg6: float):
    return not(r1(arg1, arg2) and r2(arg3, arg4) and r3(arg5, arg6)), r1(arg1, arg2), r2(arg3, arg4), r3(arg5, arg6)

It is supposed to translate the following text into rules:
Idle time must always be less than or equal to the total operation time.
PTO-engaged stops cannot exceed the total number of stops.
The payload cannot exceed the capacity of axle 2.

Code after execution returns the following error:
Traceback (most recent call last):
  File ""/home/frank/Doktorat/ExKLoP/saved_outputs/Task2_syntax_outputs/Llama-8/3/python_code/94_output_python.py"", line 22, in <module>
    print(r4(2.0, 3.8, 110, 171, 51.6, 7.7))
  File ""/home/frank/Doktorat/ExKLoP/saved_outputs/Task2_syntax_outputs/Llama-8/3/python_code/94_output_python.py"", line 20, in r4
    return not(r1(arg1, arg2) and r2(arg3, arg4) and r3(arg5, arg6)), r1(arg1, arg2), r2(arg3, arg4), r3(arg5, arg6)
  File ""/home/frank/Doktorat/ExKLoP/saved_outputs/Task2_syntax_outputs/Llama-8/3/python_code/94_output_python.py"", line 8, in r2
    if ptos_stops <= total_stops:
NameError: name 'ptos_stops' is not defined. Did you mean: 'total_stops'?


Please correct the code.   ";"Idle time must always be less than or equal to the total operation time.
PTO-engaged stops cannot exceed the total number of stops.
The payload cannot exceed the capacity of axle 2.";3;[['idle time', 'total operation time'], ['stops with PTO engaged', 'stops'], ['payload', 'axle 2 load']];Llama-8;"def r1(idle_time: float, total_operation_time: float) -> bool:
    if idle_time <= total_operation_time:
        return True
    else:
        return False

def r2(pto_engaged_stops: int, total_stops: int) -> bool:
    if pto_engaged_stops <= total_stops:
        return True
    else:
        return False

def r3(payload: float, axle2_capacity: float) -> bool:
    if payload <= axle2_capacity:
        return True
    else:
        return False

def r4(arg1: float, arg2: float, arg3: float, arg4: float, arg5: float, arg6: float):
    return not(r1(arg1, arg2) and r2(arg3, arg4) and r3(arg5, arg6)), r1(arg1, arg2), r2(arg3, arg4), r3(arg5, arg6)";Correct syntax;['True, True, True, False', 'False, True, True, True', 'True, False, False, True'];['True, True, True, False', 'False, True, True, True', 'True, False, False, True']
"System Message:
        You are a logician with a background in mathematics that translates natural language
        reasoning text to Python3 code so that these natural language reasoning problems can be solved.
        During the translation, please pay close attention to defining variables and rules.
        Do not add any comments from you.
        Be guided by the following example:
        Example input text:
        Textual context: If the parameter A's value is at least 20, the lowest possible value of parameter B is 5.
If the parameter C's value is at least 20, the lowest possible value of parameter D is 40.
Parameter E's value cannot be less than parameter F's value.

        Example Python3 code:
        # If the parameter A's value is at least 20, the lowest possible value of parameter B is 5.
def r1(a: float, b: float) -> bool:
    if b / a >= 0.25:
        return True
    else:
        return False

# If the parameter C's value is at least 20, the lowest possible value of parameter D is 40.
def r2(c: float, d: float) -> bool:
    if d / c >= 2:
        return True
    else:
        return False

# Parameter E's value cannot be less than parameter F's value.
def r3(e: float, f: float) -> bool:
    if e >= f:
        return True
    else:
        return False


        
Input text:
Textual context: The load on axle 1 must not surpass the load on axle 2.
Total operation time must be greater than or equal to the sum of PTO operation, idle, and driving times.";"The load on axle 1 must not surpass the load on axle 2.
Total operation time must be greater than or equal to the sum of PTO operation, idle, and driving times.";2;[['axle 1 load', 'axle 2 load'], ['total operation time', 'PTO operation time', 'idle time', 'driving time']];Llama-8;"def r1(a1: float, a2: float) -> bool:
    if a1 <= a2:
        return True
    else:
        return False

def r2(t: float, p: float, i: float, d: float) -> bool:
    if t >= p + i + d:
        return True
    else:
        return False

def r3(arg1: float, arg2: float, arg3: float, arg4: float, arg5: float, arg6: float):
    return not(r1(arg1, arg2) and r2(arg3, arg4, arg5, arg6)), r1(arg1, arg2), r2(arg3, arg4, arg5, arg6)";Correct syntax;['True, False, True', 'False, True, True', 'True, True, False'];['True, False, True', 'False, True, True', 'True, True, False']
"System Message:
        You are a logician with a background in mathematics that translates natural language
        reasoning text to Python3 code so that these natural language reasoning problems can be solved.
        During the translation, please pay close attention to defining variables and rules.
        Do not add any comments from you.
        Be guided by the following example:
        Example input text:
        Textual context: If the parameter A's value is at least 20, the lowest possible value of parameter B is 5.
If the parameter C's value is at least 20, the lowest possible value of parameter D is 40.
Parameter E's value cannot be less than parameter F's value.

        Example Python3 code:
        # If the parameter A's value is at least 20, the lowest possible value of parameter B is 5.
def r1(a: float, b: float) -> bool:
    if b / a >= 0.25:
        return True
    else:
        return False

# If the parameter C's value is at least 20, the lowest possible value of parameter D is 40.
def r2(c: float, d: float) -> bool:
    if d / c >= 2:
        return True
    else:
        return False

# Parameter E's value cannot be less than parameter F's value.
def r3(e: float, f: float) -> bool:
    if e >= f:
        return True
    else:
        return False


        
Input text:
Textual context: The number of stops where PTO is engaged must not exceed the overall stop count.
Payload must remain below or equal to the load carried by axle 2.
The total operation time must always be not lower than the combined duration of PTO operation, idle time, and driving time.";"The number of stops where PTO is engaged must not exceed the overall stop count.
Payload must remain below or equal to the load carried by axle 2.
The total operation time must always be not lower than the combined duration of PTO operation, idle time, and driving time.";3;[['stops with PTO engaged', 'stops'], ['payload', 'axle 2 load'], ['total operation time', 'PTO operation time', 'idle time', 'driving time']];Llama-8;"def r1(stops_pto: int, overall_stops: int) -> bool:
    if stops_pto <= overall_stops:
        return True
    else:
        return False

def r2(payload: float, load_axle2: float) -> bool:
    if payload <= load_axle2:
        return True
    else:
        return False

def r3(total_operation_time: float, pto_operation_time: float, idle_time: float, driving_time: float) -> bool:
    if total_operation_time >= pto_operation_time + idle_time + driving_time:
        return True
    else:
        return False

def r4(arg1: float, arg2: float, arg3: float, arg4: float, arg5: float, arg6: float, arg7: float, arg8: float):
    return not(r1(arg1, arg2) and r2(arg3, arg4) and r3(arg5, arg6, arg7, arg8)), r1(arg1, arg2), r2(arg3, arg4), r3(arg5, arg6, arg7, arg8)";Correct syntax;['True, True, False, True', 'False, True, True, True', 'True, False, True, False'];['True, True, False, True', 'False, True, True, True', 'True, False, True, False']
"System Message:
        You are a logician with a background in mathematics that translates natural language
        reasoning text to Python3 code so that these natural language reasoning problems can be solved.
        During the translation, please pay close attention to defining variables and rules.
        Do not add any comments from you.
        Be guided by the following example:
        Example input text:
        Textual context: If the parameter A's value is at least 20, the lowest possible value of parameter B is 5.
If the parameter C's value is at least 20, the lowest possible value of parameter D is 40.
Parameter E's value cannot be less than parameter F's value.

        Example Python3 code:
        # If the parameter A's value is at least 20, the lowest possible value of parameter B is 5.
def r1(a: float, b: float) -> bool:
    if b / a >= 0.25:
        return True
    else:
        return False

# If the parameter C's value is at least 20, the lowest possible value of parameter D is 40.
def r2(c: float, d: float) -> bool:
    if d / c >= 2:
        return True
    else:
        return False

# Parameter E's value cannot be less than parameter F's value.
def r3(e: float, f: float) -> bool:
    if e >= f:
        return True
    else:
        return False


        
Input text:
Textual context: PTO operation time cannot be greater than the total operation time.
Idle time should be less than or equal to the total operation time.
The combined time for PTO operation, idle time, and driving time must not surpass the total operation time.";"PTO operation time cannot be greater than the total operation time.
Idle time should be less than or equal to the total operation time.
The combined time for PTO operation, idle time, and driving time must not surpass the total operation time.";3;[['PTO operation time', 'total operation time'], ['idle time', 'total operation time'], ['PTO operation time', 'idle time', 'driving time', 'total operation time']];Llama-8;"def r1(pto: float, total: float) -> bool:
    if pto <= total:
        return True
    else:
        return False

def r2(idle: float, total: float) -> bool:
    if idle <= total:
        return True
    else:
        return False

def r3(pto: float, idle: float, driving: float, total: float) -> bool:
    if pto + idle + driving <= total:
        return True
    else:
        return False

def r4(arg1: float, arg2: float, arg3: float, arg4: float, arg5: float, arg6: float, arg7: float, arg8: float):
    return not(r1(arg1, arg2) and r2(arg3, arg4) and r3(arg5, arg6, arg7, arg8)), r1(arg1, arg2), r2(arg3, arg4), r3(arg5, arg6, arg7, arg8)";Correct syntax;['False, True, True, True', 'False, True, True, True', 'True, False, False, False'];['False, True, True, True', 'False, True, True, True', 'True, False, False, False']
"System Message:
        You are a logician with a background in mathematics that translates natural language
        reasoning text to Python3 code so that these natural language reasoning problems can be solved.
        During the translation, please pay close attention to defining variables and rules.
        Do not add any comments from you.
        Be guided by the following example:
        Example input text:
        Textual context: If the parameter A's value is at least 20, the lowest possible value of parameter B is 5.
If the parameter C's value is at least 20, the lowest possible value of parameter D is 40.
Parameter E's value cannot be less than parameter F's value.

        Example Python3 code:
        # If the parameter A's value is at least 20, the lowest possible value of parameter B is 5.
def r1(a: float, b: float) -> bool:
    if b / a >= 0.25:
        return True
    else:
        return False

# If the parameter C's value is at least 20, the lowest possible value of parameter D is 40.
def r2(c: float, d: float) -> bool:
    if d / c >= 2:
        return True
    else:
        return False

# Parameter E's value cannot be less than parameter F's value.
def r3(e: float, f: float) -> bool:
    if e >= f:
        return True
    else:
        return False


        
Input text:
Textual context: Axle 1's load cannot exceed Axle 2's load.
The load carried by axle 1 must be smaller than or equal to the load on axle 3.
Payload must remain below or equal to the load carried by axle 2.";"Axle 1's load cannot exceed Axle 2's load.
The load carried by axle 1 must be smaller than or equal to the load on axle 3.
Payload must remain below or equal to the load carried by axle 2.";3;[['axle 1 load', 'axle 2 load'], ['axle 1 load', 'axle 3 load'], ['payload', 'axle 2 load']];Llama-8;"def r1(a1: float, a2: float) -> bool:
    if a1 <= a2:
        return True
    else:
        return False

def r2(a1: float, a3: float) -> bool:
    if a1 <= a3:
        return True
    else:
        return False

def r3(p: float, a2: float) -> bool:
    if p <= a2:
        return True
    else:
        return False

def r4(arg1: float, arg2: float, arg3: float, arg4: float, arg5: float, arg6: float):
    return not(r1(arg1, arg2) and r2(arg3, arg4) and r3(arg5, arg6)), r1(arg1, arg2), r2(arg3, arg4), r3(arg5, arg6)";Correct syntax;['True, False, False, False', 'False, True, True, True', 'False, True, True, True'];['True, False, False, False', 'False, True, True, True', 'False, True, True, True']
"System Message:
        You are a logician with a background in mathematics that translates natural language
        reasoning text to Python3 code so that these natural language reasoning problems can be solved.
        During the translation, please pay close attention to defining variables and rules.
        Do not add any comments from you.
        Be guided by the following example:
        Example input text:
        Textual context: If the parameter A's value is at least 20, the lowest possible value of parameter B is 5.
If the parameter C's value is at least 20, the lowest possible value of parameter D is 40.
Parameter E's value cannot be less than parameter F's value.
Parameter G's value cannot be less than parameter H's value.

        Example Python3 code:
        # If the parameter A's value is at least 20, the lowest possible value of parameter B is 5.
def r1(a: float, b: float) -> bool:
    if b / a >= 0.25:
        return True
    else:
        return False

# If the parameter C's value is at least 20, the lowest possible value of parameter D is 40.
def r2(c: float, d: float) -> bool:
    if d / c >= 2:
        return True
    else:
        return False

# Parameter E's value cannot be less than parameter F's value.
def r3(e: float, f: float) -> bool:
    if e >= f:
        return True
    else:
        return False

# Parameter G's value cannot be less than parameter H's value.
def r4(g: float, h: float) -> bool:
    if g >= h:
        return True
    else:
        return False


        
Input text:
Textual context: Total operation time shouldn’t be lower than PTO operation time.
Total operation time should shouldn’t be lower than driving time.
The total stop count must not be lower than the count of stops where PTO is engaged.
The payload must always be smaller than or equal to the load on axle 2.";"Total operation time shouldn’t be lower than PTO operation time.
Total operation time should shouldn’t be lower than driving time.
The total stop count must not be lower than the count of stops where PTO is engaged.
The payload must always be smaller than or equal to the load on axle 2.";4;[['total operation time', 'PTO operation time'], ['total operation time', 'driving time'], ['stops', 'stops with PTO engaged'], ['payload', 'axle 2 load']];Llama-8;"def r1(a: float, b: float) -> bool:
    if a >= b:
        return True
    else:
        return False

def r2(a: float, c: float) -> bool:
    if a >= c:
        return True
    else:
        return False

def r3(d: int, e: int) -> bool:
    if d >= e:
        return True
    else:
        return False

def r4(f: float, g: float) -> bool:
    if f <= g:
        return True
    else:
        return False

def r5(arg1: float, arg2: float, arg3: float, arg4: float, arg5: float, arg6: float, arg7: float, arg8: float):
    return not(r1(arg1, arg2) and r2(arg3, arg4) and r3(arg5, arg6) and r4(arg7, arg8)), r1(arg1, arg2), r2(arg3, arg4), r3(arg5, arg6), r4(arg7, arg8)";Correct syntax;['True, True, True, True, False', 'False, True, True, True, True', 'True, False, False, False, True'];['True, True, True, True, False', 'False, True, True, True, True', 'True, False, False, False, True']
"System Message:
        You are a logician with a background in mathematics that translates natural language
        reasoning text to Python3 code so that these natural language reasoning problems can be solved.
        During the translation, please pay close attention to defining variables and rules.
        Do not add any comments from you.
        Be guided by the following example:
        Example input text:
        Textual context: If the parameter A's value is at least 20, the lowest possible value of parameter B is 5.
If the parameter C's value is at least 20, the lowest possible value of parameter D is 40.
Parameter E's value cannot be less than parameter F's value.
Parameter G's value cannot be less than parameter H's value.

        Example Python3 code:
        # If the parameter A's value is at least 20, the lowest possible value of parameter B is 5.
def r1(a: float, b: float) -> bool:
    if b / a >= 0.25:
        return True
    else:
        return False

# If the parameter C's value is at least 20, the lowest possible value of parameter D is 40.
def r2(c: float, d: float) -> bool:
    if d / c >= 2:
        return True
    else:
        return False

# Parameter E's value cannot be less than parameter F's value.
def r3(e: float, f: float) -> bool:
    if e >= f:
        return True
    else:
        return False

# Parameter G's value cannot be less than parameter H's value.
def r4(g: float, h: float) -> bool:
    if g >= h:
        return True
    else:
        return False


        
Input text:
Textual context: Idle time must always be less than or equal to the total operation time.
The load supported by axle 1 cannot exceed that of axle 2.";"Idle time must always be less than or equal to the total operation time.
The load supported by axle 1 cannot exceed that of axle 2.";2;[['idle time', 'total operation time'], ['axle 1 load', 'axle 2 load']];Llama-8;"def r1(idle_time: float, operation_time: float) -> bool:
    if idle_time <= operation_time:
        return True
    else:
        return False

def r2(axle1_load: float, axle2_load: float) -> bool:
    if axle1_load <= axle2_load:
        return True
    else:
        return False

def r3(arg1: float, arg2: float, arg3: float, arg4: float):
    return not(r1(arg1, arg2) and r2(arg3, arg4)), r1(arg1, arg2), r2(arg3, arg4)";Correct syntax;['True, True, False', 'False, True, True', 'True, False, True'];['True, True, False', 'False, True, True', 'True, False, True']
"System Message:
        You are a logician with a background in mathematics that translates natural language
        reasoning text to Python3 code so that these natural language reasoning problems can be solved.
        During the translation, please pay close attention to defining variables and rules.
        Do not add any comments from you.
        Be guided by the following example:
        Example input text:
        Textual context: If the parameter A's value is at least 20, the lowest possible value of parameter B is 5.
If the parameter C's value is at least 20, the lowest possible value of parameter D is 40.
Parameter E's value cannot be less than parameter F's value.
Parameter G's value cannot be less than parameter H's value.

        Example Python3 code:
        # If the parameter A's value is at least 20, the lowest possible value of parameter B is 5.
def r1(a: float, b: float) -> bool:
    if b / a >= 0.25:
        return True
    else:
        return False

# If the parameter C's value is at least 20, the lowest possible value of parameter D is 40.
def r2(c: float, d: float) -> bool:
    if d / c >= 2:
        return True
    else:
        return False

# Parameter E's value cannot be less than parameter F's value.
def r3(e: float, f: float) -> bool:
    if e >= f:
        return True
    else:
        return False

# Parameter G's value cannot be less than parameter H's value.
def r4(g: float, h: float) -> bool:
    if g >= h:
        return True
    else:
        return False


        
Input text:
Textual context: PTO operation time cannot be greater than the total operation time.
The load carried by axle 1 must be smaller than or equal to the load on axle 2.
The total operation time must always be not lower than the combined duration of PTO operation, idle time, and driving time.";"PTO operation time cannot be greater than the total operation time.
The load carried by axle 1 must be smaller than or equal to the load on axle 2.
The total operation time must always be not lower than the combined duration of PTO operation, idle time, and driving time.";3;[['PTO operation time', 'total operation time'], ['axle 1 load', 'axle 2 load'], ['total operation time', 'PTO operation time', 'idle time', 'driving time']];Llama-8;"def r1(pto_time: float, total_time: float) -> bool:
    if pto_time <= total_time:
        return True
    else:
        return False

def r2(axle1_load: float, axle2_load: float) -> bool:
    if axle1_load <= axle2_load:
        return True
    else:
        return False

def r3(total_time: float, pto_time: float, idle_time: float, driving_time: float) -> bool:
    if total_time >= pto_time + idle_time + driving_time:
        return True
    else:
        return False

def r4(arg1: float, arg2: float, arg3: float, arg4: float, arg5: float, arg6: float, arg7: float, arg8: float):
    return not(r1(arg1, arg2) and r2(arg3, arg4) and r3(arg5, arg6, arg7, arg8)), r1(arg1, arg2), r2(arg3, arg4), r3(arg5, arg6, arg7, arg8)";Correct syntax;['True, True, False, True', 'False, True, True, True', 'True, False, True, False'];['True, True, False, True', 'False, True, True, True', 'True, False, True, False']
"System Message:
        You are a logician with a background in mathematics that translates natural language
        reasoning text to Python3 code so that these natural language reasoning problems can be solved.
        During the translation, please pay close attention to defining variables and rules.
        Do not add any comments from you.
        Be guided by the following example:
        Example input text:
        Textual context: If the parameter A's value is at least 20, the lowest possible value of parameter B is 5.
If the parameter C's value is at least 20, the lowest possible value of parameter D is 40.
Parameter E's value cannot be less than parameter F's value.
Parameter G's value cannot be less than parameter H's value.

        Example Python3 code:
        # If the parameter A's value is at least 20, the lowest possible value of parameter B is 5.
def r1(a: float, b: float) -> bool:
    if b / a >= 0.25:
        return True
    else:
        return False

# If the parameter C's value is at least 20, the lowest possible value of parameter D is 40.
def r2(c: float, d: float) -> bool:
    if d / c >= 2:
        return True
    else:
        return False

# Parameter E's value cannot be less than parameter F's value.
def r3(e: float, f: float) -> bool:
    if e >= f:
        return True
    else:
        return False

# Parameter G's value cannot be less than parameter H's value.
def r4(g: float, h: float) -> bool:
    if g >= h:
        return True
    else:
        return False


        
Input text:
Textual context: PTO operation time should be less than or equal to the total operation time.
Stops with PTO engaged cannot outnumber the total stops.
The load carried by axle 1 must be smaller than or equal to the load on axle 3.
Payload must remain below or equal to the load carried by axle 2.";"PTO operation time should be less than or equal to the total operation time.
Stops with PTO engaged cannot outnumber the total stops.
The load carried by axle 1 must be smaller than or equal to the load on axle 3.
Payload must remain below or equal to the load carried by axle 2.";4;[['PTO operation time', 'total operation time'], ['stops with PTO engaged', 'stops'], ['axle 1 load', 'axle 3 load'], ['payload', 'axle 2 load']];Llama-8;"def r1(pto: float, total: float) -> bool:
    if pto <= total:
        return True
    else:
        return False

def r2(pto_stops: int, total_stops: int) -> bool:
    if pto_stops <= total_stops:
        return True
    else:
        return False

def r3(axle1: float, axle3: float) -> bool:
    if axle1 <= axle3:
        return True
    else:
        return False

def r4(payload: float, axle2: float) -> bool:
    if payload <= axle2:
        return True
    else:
        return False

def r5(arg1: float, arg2: float, arg3: float, arg4: float, arg5: float, arg6: float, arg7: float, arg8: float):
    return not(r1(arg1, arg2) and r2(arg3, arg4) and r3(arg5, arg6) and r4(arg7, arg8)), r1(arg1, arg2), r2(arg3, arg4), r3(arg5, arg6), r4(arg7, arg8)";Correct syntax;['True, True, True, False, False', 'False, True, True, True, True', 'True, False, False, True, True'];['True, True, True, False, False', 'False, True, True, True, True', 'True, False, False, True, True']
"System Message:
        You are a logician with a background in mathematics that translates natural language
        reasoning text to Python3 code so that these natural language reasoning problems can be solved.
        During the translation, please pay close attention to defining variables and rules.
        Do not add any comments from you.
        Be guided by the following example:
        Example input text:
        Textual context: If the parameter A's value is at least 20, the lowest possible value of parameter B is 5.
If the parameter C's value is at least 20, the lowest possible value of parameter D is 40.
Parameter E's value cannot be less than parameter F's value.
Parameter G's value cannot be less than parameter H's value.

        Example Python3 code:
        # If the parameter A's value is at least 20, the lowest possible value of parameter B is 5.
def r1(a: float, b: float) -> bool:
    if b / a >= 0.25:
        return True
    else:
        return False

# If the parameter C's value is at least 20, the lowest possible value of parameter D is 40.
def r2(c: float, d: float) -> bool:
    if d / c >= 2:
        return True
    else:
        return False

# Parameter E's value cannot be less than parameter F's value.
def r3(e: float, f: float) -> bool:
    if e >= f:
        return True
    else:
        return False

# Parameter G's value cannot be less than parameter H's value.
def r4(g: float, h: float) -> bool:
    if g >= h:
        return True
    else:
        return False


        
Input text:
Textual context: The total operation duration must not be lower than the PTO operation time.
Total operation time shouldn’t be lower than idle time.
Axle 1's load cannot exceed Axle 3's load.
The payload must always be smaller than or equal to the load on axle 2.";"The total operation duration must not be lower than the PTO operation time.
Total operation time shouldn’t be lower than idle time.
Axle 1's load cannot exceed Axle 3's load.
The payload must always be smaller than or equal to the load on axle 2.";4;[['total operation time', 'PTO operation time'], ['total operation time', 'idle time'], ['axle 1 load', 'axle 3 load'], ['payload', 'axle 2 load']];Llama-8;"def r1(a: float, b: float) -> bool:
    if a >= b:
        return True
    else:
        return False

def r2(a: float, c: float) -> bool:
    if a >= c:
        return True
    else:
        return False

def r3(d: float, e: float) -> bool:
    if d <= e:
        return True
    else:
        return False

def r4(f: float, g: float) -> bool:
    if f <= g:
        return True
    else:
        return False

def r5(arg1: float, arg2: float, arg3: float, arg4: float, arg5: float, arg6: float, arg7: float, arg8: float):
    return not(r1(arg1, arg2) and r2(arg3, arg4) and r3(arg5, arg6) and r4(arg7, arg8)), r1(arg1, arg2), r2(arg3, arg4), r3(arg5, arg6), r4(arg7, arg8)";Correct syntax;['True, True, True, False, False', 'False, True, True, True, True', 'True, False, False, True, True'];['True, True, True, False, False', 'False, True, True, True, True', 'True, False, False, True, True']
"System Message:
        You are a logician with a background in mathematics that translates natural language
        reasoning text to Python3 code so that these natural language reasoning problems can be solved.
        During the translation, please pay close attention to defining variables and rules.
        Do not add any comments from you.
        Be guided by the following example:
        Example input text:
        Textual context: If the parameter A's value is at least 20, the lowest possible value of parameter B is 5.
If the parameter C's value is at least 20, the lowest possible value of parameter D is 40.
Parameter E's value cannot be less than parameter F's value.
Parameter G's value cannot be less than parameter H's value.

        Example Python3 code:
        # If the parameter A's value is at least 20, the lowest possible value of parameter B is 5.
def r1(a: float, b: float) -> bool:
    if b / a >= 0.25:
        return True
    else:
        return False

# If the parameter C's value is at least 20, the lowest possible value of parameter D is 40.
def r2(c: float, d: float) -> bool:
    if d / c >= 2:
        return True
    else:
        return False

# Parameter E's value cannot be less than parameter F's value.
def r3(e: float, f: float) -> bool:
    if e >= f:
        return True
    else:
        return False

# Parameter G's value cannot be less than parameter H's value.
def r4(g: float, h: float) -> bool:
    if g >= h:
        return True
    else:
        return False


        
Input text:
Textual context: The payload cannot exceed the capacity of axle 3.
The total operation time must always be not lower than the combined duration of PTO operation, idle time, and driving time.";"The payload cannot exceed the capacity of axle 3.
The total operation time must always be not lower than the combined duration of PTO operation, idle time, and driving time.";2;[['payload', 'axle 3 load'], ['total operation time', 'PTO operation time', 'idle time', 'driving time']];Llama-8;"def r1(payload: float, axle3_capacity: float) -> bool:
    if payload <= axle3_capacity:
        return True
    else:
        return False

def r2(total_operation_time: float, pto_operation_time: float, idle_time: float, driving_time: float) -> bool:
    if total_operation_time >= pto_operation_time + idle_time + driving_time:
        return True
    else:
        return False

def r3(arg1: float, arg2: float, arg3: float, arg4: float, arg5: float, arg6: float):
    return not(r1(arg1, arg2) and r2(arg3, arg4, arg5, arg6)), r1(arg1, arg2), r2(arg3, arg4, arg5, arg6)";Correct syntax;['True, False, True', 'False, True, True', 'True, True, False'];['True, False, True', 'False, True, True', 'True, True, False']
"System Message:
        You are a logician with a background in mathematics that translates natural language
        reasoning text to Python3 code so that these natural language reasoning problems can be solved.
        During the translation, please pay close attention to defining variables and rules.
        Do not add any comments from you.
        Be guided by the following example:
        Example input text:
        Textual context: If the parameter A's value is at least 20, the lowest possible value of parameter B is 5.
If the parameter C's value is at least 20, the lowest possible value of parameter D is 40.
Parameter E's value cannot be less than parameter F's value.
Parameter G's value cannot be less than parameter H's value.

        Example Python3 code:
        # If the parameter A's value is at least 20, the lowest possible value of parameter B is 5.
def r1(a: float, b: float) -> bool:
    if b / a >= 0.25:
        return True
    else:
        return False

# If the parameter C's value is at least 20, the lowest possible value of parameter D is 40.
def r2(c: float, d: float) -> bool:
    if d / c >= 2:
        return True
    else:
        return False

# Parameter E's value cannot be less than parameter F's value.
def r3(e: float, f: float) -> bool:
    if e >= f:
        return True
    else:
        return False

# Parameter G's value cannot be less than parameter H's value.
def r4(g: float, h: float) -> bool:
    if g >= h:
        return True
    else:
        return False


        
Input text:
Textual context: Total operation time shouldn’t be lower than PTO operation time.
The total operation durationmust not be lower than the driving time.
Payload must remain below or equal to the load carried by axle 2.
Total operation time should be at least the sum of PTO, idle, and driving times.";"Total operation time shouldn’t be lower than PTO operation time.
The total operation durationmust not be lower than the driving time.
Payload must remain below or equal to the load carried by axle 2.
Total operation time should be at least the sum of PTO, idle, and driving times.";4;[['total operation time', 'PTO operation time'], ['total operation time', 'driving time'], ['payload', 'axle 2 load'], ['total operation time', 'PTO operation time', 'idle time', 'driving time']];Llama-8;"def r1(pto: float, tot: float) -> bool:
    if tot >= pto:
        return True
    else:
        return False

def r2(driving: float, tot: float) -> bool:
    if tot >= driving:
        return True
    else:
        return False

def r3(axle2: float, payload: float) -> bool:
    if payload <= axle2:
        return True
    else:
        return False

def r4(pto: float, idle: float, driving: float, tot: float) -> bool:
    if tot >= pto + idle + driving:
        return True
    else:
        return False

def r5(arg1: float, arg2: float, arg3: float, arg4: float, arg5: float, arg6: float, arg7: float, arg8: float, arg9: float, arg10: float):
    return not(r1(arg1, arg2) and r2(arg3, arg4) and r3(arg5, arg6) and r4(arg7, arg8, arg9, arg10)), r1(arg1, arg2), r2(arg3, arg4), r3(arg5, arg6), r4(arg7, arg8, arg9, arg10)";Correct syntax;['True, True, True, False, True', 'False, True, True, True, True', 'True, False, False, True, False'];['True, False, False, True, False', 'True, True, True, True, False', 'True, True, True, False, False']
"System Message:
You are an agent which task is to correct Python3 code implementing logical rules, generated by another large language model,
so that they throw no runtime errors during program execution and correspond to the logical assumptions expressed in natural language.
To perform this task you will receive a Python3 code with valid syntax, which not correspond to the logical premises and throw runtime errors,
and these logical premises expressed in natural language, which should be translated into rules in Python3 code.
Your task is to return a valid Python3 rules for a given premises, having corrected the runtime errors.
Improvements made should mainly include defining the correct number of arguments for each function according to corresponding premise
and using inside functions the proper variables, previously defined in the function declaration.
Do not make any corrections to the last function.
Please output only a valid Python code only with comments started with #.
Do not add any additional texts, tags and comments.
Be guided by the following examples:

Example 1
# If the parameter C's value is at least 20, the lowest possible value of parameter D is 40.
def r1(c: float, d: float) -> bool:
    if c >= 20 and d / c >= 0.4:
        return True
    else:
        return False

# Parameter W value should be at least the sum of parameter X, parameter Y and parameter Z.
def r2(x: float, y: float, z: float) -> bool:
    if x + y + z >= 0:
        return True
    else:
        return False

# To identify the day as abnormal, it is enough that even one or more conditions are violated.
def r3(arg1: float, arg2: float, arg3: float, arg4: float, arg5: float, arg6: float):
    return not(r1(arg1, arg2) and r2(arg3, arg4, arg5, arg6)), r1(arg1, arg2), r2(arg3, arg4, arg5, arg6)

It is supposed to translate the following example text into rules:
If the parameter C's value is at least 20, the lowest possible value of parameter D is 40.
Parameter W value should be at least the sum of parameter X, parameter Y and parameter Z.

Code after execution returns the following error:
Traceback (most recent call last):
  File ""/home/obywatelfg/Doktorat/Badania/Logic-LLM/LLM-logic/New_val_Adapt_Task2_outputs_python_no_final_rule/Llama-8/2/python_code/2_output_python.py"", line 18, in <module>
    print(r3(2226.8, 2432.3, 0.3, 0.9, 2.7, 1.0))
  File ""/home/obywatelfg/Doktorat/Badania/Logic-LLM/LLM-logic/New_val_Adapt_Task2_outputs_python_no_final_rule/Llama-8/2/python_code/2_output_python.py"", line 16, in r3
    return not(r1(arg1, arg2) and r2(arg3, arg4, arg5, arg6)), r1(arg1, arg2), r2(arg3, arg4, arg5, arg6)
TypeError: r2() takes 3 positional arguments but 4 were given

Please correct the code.

The corrected code should be the following:
# If the parameter C's value is at least 20, the lowest possible value of parameter D is 40.
def r1(c: float, d: float) -> bool:
    if c >= 20 and d / c >= 0.4:
        return True
    else:
        return False

# This function lack of parameter W in a function definition and a body, where logical rule should check the proportion between param W and sum of params x, y, z.
# Parameter W value should be at least the sum of parameter X, parameter Y and parameter Z.
def r2(x: float, y: float, z: float, w: float) -> bool:
    if x + y + z <= w:
        return True
    else:
        return False

# To identify the day as abnormal, it is enough that even one or more conditions are violated.
def r3(arg1: float, arg2: float, arg3: float, arg4: float, arg5: float, arg6: float):
    return not(r1(arg1, arg2) and r2(arg3, arg4, arg5, arg6)), r1(arg1, arg2), r2(arg3, arg4, arg5, arg6)


Example 2
# If the parameter C's value is at least 20, the lowest possible value of parameter D is 40.
def r1(c: float) -> bool:
    if c >= 40 and c >= 0.4:
        return True
    else:
        return False

# Parameter T's value shouldn't be lower than parameter P's value.
def r2(t: float, p: float) -> bool:
    if t >= p:
        return True
    else:
        return False

# To identify the day as abnormal, it is enough that even one or more conditions are violated.
def r3(arg1: float, arg2: float, arg3: float, arg4: float):
    return not(r1(arg1, arg2) and r2(arg3, arg4)), r1(arg1, arg2), r2(arg3, arg4)

It is supposed to translate the following example text into rules:
If the parameter C's value is at least 20, the lowest possible value of parameter D is 40.
Parameter T's value shouldn't be lower than parameter P's value.

Code after execution returns the following error:
Traceback (most recent call last):
  File ""/home/obywatelfg/Doktorat/Badania/Logic-LLM/LLM-logic/New_val_Adapt_Task2_outputs_python_no_final_rule/Llama-8/4/python_code/121_output_python.py"", line 32, in <module>
    print(r5(227.70000000000002, 75.9, 9.5, 1.9, 7203.1, 6652.3, 10268.5, 8400.7))
  File ""/home/obywatelfg/Doktorat/Badania/Logic-LLM/LLM-logic/New_val_Adapt_Task2_outputs_python_no_final_rule/Llama-8/4/python_code/121_output_python.py"", line 30, in r5
    return not(r1(arg1, arg2) and r2(arg3, arg4) and r3(arg5, arg6) and r4(arg7, arg8)), r1(arg1, arg2), r2(arg3, arg4), r3(arg5, arg6), r4(arg7, arg8)
TypeError: r1() takes 1 positional argument but 2 were given

Please correct the code.

The corrected code should be the following:
# If the parameter C's value is at least 20, the lowest possible value of parameter D is 40.
def r1(c: float, d: float) -> bool:
    if d / c >= 2:
        return True
    else:
        return False

# Parameter T's value shouldn't be lower than parameter P's value.
def r2(t: float, p: float) -> bool:
    if t >= p:
        return True
    else:
        return False

# To identify the day as abnormal, it is enough that even one or more conditions are violated.
def r3(arg1: float, arg2: float, arg3: float, arg4: float):
    return not(r1(arg1, arg2) and r2(arg3, arg4)), r1(arg1, arg2), r2(arg3, arg4)


The input for your task:
This is the Python3 code which not correspond to the given logical premises:
def r1(idle_time: float, total_operation_time: float) -> bool:
    if idle_time <= total_operation_time:
        return True
    else:
        return False

def r2(driving_time: float, total_operation_time: float) -> bool:
    if driving_time <= total_operation_time:
        return True
    else:
        return False

def r3(pto_operation_time: float, idle_time: float, driving_time: float, total_operation_time: float) -> bool:
    if pto_operation_time + idle_time + driving_time <= total_operation_time:
        return True
    else:
        return False

def r5(arg1: float, arg2: float, arg3: float, arg4: float, arg5: float, arg6: float, arg7: float, arg8: float, arg9: float, arg10: float):
    return not(r1(arg1, arg2) and r2(arg3, arg4) and r3(arg5, arg6) and r4(arg7, arg8, arg9, arg10)), r1(arg1, arg2), r2(arg3, arg4), r3(arg5, arg6), r4(arg7, arg8, arg9, arg10)

It is supposed to translate the following text into rules:
Idle time must always be less than or equal to the total operation time.
Driving time must always be less than or equal to the total operation time.
Stops with PTO engaged should never outnumber total stops.
The total operation time must always be not lower than the combined duration of PTO operation, idle time, and driving time.

Code after execution returns the following error:
Traceback (most recent call last):
  File ""/home/frank/Doktorat/ExKLoP/saved_outputs/Task2_syntax_outputs/Llama-8/4/python_code/106_output_python.py"", line 22, in <module>
    print(r5(2.0, 3.8, 3.2, 8.6, 110, 171, 2.1, 0.3, 1.0, 0.7))
  File ""/home/frank/Doktorat/ExKLoP/saved_outputs/Task2_syntax_outputs/Llama-8/4/python_code/106_output_python.py"", line 20, in r5
    return not(r1(arg1, arg2) and r2(arg3, arg4) and r3(arg5, arg6) and r4(arg7, arg8, arg9, arg10)), r1(arg1, arg2), r2(arg3, arg4), r3(arg5, arg6), r4(arg7, arg8, arg9, arg10)
TypeError: r3() missing 2 required positional arguments: 'driving_time' and 'total_operation_time'


Please correct the code.   ";"Idle time must always be less than or equal to the total operation time.
Driving time must always be less than or equal to the total operation time.
Stops with PTO engaged should never outnumber total stops.
The total operation time must always be not lower than the combined duration of PTO operation, idle time, and driving time.";4;[['idle time', 'total operation time'], ['driving time', 'total operation time'], ['stops with PTO engaged', 'stops'], ['total operation time', 'PTO operation time', 'idle time', 'driving time']];Llama-8;"def r1(idle_time: float, total_operation_time: float) -> bool:
    if idle_time <= total_operation_time:
        return True
    else:
        return False

def r2(driving_time: float, total_operation_time: float) -> bool:
    if driving_time <= total_operation_time:
        return True
    else:
        return False

def r3(pto_operation_time: float, total_operation_time: float) -> bool:
    if pto_operation_time <= total_operation_time:
        return True
    else:
        return False

def r4(pto_operation_time: float, idle_time: float, driving_time: float, total_operation_time: float) -> bool:
    if pto_operation_time + idle_time + driving_time <= total_operation_time:
        return True
    else:
        return False

def r5(arg1: float, arg2: float, arg3: float, arg4: float, arg5: float, arg6: float, arg7: float, arg8: float, arg9: float, arg10: float):
    return not(r1(arg1, arg2) and r2(arg3, arg4) and r3(arg5, arg6) and r4(arg7, arg8, arg9, arg10)), r1(arg1, arg2), r2(arg3, arg4), r3(arg5, arg6), r4(arg7, arg8, arg9, arg10)";Correct syntax;['False, True, True, True, True', 'False, True, True, True, True', 'True, False, False, False, False'];['True, True, True, True, False', 'True, True, True, True, False', 'True, False, False, False, False']
"System Message:
You are an agent which task is to correct Python3 code implementing logical rules, generated by another large language model,
so that they throw no runtime errors during program execution and correspond to the logical assumptions expressed in natural language.
To perform this task you will receive a Python3 code with valid syntax, which not correspond to the logical premises and throw runtime errors,
and these logical premises expressed in natural language, which should be translated into rules in Python3 code.
Your task is to return a valid Python3 rules for a given premises, having corrected the runtime errors.
Improvements made should mainly include defining the correct number of arguments for each function according to corresponding premise
and using inside functions the proper variables, previously defined in the function declaration.
Do not make any corrections to the last function.
Please output only a valid Python code only with comments started with #.
Do not add any additional texts, tags and comments.
Be guided by the following examples:

Example 1
# If the parameter C's value is at least 20, the lowest possible value of parameter D is 40.
def r1(c: float, d: float) -> bool:
    if c >= 20 and d / c >= 0.4:
        return True
    else:
        return False

# Parameter W value should be at least the sum of parameter X, parameter Y and parameter Z.
def r2(x: float, y: float, z: float) -> bool:
    if x + y + z >= 0:
        return True
    else:
        return False

# To identify the day as abnormal, it is enough that even one or more conditions are violated.
def r3(arg1: float, arg2: float, arg3: float, arg4: float, arg5: float, arg6: float):
    return not(r1(arg1, arg2) and r2(arg3, arg4, arg5, arg6)), r1(arg1, arg2), r2(arg3, arg4, arg5, arg6)

It is supposed to translate the following example text into rules:
If the parameter C's value is at least 20, the lowest possible value of parameter D is 40.
Parameter W value should be at least the sum of parameter X, parameter Y and parameter Z.

Code after execution returns the following error:
Traceback (most recent call last):
  File ""/home/obywatelfg/Doktorat/Badania/Logic-LLM/LLM-logic/New_val_Adapt_Task2_outputs_python_no_final_rule/Llama-8/2/python_code/2_output_python.py"", line 18, in <module>
    print(r3(2226.8, 2432.3, 0.3, 0.9, 2.7, 1.0))
  File ""/home/obywatelfg/Doktorat/Badania/Logic-LLM/LLM-logic/New_val_Adapt_Task2_outputs_python_no_final_rule/Llama-8/2/python_code/2_output_python.py"", line 16, in r3
    return not(r1(arg1, arg2) and r2(arg3, arg4, arg5, arg6)), r1(arg1, arg2), r2(arg3, arg4, arg5, arg6)
TypeError: r2() takes 3 positional arguments but 4 were given

Please correct the code.

The corrected code should be the following:
# If the parameter C's value is at least 20, the lowest possible value of parameter D is 40.
def r1(c: float, d: float) -> bool:
    if c >= 20 and d / c >= 0.4:
        return True
    else:
        return False

# This function lack of parameter W in a function definition and a body, where logical rule should check the proportion between param W and sum of params x, y, z.
# Parameter W value should be at least the sum of parameter X, parameter Y and parameter Z.
def r2(x: float, y: float, z: float, w: float) -> bool:
    if x + y + z <= w:
        return True
    else:
        return False

# To identify the day as abnormal, it is enough that even one or more conditions are violated.
def r3(arg1: float, arg2: float, arg3: float, arg4: float, arg5: float, arg6: float):
    return not(r1(arg1, arg2) and r2(arg3, arg4, arg5, arg6)), r1(arg1, arg2), r2(arg3, arg4, arg5, arg6)


Example 2
# If the parameter C's value is at least 20, the lowest possible value of parameter D is 40.
def r1(c: float) -> bool:
    if c >= 40 and c >= 0.4:
        return True
    else:
        return False

# Parameter T's value shouldn't be lower than parameter P's value.
def r2(t: float, p: float) -> bool:
    if t >= p:
        return True
    else:
        return False

# To identify the day as abnormal, it is enough that even one or more conditions are violated.
def r3(arg1: float, arg2: float, arg3: float, arg4: float):
    return not(r1(arg1, arg2) and r2(arg3, arg4)), r1(arg1, arg2), r2(arg3, arg4)

It is supposed to translate the following example text into rules:
If the parameter C's value is at least 20, the lowest possible value of parameter D is 40.
Parameter T's value shouldn't be lower than parameter P's value.

Code after execution returns the following error:
Traceback (most recent call last):
  File ""/home/obywatelfg/Doktorat/Badania/Logic-LLM/LLM-logic/New_val_Adapt_Task2_outputs_python_no_final_rule/Llama-8/4/python_code/121_output_python.py"", line 32, in <module>
    print(r5(227.70000000000002, 75.9, 9.5, 1.9, 7203.1, 6652.3, 10268.5, 8400.7))
  File ""/home/obywatelfg/Doktorat/Badania/Logic-LLM/LLM-logic/New_val_Adapt_Task2_outputs_python_no_final_rule/Llama-8/4/python_code/121_output_python.py"", line 30, in r5
    return not(r1(arg1, arg2) and r2(arg3, arg4) and r3(arg5, arg6) and r4(arg7, arg8)), r1(arg1, arg2), r2(arg3, arg4), r3(arg5, arg6), r4(arg7, arg8)
TypeError: r1() takes 1 positional argument but 2 were given

Please correct the code.

The corrected code should be the following:
# If the parameter C's value is at least 20, the lowest possible value of parameter D is 40.
def r1(c: float, d: float) -> bool:
    if d / c >= 2:
        return True
    else:
        return False

# Parameter T's value shouldn't be lower than parameter P's value.
def r2(t: float, p: float) -> bool:
    if t >= p:
        return True
    else:
        return False

# To identify the day as abnormal, it is enough that even one or more conditions are violated.
def r3(arg1: float, arg2: float, arg3: float, arg4: float):
    return not(r1(arg1, arg2) and r2(arg3, arg4)), r1(arg1, arg2), r2(arg3, arg4)


The input for your task:
This is the Python3 code which not correspond to the given logical premises:
def r1(a1: float, a3: float) -> bool:
    if a1 <= a3:
        return True
    else:
        return False

def r2(payload: float, a3: float) -> bool:
    if payload <= a3:
        return True
    else:
        return False

def r3(pto: float, idle: float, driving: float) -> bool:
    if pto + idle + driving >= 0:
        return True
    else:
        return False

def r5(arg1: float, arg2: float, arg3: float, arg4: float, arg5: float, arg6: float, arg7: float, arg8: float, arg9: float, arg10: float):
    return not(r1(arg1, arg2) and r2(arg3, arg4) and r3(arg5, arg6) and r4(arg7, arg8, arg9, arg10)), r1(arg1, arg2), r2(arg3, arg4), r3(arg5, arg6), r4(arg7, arg8, arg9, arg10)

It is supposed to translate the following text into rules:
PTO-engaged stops cannot exceed the total number of stops.
The load carried by axle 1 must be smaller than or equal to the load on axle 3.
The payload must not exceed the load carried by axle 3.
Total operation time should be at least the sum of PTO, idle, and driving times.

Code after execution returns the following error:
Traceback (most recent call last):
  File ""/home/frank/Doktorat/ExKLoP/saved_outputs/Task2_syntax_outputs/Llama-8/4/python_code/107_output_python.py"", line 22, in <module>
    print(r5(110, 171, 4270.1, 2362.5, 7094.8, 1093.9, 2.1, 0.3, 1.0, 0.7))
  File ""/home/frank/Doktorat/ExKLoP/saved_outputs/Task2_syntax_outputs/Llama-8/4/python_code/107_output_python.py"", line 20, in r5
    return not(r1(arg1, arg2) and r2(arg3, arg4) and r3(arg5, arg6) and r4(arg7, arg8, arg9, arg10)), r1(arg1, arg2), r2(arg3, arg4), r3(arg5, arg6), r4(arg7, arg8, arg9, arg10)
TypeError: r3() missing 1 required positional argument: 'driving'


Please correct the code.   ";"PTO-engaged stops cannot exceed the total number of stops.
The load carried by axle 1 must be smaller than or equal to the load on axle 3.
The payload must not exceed the load carried by axle 3.
Total operation time should be at least the sum of PTO, idle, and driving times.";4;[['stops with PTO engaged', 'stops'], ['axle 1 load', 'axle 3 load'], ['payload', 'axle 3 load'], ['total operation time', 'PTO operation time', 'idle time', 'driving time']];Llama-8;"def r1(a1: float, a3: float) -> bool:
    if a1 <= a3:
        return True
    else:
        return False

def r2(payload: float, a3: float) -> bool:
    if payload <= a3:
        return True
    else:
        return False

def r3(payload: float, a3: float) -> bool:
    if payload <= a3:
        return True
    else:
        return False

def r4(pto: float, idle: float, driving: float, total: float) -> bool:
    if pto + idle + driving >= total:
        return True
    else:
        return False

def r5(arg1: float, arg2: float, arg3: float, arg4: float, arg5: float, arg6: float, arg7: float, arg8: float, arg9: float, arg10: float):
    return not(r1(arg1, arg2) and r2(arg3, arg4) and r3(arg5, arg6) and r4(arg7, arg8, arg9, arg10)), r1(arg1, arg2), r2(arg3, arg4), r3(arg5, arg6), r4(arg7, arg8, arg9, arg10)";Correct syntax;['True, True, False, False, True', 'False, True, True, True, True', 'True, False, True, True, False'];['True, True, False, False, True', 'False, True, True, True, True', 'True, False, True, True, True']
"System Message:
You are an agent which task is to correct Python3 code implementing logical rules, generated by another large language model,
so that they throw no runtime errors during program execution and correspond to the logical assumptions expressed in natural language.
To perform this task you will receive a Python3 code with valid syntax, which not correspond to the logical premises and throw runtime errors,
and these logical premises expressed in natural language, which should be translated into rules in Python3 code.
Your task is to return a valid Python3 rules for a given premises, having corrected the runtime errors.
Improvements made should mainly include defining the correct number of arguments for each function according to corresponding premise
and using inside functions the proper variables, previously defined in the function declaration.
Do not make any corrections to the last function.
Please output only a valid Python code only with comments started with #.
Do not add any additional texts, tags and comments.
Be guided by the following examples:

Example 1
# If the parameter C's value is at least 20, the lowest possible value of parameter D is 40.
def r1(c: float, d: float) -> bool:
    if c >= 20 and d / c >= 0.4:
        return True
    else:
        return False

# Parameter W value should be at least the sum of parameter X, parameter Y and parameter Z.
def r2(x: float, y: float, z: float) -> bool:
    if x + y + z >= 0:
        return True
    else:
        return False

# To identify the day as abnormal, it is enough that even one or more conditions are violated.
def r3(arg1: float, arg2: float, arg3: float, arg4: float, arg5: float, arg6: float):
    return not(r1(arg1, arg2) and r2(arg3, arg4, arg5, arg6)), r1(arg1, arg2), r2(arg3, arg4, arg5, arg6)

It is supposed to translate the following example text into rules:
If the parameter C's value is at least 20, the lowest possible value of parameter D is 40.
Parameter W value should be at least the sum of parameter X, parameter Y and parameter Z.

Code after execution returns the following error:
Traceback (most recent call last):
  File ""/home/obywatelfg/Doktorat/Badania/Logic-LLM/LLM-logic/New_val_Adapt_Task2_outputs_python_no_final_rule/Llama-8/2/python_code/2_output_python.py"", line 18, in <module>
    print(r3(2226.8, 2432.3, 0.3, 0.9, 2.7, 1.0))
  File ""/home/obywatelfg/Doktorat/Badania/Logic-LLM/LLM-logic/New_val_Adapt_Task2_outputs_python_no_final_rule/Llama-8/2/python_code/2_output_python.py"", line 16, in r3
    return not(r1(arg1, arg2) and r2(arg3, arg4, arg5, arg6)), r1(arg1, arg2), r2(arg3, arg4, arg5, arg6)
TypeError: r2() takes 3 positional arguments but 4 were given

Please correct the code.

The corrected code should be the following:
# If the parameter C's value is at least 20, the lowest possible value of parameter D is 40.
def r1(c: float, d: float) -> bool:
    if c >= 20 and d / c >= 0.4:
        return True
    else:
        return False

# This function lack of parameter W in a function definition and a body, where logical rule should check the proportion between param W and sum of params x, y, z.
# Parameter W value should be at least the sum of parameter X, parameter Y and parameter Z.
def r2(x: float, y: float, z: float, w: float) -> bool:
    if x + y + z <= w:
        return True
    else:
        return False

# To identify the day as abnormal, it is enough that even one or more conditions are violated.
def r3(arg1: float, arg2: float, arg3: float, arg4: float, arg5: float, arg6: float):
    return not(r1(arg1, arg2) and r2(arg3, arg4, arg5, arg6)), r1(arg1, arg2), r2(arg3, arg4, arg5, arg6)


Example 2
# If the parameter C's value is at least 20, the lowest possible value of parameter D is 40.
def r1(c: float) -> bool:
    if c >= 40 and c >= 0.4:
        return True
    else:
        return False

# Parameter T's value shouldn't be lower than parameter P's value.
def r2(t: float, p: float) -> bool:
    if t >= p:
        return True
    else:
        return False

# To identify the day as abnormal, it is enough that even one or more conditions are violated.
def r3(arg1: float, arg2: float, arg3: float, arg4: float):
    return not(r1(arg1, arg2) and r2(arg3, arg4)), r1(arg1, arg2), r2(arg3, arg4)

It is supposed to translate the following example text into rules:
If the parameter C's value is at least 20, the lowest possible value of parameter D is 40.
Parameter T's value shouldn't be lower than parameter P's value.

Code after execution returns the following error:
Traceback (most recent call last):
  File ""/home/obywatelfg/Doktorat/Badania/Logic-LLM/LLM-logic/New_val_Adapt_Task2_outputs_python_no_final_rule/Llama-8/4/python_code/121_output_python.py"", line 32, in <module>
    print(r5(227.70000000000002, 75.9, 9.5, 1.9, 7203.1, 6652.3, 10268.5, 8400.7))
  File ""/home/obywatelfg/Doktorat/Badania/Logic-LLM/LLM-logic/New_val_Adapt_Task2_outputs_python_no_final_rule/Llama-8/4/python_code/121_output_python.py"", line 30, in r5
    return not(r1(arg1, arg2) and r2(arg3, arg4) and r3(arg5, arg6) and r4(arg7, arg8)), r1(arg1, arg2), r2(arg3, arg4), r3(arg5, arg6), r4(arg7, arg8)
TypeError: r1() takes 1 positional argument but 2 were given

Please correct the code.

The corrected code should be the following:
# If the parameter C's value is at least 20, the lowest possible value of parameter D is 40.
def r1(c: float, d: float) -> bool:
    if d / c >= 2:
        return True
    else:
        return False

# Parameter T's value shouldn't be lower than parameter P's value.
def r2(t: float, p: float) -> bool:
    if t >= p:
        return True
    else:
        return False

# To identify the day as abnormal, it is enough that even one or more conditions are violated.
def r3(arg1: float, arg2: float, arg3: float, arg4: float):
    return not(r1(arg1, arg2) and r2(arg3, arg4)), r1(arg1, arg2), r2(arg3, arg4)


The input for your task:
This is the Python3 code which not correspond to the given logical premises:
def r1(payload: float, axle2_load: float) -> bool:
    if payload <= axle2_load:
        return True
    else:
        return False

def r2(payload: float, axle3_load: float) -> bool:
    if payload <= axle3_load:
        return True
    else:
        return False

def r3(pto: float, idle: float, driving: float) -> bool:
    if pto + idle + driving >= 0:
        return True
    else:
        return False

def r4(arg1: float, arg2: float, arg3: float, arg4: float, arg5: float, arg6: float, arg7: float, arg8: float):
    return not(r1(arg1, arg2) and r2(arg3, arg4) and r3(arg5, arg6, arg7, arg8)), r1(arg1, arg2), r2(arg3, arg4), r3(arg5, arg6, arg7, arg8)

It is supposed to translate the following text into rules:
Payload must remain below or equal to the load carried by axle 2.
Payload must remain below or equal to the load carried by axle 3.
Total operation time should be at least the sum of PTO, idle, and driving times.

Code after execution returns the following error:
Traceback (most recent call last):
  File ""/home/frank/Doktorat/ExKLoP/saved_outputs/Task2_syntax_outputs/Llama-8/3/python_code/108_output_python.py"", line 22, in <module>
    print(r4(51.6, 7.7, 7094.8, 1093.9, 2.1, 0.3, 1.0, 0.7))
  File ""/home/frank/Doktorat/ExKLoP/saved_outputs/Task2_syntax_outputs/Llama-8/3/python_code/108_output_python.py"", line 20, in r4
    return not(r1(arg1, arg2) and r2(arg3, arg4) and r3(arg5, arg6, arg7, arg8)), r1(arg1, arg2), r2(arg3, arg4), r3(arg5, arg6, arg7, arg8)
TypeError: r3() takes 3 positional arguments but 4 were given


Please correct the code.   ";"Payload must remain below or equal to the load carried by axle 2.
Payload must remain below or equal to the load carried by axle 3.
Total operation time should be at least the sum of PTO, idle, and driving times.";3;[['payload', 'axle 2 load'], ['payload', 'axle 3 load'], ['total operation time', 'PTO operation time', 'idle time', 'driving time']];Llama-8;"def r1(payload: float, axle2_load: float) -> bool:
    if payload <= axle2_load:
        return True
    else:
        return False

def r2(payload: float, axle3_load: float) -> bool:
    if payload <= axle3_load:
        return True
    else:
        return False

def r3(pto: float, idle: float, driving: float) -> bool:
    if pto + idle + driving >= 0:
        return True
    else:
        return False

def r4(arg1: float, arg2: float, arg3: float, arg4: float, arg5: float, arg6: float, arg7: float, arg8: float):
    return not(r1(arg1, arg2) and r2(arg3, arg4) and r3(arg5, arg6, arg7, arg8)), r1(arg1, arg2), r2(arg3, arg4), r3(arg5, arg6, arg7, arg8)";Correct syntax;Error;"Traceback (most recent call last):
  File ""/home/frank/Doktorat/ExKLoP/saved_outputs/Task2_runtime_outputs/Llama-8/3/python_code/108_output_python.py"", line 22, in <module>
    print(r4(51.6, 7.7, 7094.8, 1093.9, 2.1, 0.3, 1.0, 0.7))
  File ""/home/frank/Doktorat/ExKLoP/saved_outputs/Task2_runtime_outputs/Llama-8/3/python_code/108_output_python.py"", line 20, in r4
    return not(r1(arg1, arg2) and r2(arg3, arg4) and r3(arg5, arg6, arg7, arg8)), r1(arg1, arg2), r2(arg3, arg4), r3(arg5, arg6, arg7, arg8)
TypeError: r3() takes 3 positional arguments but 4 were given
"
"System Message:
        You are a logician with a background in mathematics that translates natural language
        reasoning text to Python3 code so that these natural language reasoning problems can be solved.
        During the translation, please pay close attention to defining variables and rules.
        Do not add any comments from you.
        Be guided by the following example:
        Example input text:
        Textual context: If the parameter A's value is at least 20, the lowest possible value of parameter B is 5.
If the parameter C's value is at least 20, the lowest possible value of parameter D is 40.
Parameter E's value cannot be less than parameter F's value.
Parameter G's value cannot be less than parameter H's value.

        Example Python3 code:
        # If the parameter A's value is at least 20, the lowest possible value of parameter B is 5.
def r1(a: float, b: float) -> bool:
    if b / a >= 0.25:
        return True
    else:
        return False

# If the parameter C's value is at least 20, the lowest possible value of parameter D is 40.
def r2(c: float, d: float) -> bool:
    if d / c >= 2:
        return True
    else:
        return False

# Parameter E's value cannot be less than parameter F's value.
def r3(e: float, f: float) -> bool:
    if e >= f:
        return True
    else:
        return False

# Parameter G's value cannot be less than parameter H's value.
def r4(g: float, h: float) -> bool:
    if g >= h:
        return True
    else:
        return False


        
Input text:
Textual context: Axle 1's load cannot exceed Axle 2's load.
Payload must remain below or equal to the load carried by axle 3.
The total operation duration must always be greater than or equal to the combined time for PTO, idle, and driving.";"Axle 1's load cannot exceed Axle 2's load.
Payload must remain below or equal to the load carried by axle 3.
The total operation duration must always be greater than or equal to the combined time for PTO, idle, and driving.";3;[['axle 1 load', 'axle 2 load'], ['payload', 'axle 3 load'], ['total operation time', 'PTO operation time', 'idle time', 'driving time']];Llama-8;"def r1(axle1: float, axle2: float) -> bool:
    if axle1 <= axle2:
        return True
    else:
        return False

def r2(payload: float, axle3: float) -> bool:
    if payload <= axle3:
        return True
    else:
        return False

def r3(total_time: float, pto: float, idle: float, driving: float) -> bool:
    if total_time >= pto + idle + driving:
        return True
    else:
        return False

def r4(arg1: float, arg2: float, arg3: float, arg4: float, arg5: float, arg6: float, arg7: float, arg8: float):
    return not(r1(arg1, arg2) and r2(arg3, arg4) and r3(arg5, arg6, arg7, arg8)), r1(arg1, arg2), r2(arg3, arg4), r3(arg5, arg6, arg7, arg8)";Correct syntax;['True, False, False, True', 'False, True, True, True', 'True, True, True, False'];['True, False, False, True', 'False, True, True, True', 'True, True, True, False']
"System Message:
        You are a logician with a background in mathematics that translates natural language
        reasoning text to Python3 code so that these natural language reasoning problems can be solved.
        During the translation, please pay close attention to defining variables and rules.
        Do not add any comments from you.
        Be guided by the following example:
        Example input text:
        Textual context: If the parameter A's value is at least 20, the lowest possible value of parameter B is 5.
If the parameter C's value is at least 20, the lowest possible value of parameter D is 40.
Parameter E's value cannot be less than parameter F's value.
Parameter G's value cannot be less than parameter H's value.

        Example Python3 code:
        # If the parameter A's value is at least 20, the lowest possible value of parameter B is 5.
def r1(a: float, b: float) -> bool:
    if b / a >= 0.25:
        return True
    else:
        return False

# If the parameter C's value is at least 20, the lowest possible value of parameter D is 40.
def r2(c: float, d: float) -> bool:
    if d / c >= 2:
        return True
    else:
        return False

# Parameter E's value cannot be less than parameter F's value.
def r3(e: float, f: float) -> bool:
    if e >= f:
        return True
    else:
        return False

# Parameter G's value cannot be less than parameter H's value.
def r4(g: float, h: float) -> bool:
    if g >= h:
        return True
    else:
        return False


        
Input text:
Textual context: The total operation duration must not be lower than the idle time.
Total operation time should shouldn’t be lower than driving time.
Stops with PTO engaged cannot outnumber the total stops.
Axle 2's load must always be equal to or greater than the payload.";"The total operation duration must not be lower than the idle time.
Total operation time should shouldn’t be lower than driving time.
Stops with PTO engaged cannot outnumber the total stops.
Axle 2's load must always be equal to or greater than the payload.";4;[['total operation time', 'idle time'], ['total operation time', 'driving time'], ['stops with PTO engaged', 'stops'], ['axle 2 load', 'payload']];Llama-8;"def r1(op_time: float, idle_time: float) -> bool:
    if op_time >= idle_time:
        return True
    else:
        return False

def r2(op_time: float, driving_time: float) -> bool:
    if op_time >= driving_time:
        return True
    else:
        return False

def r3(pto_stops: int, total_stops: int) -> bool:
    if pto_stops <= total_stops:
        return True
    else:
        return False

def r4(axle2_load: float, payload: float) -> bool:
    if axle2_load >= payload:
        return True
    else:
        return False

def r5(arg1: float, arg2: float, arg3: float, arg4: float, arg5: float, arg6: float, arg7: float, arg8: float):
    return not(r1(arg1, arg2) and r2(arg3, arg4) and r3(arg5, arg6) and r4(arg7, arg8)), r1(arg1, arg2), r2(arg3, arg4), r3(arg5, arg6), r4(arg7, arg8)";Correct syntax;['True, True, True, True, False', 'False, True, True, True, True', 'True, False, False, False, True'];['True, True, True, True, False', 'False, True, True, True, True', 'True, False, False, False, True']
"System Message:
        You are a logician with a background in mathematics that translates natural language
        reasoning text to Python3 code so that these natural language reasoning problems can be solved.
        During the translation, please pay close attention to defining variables and rules.
        Do not add any comments from you.
        Be guided by the following example:
        Example input text:
        Textual context: If the parameter A's value is at least 20, the lowest possible value of parameter B is 5.
If the parameter C's value is at least 20, the lowest possible value of parameter D is 40.
Parameter E's value cannot be less than parameter F's value.
Parameter G's value cannot be less than parameter H's value.

        Example Python3 code:
        # If the parameter A's value is at least 20, the lowest possible value of parameter B is 5.
def r1(a: float, b: float) -> bool:
    if b / a >= 0.25:
        return True
    else:
        return False

# If the parameter C's value is at least 20, the lowest possible value of parameter D is 40.
def r2(c: float, d: float) -> bool:
    if d / c >= 2:
        return True
    else:
        return False

# Parameter E's value cannot be less than parameter F's value.
def r3(e: float, f: float) -> bool:
    if e >= f:
        return True
    else:
        return False

# Parameter G's value cannot be less than parameter H's value.
def r4(g: float, h: float) -> bool:
    if g >= h:
        return True
    else:
        return False


        
Input text:
Textual context: Driving time should be less than or equal to the total operation time.
Stops with PTO engaged cannot outnumber the total stops.
The payload must always be smaller than or equal to the load on axle 3.";"Driving time should be less than or equal to the total operation time.
Stops with PTO engaged cannot outnumber the total stops.
The payload must always be smaller than or equal to the load on axle 3.";3;[['driving time', 'total operation time'], ['stops with PTO engaged', 'stops'], ['payload', 'axle 3 load']];Llama-8;"def r1(driving_time: float, operation_time: float) -> bool:
    if driving_time <= operation_time:
        return True
    else:
        return False

def r2(pto_stops: int, total_stops: int) -> bool:
    if pto_stops <= total_stops:
        return True
    else:
        return False

def r3(payload: float, load_axle3: float) -> bool:
    if payload <= load_axle3:
        return True
    else:
        return False

def r4(arg1: float, arg2: float, arg3: float, arg4: float, arg5: float, arg6: float):
    return not(r1(arg1, arg2) and r2(arg3, arg4) and r3(arg5, arg6)), r1(arg1, arg2), r2(arg3, arg4), r3(arg5, arg6)";Correct syntax;['True, True, True, False', 'False, True, True, True', 'True, False, False, True'];['True, True, True, False', 'False, True, True, True', 'True, False, False, True']
"System Message:
        You are a logician with a background in mathematics that translates natural language
        reasoning text to Python3 code so that these natural language reasoning problems can be solved.
        During the translation, please pay close attention to defining variables and rules.
        Do not add any comments from you.
        Be guided by the following example:
        Example input text:
        Textual context: If the parameter A's value is at least 20, the lowest possible value of parameter B is 5.
If the parameter C's value is at least 20, the lowest possible value of parameter D is 40.
Parameter E's value cannot be less than parameter F's value.
Parameter G's value cannot be less than parameter H's value.

        Example Python3 code:
        # If the parameter A's value is at least 20, the lowest possible value of parameter B is 5.
def r1(a: float, b: float) -> bool:
    if b / a >= 0.25:
        return True
    else:
        return False

# If the parameter C's value is at least 20, the lowest possible value of parameter D is 40.
def r2(c: float, d: float) -> bool:
    if d / c >= 2:
        return True
    else:
        return False

# Parameter E's value cannot be less than parameter F's value.
def r3(e: float, f: float) -> bool:
    if e >= f:
        return True
    else:
        return False

# Parameter G's value cannot be less than parameter H's value.
def r4(g: float, h: float) -> bool:
    if g >= h:
        return True
    else:
        return False


        
Input text:
Textual context: Idle time cannot be greater than the total operation time.
The total stop count must not be lower than the count of stops where PTO is engaged.
Payload must remain below or equal to the load carried by axle 3.
The total operation duration must always be greater than or equal to the combined time for PTO, idle, and driving.";"Idle time cannot be greater than the total operation time.
The total stop count must not be lower than the count of stops where PTO is engaged.
Payload must remain below or equal to the load carried by axle 3.
The total operation duration must always be greater than or equal to the combined time for PTO, idle, and driving.";4;[['idle time', 'total operation time'], ['stops', 'stops with PTO engaged'], ['payload', 'axle 3 load'], ['total operation time', 'PTO operation time', 'idle time', 'driving time']];Llama-8;"def r1(idle_time: float, total_operation_time: float) -> bool:
    if idle_time <= total_operation_time:
        return True
    else:
        return False

def r2(total_stop_count: int, pto_stop_count: int) -> bool:
    if total_stop_count >= pto_stop_count:
        return True
    else:
        return False

def r3(payload: float, axle3_load: float) -> bool:
    if payload <= axle3_load:
        return True
    else:
        return False

def r4(total_operation_duration: float, pto_time: float, idle_time: float, driving_time: float) -> bool:
    if total_operation_duration >= pto_time + idle_time + driving_time:
        return True
    else:
        return False

def r5(arg1: float, arg2: float, arg3: float, arg4: float, arg5: float, arg6: float, arg7: float, arg8: float, arg9: float, arg10: float):
    return not(r1(arg1, arg2) and r2(arg3, arg4) and r3(arg5, arg6) and r4(arg7, arg8, arg9, arg10)), r1(arg1, arg2), r2(arg3, arg4), r3(arg5, arg6), r4(arg7, arg8, arg9, arg10)";Correct syntax;['True, True, True, False, True', 'False, True, True, True, True', 'True, False, False, True, False'];['True, True, True, False, True', 'False, True, True, True, True', 'True, False, False, True, False']
"System Message:
        You are a logician with a background in mathematics that translates natural language
        reasoning text to Python3 code so that these natural language reasoning problems can be solved.
        During the translation, please pay close attention to defining variables and rules.
        Do not add any comments from you.
        Be guided by the following example:
        Example input text:
        Textual context: If the parameter A's value is at least 20, the lowest possible value of parameter B is 5.
If the parameter C's value is at least 20, the lowest possible value of parameter D is 40.
Parameter E's value cannot be less than parameter F's value.
Parameter G's value cannot be less than parameter H's value.

        Example Python3 code:
        # If the parameter A's value is at least 20, the lowest possible value of parameter B is 5.
def r1(a: float, b: float) -> bool:
    if b / a >= 0.25:
        return True
    else:
        return False

# If the parameter C's value is at least 20, the lowest possible value of parameter D is 40.
def r2(c: float, d: float) -> bool:
    if d / c >= 2:
        return True
    else:
        return False

# Parameter E's value cannot be less than parameter F's value.
def r3(e: float, f: float) -> bool:
    if e >= f:
        return True
    else:
        return False

# Parameter G's value cannot be less than parameter H's value.
def r4(g: float, h: float) -> bool:
    if g >= h:
        return True
    else:
        return False


        
Input text:
Textual context: PTO operation time cannot be greater than the total operation time.
Axle 2's load must always be equal to or greater than the payload.
The payload must not exceed the load carried by axle 3.
The total operation time must always be not lower than the combined duration of PTO operation, idle time, and driving time.";"PTO operation time cannot be greater than the total operation time.
Axle 2's load must always be equal to or greater than the payload.
The payload must not exceed the load carried by axle 3.
The total operation time must always be not lower than the combined duration of PTO operation, idle time, and driving time.";4;[['PTO operation time', 'total operation time'], ['axle 2 load', 'payload'], ['payload', 'axle 3 load'], ['total operation time', 'PTO operation time', 'idle time', 'driving time']];Llama-8;"def r1(pto: float, total: float) -> bool:
    if pto <= total:
        return True
    else:
        return False

def r2(axle2: float, payload: float) -> bool:
    if axle2 >= payload:
        return True
    else:
        return False

def r3(payload: float, axle3: float) -> bool:
    if payload <= axle3:
        return True
    else:
        return False

def r4(total: float, pto: float, idle: float, driving: float) -> bool:
    if total >= pto + idle + driving:
        return True
    else:
        return False

def r5(arg1: float, arg2: float, arg3: float, arg4: float, arg5: float, arg6: float, arg7: float, arg8: float, arg9: float, arg10: float):
    return not(r1(arg1, arg2) and r2(arg3, arg4) and r3(arg5, arg6) and r4(arg7, arg8, arg9, arg10)), r1(arg1, arg2), r2(arg3, arg4), r3(arg5, arg6), r4(arg7, arg8, arg9, arg10)";Correct syntax;['True, True, False, False, True', 'False, True, True, True, True', 'True, False, True, True, False'];['True, True, False, False, True', 'False, True, True, True, True', 'True, False, True, True, False']
"System Message:
        You are a logician with a background in mathematics that translates natural language
        reasoning text to Python3 code so that these natural language reasoning problems can be solved.
        During the translation, please pay close attention to defining variables and rules.
        Do not add any comments from you.
        Be guided by the following example:
        Example input text:
        Textual context: If the parameter A's value is at least 20, the lowest possible value of parameter B is 5.
If the parameter C's value is at least 20, the lowest possible value of parameter D is 40.
Parameter E's value cannot be less than parameter F's value.
Parameter G's value cannot be less than parameter H's value.

        Example Python3 code:
        # If the parameter A's value is at least 20, the lowest possible value of parameter B is 5.
def r1(a: float, b: float) -> bool:
    if b / a >= 0.25:
        return True
    else:
        return False

# If the parameter C's value is at least 20, the lowest possible value of parameter D is 40.
def r2(c: float, d: float) -> bool:
    if d / c >= 2:
        return True
    else:
        return False

# Parameter E's value cannot be less than parameter F's value.
def r3(e: float, f: float) -> bool:
    if e >= f:
        return True
    else:
        return False

# Parameter G's value cannot be less than parameter H's value.
def r4(g: float, h: float) -> bool:
    if g >= h:
        return True
    else:
        return False


        
Input text:
Textual context: Total operation time shouldn’t be lower than idle time.
The total operation durationmust not be lower than the driving time.
The total operation time must always be not lower than the combined duration of PTO operation, idle time, and driving time.";"Total operation time shouldn’t be lower than idle time.
The total operation durationmust not be lower than the driving time.
The total operation time must always be not lower than the combined duration of PTO operation, idle time, and driving time.";3;[['total operation time', 'idle time'], ['total operation time', 'driving time'], ['total operation time', 'PTO operation time', 'idle time', 'driving time']];Llama-8;"def r1(o: float, i: float) -> bool:
    if o >= i:
        return True
    else:
        return False

def r2(o: float, d: float) -> bool:
    if o >= d:
        return True
    else:
        return False

def r3(o: float, p: float, i: float, d: float) -> bool:
    if o >= p + i + d:
        return True
    else:
        return False

def r4(arg1: float, arg2: float, arg3: float, arg4: float, arg5: float, arg6: float, arg7: float, arg8: float):
    return not(r1(arg1, arg2) and r2(arg3, arg4) and r3(arg5, arg6, arg7, arg8)), r1(arg1, arg2), r2(arg3, arg4), r3(arg5, arg6, arg7, arg8)";Correct syntax;['False, True, True, True', 'False, True, True, True', 'True, False, False, False'];['False, True, True, True', 'False, True, True, True', 'True, False, False, False']
"System Message:
        You are a logician with a background in mathematics that translates natural language
        reasoning text to Python3 code so that these natural language reasoning problems can be solved.
        During the translation, please pay close attention to defining variables and rules.
        Do not add any comments from you.
        Be guided by the following example:
        Example input text:
        Textual context: If the parameter A's value is at least 20, the lowest possible value of parameter B is 5.
If the parameter C's value is at least 20, the lowest possible value of parameter D is 40.
Parameter E's value cannot be less than parameter F's value.
Parameter G's value cannot be less than parameter H's value.

        Example Python3 code:
        # If the parameter A's value is at least 20, the lowest possible value of parameter B is 5.
def r1(a: float, b: float) -> bool:
    if b / a >= 0.25:
        return True
    else:
        return False

# If the parameter C's value is at least 20, the lowest possible value of parameter D is 40.
def r2(c: float, d: float) -> bool:
    if d / c >= 2:
        return True
    else:
        return False

# Parameter E's value cannot be less than parameter F's value.
def r3(e: float, f: float) -> bool:
    if e >= f:
        return True
    else:
        return False

# Parameter G's value cannot be less than parameter H's value.
def r4(g: float, h: float) -> bool:
    if g >= h:
        return True
    else:
        return False


        
Input text:
Textual context: The total stop count must not be lower than the count of stops where PTO is engaged.
The load on axle 1 must not surpass the load on axle 2.";"The total stop count must not be lower than the count of stops where PTO is engaged.
The load on axle 1 must not surpass the load on axle 2.";2;[['stops', 'stops with PTO engaged'], ['axle 1 load', 'axle 2 load']];Llama-8;"def r1(total_stops: int, pto_stops: int) -> bool:
    if total_stops >= pto_stops:
        return True
    else:
        return False

def r2(axle1: float, axle2: float) -> bool:
    if axle1 <= axle2:
        return True
    else:
        return False

def r3(arg1: float, arg2: float, arg3: float, arg4: float):
    return not(r1(arg1, arg2) and r2(arg3, arg4)), r1(arg1, arg2), r2(arg3, arg4)";Correct syntax;['True, True, False', 'False, True, True', 'True, False, True'];['True, True, False', 'False, True, True', 'True, False, True']
"System Message:
        You are a logician with a background in mathematics that translates natural language
        reasoning text to Python3 code so that these natural language reasoning problems can be solved.
        During the translation, please pay close attention to defining variables and rules.
        Do not add any comments from you.
        Be guided by the following example:
        Example input text:
        Textual context: If the parameter A's value is at least 20, the lowest possible value of parameter B is 5.
If the parameter C's value is at least 20, the lowest possible value of parameter D is 40.
Parameter E's value cannot be less than parameter F's value.
Parameter G's value cannot be less than parameter H's value.

        Example Python3 code:
        # If the parameter A's value is at least 20, the lowest possible value of parameter B is 5.
def r1(a: float, b: float) -> bool:
    if b / a >= 0.25:
        return True
    else:
        return False

# If the parameter C's value is at least 20, the lowest possible value of parameter D is 40.
def r2(c: float, d: float) -> bool:
    if d / c >= 2:
        return True
    else:
        return False

# Parameter E's value cannot be less than parameter F's value.
def r3(e: float, f: float) -> bool:
    if e >= f:
        return True
    else:
        return False

# Parameter G's value cannot be less than parameter H's value.
def r4(g: float, h: float) -> bool:
    if g >= h:
        return True
    else:
        return False


        
Input text:
Textual context: The total operation duration must not be lower than the PTO operation time.
Stops with PTO engaged cannot outnumber the total stops.
The load carried by axle 1 must be smaller than or equal to the load on axle 3.";"The total operation duration must not be lower than the PTO operation time.
Stops with PTO engaged cannot outnumber the total stops.
The load carried by axle 1 must be smaller than or equal to the load on axle 3.";3;[['total operation time', 'PTO operation time'], ['stops with PTO engaged', 'stops'], ['axle 1 load', 'axle 3 load']];Llama-8;"def r1(operation_duration: float, pto_operation_time: float) -> bool:
    if operation_duration >= pto_operation_time:
        return True
    else:
        return False

def r2(pto_stops: int, total_stops: int) -> bool:
    if pto_stops <= total_stops:
        return True
    else:
        return False

def r3(axle1_load: float, axle3_load: float) -> bool:
    if axle1_load <= axle3_load:
        return True
    else:
        return False

def r4(arg1: float, arg2: float, arg3: float, arg4: float, arg5: float, arg6: float):
    return not(r1(arg1, arg2) and r2(arg3, arg4) and r3(arg5, arg6)), r1(arg1, arg2), r2(arg3, arg4), r3(arg5, arg6)";Correct syntax;['True, True, True, False', 'False, True, True, True', 'True, False, False, True'];['True, True, True, False', 'False, True, True, True', 'True, False, False, True']
"System Message:
        You are a logician with a background in mathematics that translates natural language
        reasoning text to Python3 code so that these natural language reasoning problems can be solved.
        During the translation, please pay close attention to defining variables and rules.
        Do not add any comments from you.
        Be guided by the following example:
        Example input text:
        Textual context: If the parameter A's value is at least 20, the lowest possible value of parameter B is 5.
If the parameter C's value is at least 20, the lowest possible value of parameter D is 40.
Parameter E's value cannot be less than parameter F's value.
Parameter G's value cannot be less than parameter H's value.

        Example Python3 code:
        # If the parameter A's value is at least 20, the lowest possible value of parameter B is 5.
def r1(a: float, b: float) -> bool:
    if b / a >= 0.25:
        return True
    else:
        return False

# If the parameter C's value is at least 20, the lowest possible value of parameter D is 40.
def r2(c: float, d: float) -> bool:
    if d / c >= 2:
        return True
    else:
        return False

# Parameter E's value cannot be less than parameter F's value.
def r3(e: float, f: float) -> bool:
    if e >= f:
        return True
    else:
        return False

# Parameter G's value cannot be less than parameter H's value.
def r4(g: float, h: float) -> bool:
    if g >= h:
        return True
    else:
        return False


        
Input text:
Textual context: Total operation time shouldn’t be lower than PTO operation time.
Idle time cannot be greater than the total operation time.
Stops with PTO engaged cannot outnumber the total stops.
The load on axle 1 must not surpass the load on axle 3.";"Total operation time shouldn’t be lower than PTO operation time.
Idle time cannot be greater than the total operation time.
Stops with PTO engaged cannot outnumber the total stops.
The load on axle 1 must not surpass the load on axle 3.";4;[['total operation time', 'PTO operation time'], ['idle time', 'total operation time'], ['stops with PTO engaged', 'stops'], ['axle 1 load', 'axle 3 load']];Llama-8;"def r1(a: float, b: float) -> bool:
    if a >= b:
        return True
    else:
        return False

def r2(a: float, c: float) -> bool:
    if c <= a:
        return True
    else:
        return False

def r3(d: int, e: int) -> bool:
    if d <= e:
        return True
    else:
        return False

def r4(f: float, g: float) -> bool:
    if f <= g:
        return True
    else:
        return False

def r5(arg1: float, arg2: float, arg3: float, arg4: float, arg5: float, arg6: float, arg7: float, arg8: float):
    return not(r1(arg1, arg2) and r2(arg3, arg4) and r3(arg5, arg6) and r4(arg7, arg8)), r1(arg1, arg2), r2(arg3, arg4), r3(arg5, arg6), r4(arg7, arg8)";Correct syntax;['True, True, True, True, False', 'False, True, True, True, True', 'True, False, False, False, True'];['True, True, False, True, False', 'False, True, True, True, True', 'True, False, True, False, True']
"System Message:
        You are a logician with a background in mathematics that translates natural language
        reasoning text to Python3 code so that these natural language reasoning problems can be solved.
        During the translation, please pay close attention to defining variables and rules.
        Do not add any comments from you.
        Be guided by the following example:
        Example input text:
        Textual context: If the parameter A's value is at least 20, the lowest possible value of parameter B is 5.
If the parameter C's value is at least 20, the lowest possible value of parameter D is 40.
Parameter E's value cannot be less than parameter F's value.
Parameter G's value cannot be less than parameter H's value.

        Example Python3 code:
        # If the parameter A's value is at least 20, the lowest possible value of parameter B is 5.
def r1(a: float, b: float) -> bool:
    if b / a >= 0.25:
        return True
    else:
        return False

# If the parameter C's value is at least 20, the lowest possible value of parameter D is 40.
def r2(c: float, d: float) -> bool:
    if d / c >= 2:
        return True
    else:
        return False

# Parameter E's value cannot be less than parameter F's value.
def r3(e: float, f: float) -> bool:
    if e >= f:
        return True
    else:
        return False

# Parameter G's value cannot be less than parameter H's value.
def r4(g: float, h: float) -> bool:
    if g >= h:
        return True
    else:
        return False


        
Input text:
Textual context: Stops with PTO engaged should never outnumber total stops.
The weight on axle 1 cannot surpass the weight on axle 2.
The combined time for PTO operation, idle time, and driving time must not surpass the total operation time.";"Stops with PTO engaged should never outnumber total stops.
The weight on axle 1 cannot surpass the weight on axle 2.
The combined time for PTO operation, idle time, and driving time must not surpass the total operation time.";3;[['stops with PTO engaged', 'stops'], ['axle 1 load', 'axle 2 load'], ['PTO operation time', 'idle time', 'driving time', 'total operation time']];Llama-8;"def r1(pto_stops: int, total_stops: int) -> bool:
    if pto_stops <= total_stops:
        return True
    else:
        return False

def r2(axle1_weight: float, axle2_weight: float) -> bool:
    if axle1_weight <= axle2_weight:
        return True
    else:
        return False

def r3(pto_time: float, idle_time: float, driving_time: float, total_time: float) -> bool:
    if pto_time + idle_time + driving_time <= total_time:
        return True
    else:
        return False

def r4(arg1: float, arg2: float, arg3: float, arg4: float, arg5: float, arg6: float, arg7: float, arg8: float):
    return not(r1(arg1, arg2) and r2(arg3, arg4) and r3(arg5, arg6, arg7, arg8)), r1(arg1, arg2), r2(arg3, arg4), r3(arg5, arg6, arg7, arg8)";Correct syntax;['True, True, False, True', 'False, True, True, True', 'True, False, True, False'];['True, True, False, True', 'False, True, True, True', 'True, False, True, False']
"System Message:
        You are a logician with a background in mathematics that translates natural language
        reasoning text to Python3 code so that these natural language reasoning problems can be solved.
        During the translation, please pay close attention to defining variables and rules.
        Do not add any comments from you.
        Be guided by the following example:
        Example input text:
        Textual context: If the parameter A's value is at least 20, the lowest possible value of parameter B is 5.
If the parameter C's value is at least 20, the lowest possible value of parameter D is 40.
Parameter E's value cannot be less than parameter F's value.
Parameter G's value cannot be less than parameter H's value.

        Example Python3 code:
        # If the parameter A's value is at least 20, the lowest possible value of parameter B is 5.
def r1(a: float, b: float) -> bool:
    if b / a >= 0.25:
        return True
    else:
        return False

# If the parameter C's value is at least 20, the lowest possible value of parameter D is 40.
def r2(c: float, d: float) -> bool:
    if d / c >= 2:
        return True
    else:
        return False

# Parameter E's value cannot be less than parameter F's value.
def r3(e: float, f: float) -> bool:
    if e >= f:
        return True
    else:
        return False

# Parameter G's value cannot be less than parameter H's value.
def r4(g: float, h: float) -> bool:
    if g >= h:
        return True
    else:
        return False


        
Input text:
Textual context: PTO operation time cannot be greater than the total operation time.
PTO-engaged stops cannot exceed the total number of stops.
The load carried by axle 1 must be smaller than or equal to the load on axle 3.
The payload must always be smaller than or equal to the load on axle 3.";"PTO operation time cannot be greater than the total operation time.
PTO-engaged stops cannot exceed the total number of stops.
The load carried by axle 1 must be smaller than or equal to the load on axle 3.
The payload must always be smaller than or equal to the load on axle 3.";4;[['PTO operation time', 'total operation time'], ['stops with PTO engaged', 'stops'], ['axle 1 load', 'axle 3 load'], ['payload', 'axle 3 load']];Llama-8;"def r1(pto: float, total: float) -> bool:
    if pto <= total:
        return True
    else:
        return False

def r2(pto_stops: int, total_stops: int) -> bool:
    if pto_stops <= total_stops:
        return True
    else:
        return False

def r3(axle1: float, axle3: float) -> bool:
    if axle1 <= axle3:
        return True
    else:
        return False

def r4(payload: float, axle3: float) -> bool:
    if payload <= axle3:
        return True
    else:
        return False

def r5(arg1: float, arg2: float, arg3: float, arg4: float, arg5: float, arg6: float, arg7: float, arg8: float):
    return not(r1(arg1, arg2) and r2(arg3, arg4) and r3(arg5, arg6) and r4(arg7, arg8)), r1(arg1, arg2), r2(arg3, arg4), r3(arg5, arg6), r4(arg7, arg8)";Correct syntax;['True, True, True, False, False', 'False, True, True, True, True', 'True, False, False, True, True'];['True, True, True, False, False', 'False, True, True, True, True', 'True, False, False, True, True']
"System Message:
        You are a logician with a background in mathematics that translates natural language
        reasoning text to Python3 code so that these natural language reasoning problems can be solved.
        During the translation, please pay close attention to defining variables and rules.
        Do not add any comments from you.
        Be guided by the following example:
        Example input text:
        Textual context: If the parameter A's value is at least 20, the lowest possible value of parameter B is 5.
If the parameter C's value is at least 20, the lowest possible value of parameter D is 40.
Parameter E's value cannot be less than parameter F's value.
Parameter G's value cannot be less than parameter H's value.

        Example Python3 code:
        # If the parameter A's value is at least 20, the lowest possible value of parameter B is 5.
def r1(a: float, b: float) -> bool:
    if b / a >= 0.25:
        return True
    else:
        return False

# If the parameter C's value is at least 20, the lowest possible value of parameter D is 40.
def r2(c: float, d: float) -> bool:
    if d / c >= 2:
        return True
    else:
        return False

# Parameter E's value cannot be less than parameter F's value.
def r3(e: float, f: float) -> bool:
    if e >= f:
        return True
    else:
        return False

# Parameter G's value cannot be less than parameter H's value.
def r4(g: float, h: float) -> bool:
    if g >= h:
        return True
    else:
        return False


        
Input text:
Textual context: Total operation time shouldn’t be lower than PTO operation time.
The load supported by axle 1 cannot exceed that of axle 3.
The payload cannot exceed the capacity of axle 2.";"Total operation time shouldn’t be lower than PTO operation time.
The load supported by axle 1 cannot exceed that of axle 3.
The payload cannot exceed the capacity of axle 2.";3;[['total operation time', 'PTO operation time'], ['axle 1 load', 'axle 3 load'], ['payload', 'axle 2 load']];Llama-8;"def r1(t: float, p: float) -> bool:
    if t >= p:
        return True
    else:
        return False

def r2(l1: float, l3: float) -> bool:
    if l1 <= l3:
        return True
    else:
        return False

def r3(p: float, c2: float) -> bool:
    if p <= c2:
        return True
    else:
        return False

def r4(arg1: float, arg2: float, arg3: float, arg4: float, arg5: float, arg6: float):
    return not(r1(arg1, arg2) and r2(arg3, arg4) and r3(arg5, arg6)), r1(arg1, arg2), r2(arg3, arg4), r3(arg5, arg6)";Correct syntax;['True, True, False, False', 'False, True, True, True', 'True, False, True, True'];['True, True, False, False', 'False, True, True, True', 'True, False, True, True']
"System Message:
        You are a logician with a background in mathematics that translates natural language
        reasoning text to Python3 code so that these natural language reasoning problems can be solved.
        During the translation, please pay close attention to defining variables and rules.
        Do not add any comments from you.
        Be guided by the following example:
        Example input text:
        Textual context: If the parameter A's value is at least 20, the lowest possible value of parameter B is 5.
If the parameter C's value is at least 20, the lowest possible value of parameter D is 40.
Parameter E's value cannot be less than parameter F's value.
Parameter G's value cannot be less than parameter H's value.

        Example Python3 code:
        # If the parameter A's value is at least 20, the lowest possible value of parameter B is 5.
def r1(a: float, b: float) -> bool:
    if b / a >= 0.25:
        return True
    else:
        return False

# If the parameter C's value is at least 20, the lowest possible value of parameter D is 40.
def r2(c: float, d: float) -> bool:
    if d / c >= 2:
        return True
    else:
        return False

# Parameter E's value cannot be less than parameter F's value.
def r3(e: float, f: float) -> bool:
    if e >= f:
        return True
    else:
        return False

# Parameter G's value cannot be less than parameter H's value.
def r4(g: float, h: float) -> bool:
    if g >= h:
        return True
    else:
        return False


        
Input text:
Textual context: Idle time must always be less than or equal to the total operation time.
The payload must always be smaller than or equal to the load on axle 2.";"Idle time must always be less than or equal to the total operation time.
The payload must always be smaller than or equal to the load on axle 2.";2;[['idle time', 'total operation time'], ['payload', 'axle 2 load']];Llama-8;"def r1(idle_time: float, operation_time: float) -> bool:
    if idle_time <= operation_time:
        return True
    else:
        return False

def r2(payload: float, load_axle2: float) -> bool:
    if payload <= load_axle2:
        return True
    else:
        return False

def r3(arg1: float, arg2: float, arg3: float, arg4: float):
    return not(r1(arg1, arg2) and r2(arg3, arg4)), r1(arg1, arg2), r2(arg3, arg4)";Correct syntax;['True, True, False', 'False, True, True', 'True, False, True'];['True, True, False', 'False, True, True', 'True, False, True']
"System Message:
        You are a logician with a background in mathematics that translates natural language
        reasoning text to Python3 code so that these natural language reasoning problems can be solved.
        During the translation, please pay close attention to defining variables and rules.
        Do not add any comments from you.
        Be guided by the following example:
        Example input text:
        Textual context: If the parameter A's value is at least 20, the lowest possible value of parameter B is 5.
If the parameter C's value is at least 20, the lowest possible value of parameter D is 40.
Parameter E's value cannot be less than parameter F's value.
Parameter G's value cannot be less than parameter H's value.

        Example Python3 code:
        # If the parameter A's value is at least 20, the lowest possible value of parameter B is 5.
def r1(a: float, b: float) -> bool:
    if b / a >= 0.25:
        return True
    else:
        return False

# If the parameter C's value is at least 20, the lowest possible value of parameter D is 40.
def r2(c: float, d: float) -> bool:
    if d / c >= 2:
        return True
    else:
        return False

# Parameter E's value cannot be less than parameter F's value.
def r3(e: float, f: float) -> bool:
    if e >= f:
        return True
    else:
        return False

# Parameter G's value cannot be less than parameter H's value.
def r4(g: float, h: float) -> bool:
    if g >= h:
        return True
    else:
        return False


        
Input text:
Textual context: PTO operation time should be less than or equal to the total operation time.
The total operation durationmust not be lower than the driving time.
The load on axle 1 must not surpass the load on axle 3.
The payload must not exceed the load carried by axle 3.";"PTO operation time should be less than or equal to the total operation time.
The total operation durationmust not be lower than the driving time.
The load on axle 1 must not surpass the load on axle 3.
The payload must not exceed the load carried by axle 3.";4;[['PTO operation time', 'total operation time'], ['total operation time', 'driving time'], ['axle 1 load', 'axle 3 load'], ['payload', 'axle 3 load']];Llama-8;"def r1(pto: float, total: float) -> bool:
    if pto <= total:
        return True
    else:
        return False

def r2(total: float, driving: float) -> bool:
    if total >= driving:
        return True
    else:
        return False

def r3(axle1: float, axle3: float) -> bool:
    if axle1 <= axle3:
        return True
    else:
        return False

def r4(payload: float, axle3: float) -> bool:
    if payload <= axle3:
        return True
    else:
        return False

def r5(arg1: float, arg2: float, arg3: float, arg4: float, arg5: float, arg6: float, arg7: float, arg8: float):
    return not(r1(arg1, arg2) and r2(arg3, arg4) and r3(arg5, arg6) and r4(arg7, arg8)), r1(arg1, arg2), r2(arg3, arg4), r3(arg5, arg6), r4(arg7, arg8)";Correct syntax;['True, True, True, False, False', 'False, True, True, True, True', 'True, False, False, True, True'];['True, True, True, False, False', 'False, True, True, True, True', 'True, False, False, True, True']
"System Message:
        You are a logician with a background in mathematics that translates natural language
        reasoning text to Python3 code so that these natural language reasoning problems can be solved.
        During the translation, please pay close attention to defining variables and rules.
        Do not add any comments from you.
        Be guided by the following example:
        Example input text:
        Textual context: If the parameter A's value is at least 20, the lowest possible value of parameter B is 5.
If the parameter C's value is at least 20, the lowest possible value of parameter D is 40.
Parameter E's value cannot be less than parameter F's value.
Parameter G's value cannot be less than parameter H's value.

        Example Python3 code:
        # If the parameter A's value is at least 20, the lowest possible value of parameter B is 5.
def r1(a: float, b: float) -> bool:
    if b / a >= 0.25:
        return True
    else:
        return False

# If the parameter C's value is at least 20, the lowest possible value of parameter D is 40.
def r2(c: float, d: float) -> bool:
    if d / c >= 2:
        return True
    else:
        return False

# Parameter E's value cannot be less than parameter F's value.
def r3(e: float, f: float) -> bool:
    if e >= f:
        return True
    else:
        return False

# Parameter G's value cannot be less than parameter H's value.
def r4(g: float, h: float) -> bool:
    if g >= h:
        return True
    else:
        return False


        
Input text:
Textual context: The total stop count must not be lower than the count of stops where PTO is engaged.
Payload must remain below or equal to the load carried by axle 2.
The total operation duration must always be greater than or equal to the combined time for PTO, idle, and driving.";"The total stop count must not be lower than the count of stops where PTO is engaged.
Payload must remain below or equal to the load carried by axle 2.
The total operation duration must always be greater than or equal to the combined time for PTO, idle, and driving.";3;[['stops', 'stops with PTO engaged'], ['payload', 'axle 2 load'], ['total operation time', 'PTO operation time', 'idle time', 'driving time']];Llama-8;"def r1(stop_count: float, pto_stops: float) -> bool:
    if stop_count >= pto_stops:
        return True
    else:
        return False

def r2(payload: float, axle2_load: float) -> bool:
    if payload <= axle2_load:
        return True
    else:
        return False

def r3(total_duration: float, pto_time: float, idle_time: float, driving_time: float) -> bool:
    if total_duration >= pto_time + idle_time + driving_time:
        return True
    else:
        return False

def r4(arg1: float, arg2: float, arg3: float, arg4: float, arg5: float, arg6: float, arg7: float, arg8: float):
    return not(r1(arg1, arg2) and r2(arg3, arg4) and r3(arg5, arg6, arg7, arg8)), r1(arg1, arg2), r2(arg3, arg4), r3(arg5, arg6, arg7, arg8)";Correct syntax;['True, True, False, True', 'False, True, True, True', 'True, False, True, False'];['True, True, False, True', 'False, True, True, True', 'True, False, True, False']
"System Message:
        You are a logician with a background in mathematics that translates natural language
        reasoning text to Python3 code so that these natural language reasoning problems can be solved.
        During the translation, please pay close attention to defining variables and rules.
        Do not add any comments from you.
        Be guided by the following example:
        Example input text:
        Textual context: If the parameter A's value is at least 20, the lowest possible value of parameter B is 5.
If the parameter C's value is at least 20, the lowest possible value of parameter D is 40.
Parameter E's value cannot be less than parameter F's value.
Parameter G's value cannot be less than parameter H's value.

        Example Python3 code:
        # If the parameter A's value is at least 20, the lowest possible value of parameter B is 5.
def r1(a: float, b: float) -> bool:
    if b / a >= 0.25:
        return True
    else:
        return False

# If the parameter C's value is at least 20, the lowest possible value of parameter D is 40.
def r2(c: float, d: float) -> bool:
    if d / c >= 2:
        return True
    else:
        return False

# Parameter E's value cannot be less than parameter F's value.
def r3(e: float, f: float) -> bool:
    if e >= f:
        return True
    else:
        return False

# Parameter G's value cannot be less than parameter H's value.
def r4(g: float, h: float) -> bool:
    if g >= h:
        return True
    else:
        return False


        
Input text:
Textual context: PTO operation time should be less than or equal to the total operation time.
Axle 1's load cannot exceed Axle 3's load.
The payload must not exceed the load carried by axle 3.";"PTO operation time should be less than or equal to the total operation time.
Axle 1's load cannot exceed Axle 3's load.
The payload must not exceed the load carried by axle 3.";3;[['PTO operation time', 'total operation time'], ['axle 1 load', 'axle 3 load'], ['payload', 'axle 3 load']];Llama-8;"def r1(pto: float, total: float) -> bool:
    if pto <= total:
        return True
    else:
        return False

def r2(axle1: float, axle3: float) -> bool:
    if axle1 <= axle3:
        return True
    else:
        return False

def r3(payload: float, axle3: float) -> bool:
    if payload <= axle3:
        return True
    else:
        return False

def r4(arg1: float, arg2: float, arg3: float, arg4: float, arg5: float, arg6: float):
    return not(r1(arg1, arg2) and r2(arg3, arg4) and r3(arg5, arg6)), r1(arg1, arg2), r2(arg3, arg4), r3(arg5, arg6)";Correct syntax;['True, True, False, False', 'False, True, True, True', 'True, False, True, True'];['True, True, False, False', 'False, True, True, True', 'True, False, True, True']
"System Message:
        You are a logician with a background in mathematics that translates natural language
        reasoning text to Python3 code so that these natural language reasoning problems can be solved.
        During the translation, please pay close attention to defining variables and rules.
        Do not add any comments from you.
        Be guided by the following example:
        Example input text:
        Textual context: If the parameter A's value is at least 20, the lowest possible value of parameter B is 5.
If the parameter C's value is at least 20, the lowest possible value of parameter D is 40.
Parameter E's value cannot be less than parameter F's value.
Parameter G's value cannot be less than parameter H's value.

        Example Python3 code:
        # If the parameter A's value is at least 20, the lowest possible value of parameter B is 5.
def r1(a: float, b: float) -> bool:
    if b / a >= 0.25:
        return True
    else:
        return False

# If the parameter C's value is at least 20, the lowest possible value of parameter D is 40.
def r2(c: float, d: float) -> bool:
    if d / c >= 2:
        return True
    else:
        return False

# Parameter E's value cannot be less than parameter F's value.
def r3(e: float, f: float) -> bool:
    if e >= f:
        return True
    else:
        return False

# Parameter G's value cannot be less than parameter H's value.
def r4(g: float, h: float) -> bool:
    if g >= h:
        return True
    else:
        return False


        
Input text:
Textual context: The weight on axle 1 cannot surpass the weight on axle 3.
The payload must always be smaller than or equal to the load on axle 3.";"The weight on axle 1 cannot surpass the weight on axle 3.
The payload must always be smaller than or equal to the load on axle 3.";2;[['axle 1 load', 'axle 3 load'], ['payload', 'axle 3 load']];Llama-8;"def r1(axle1: float, axle3: float) -> bool:
    if axle1 <= axle3:
        return True
    else:
        return False

def r2(payload: float, axle3: float) -> bool:
    if payload <= axle3:
        return True
    else:
        return False

def r3(arg1: float, arg2: float, arg3: float, arg4: float):
    return not(r1(arg1, arg2) and r2(arg3, arg4)), r1(arg1, arg2), r2(arg3, arg4)";Correct syntax;['True, False, False', 'False, True, True', 'False, True, True'];['True, False, False', 'False, True, True', 'False, True, True']
"System Message:
        You are a logician with a background in mathematics that translates natural language
        reasoning text to Python3 code so that these natural language reasoning problems can be solved.
        During the translation, please pay close attention to defining variables and rules.
        Do not add any comments from you.
        Be guided by the following example:
        Example input text:
        Textual context: If the parameter A's value is at least 20, the lowest possible value of parameter B is 5.
If the parameter C's value is at least 20, the lowest possible value of parameter D is 40.
Parameter E's value cannot be less than parameter F's value.
Parameter G's value cannot be less than parameter H's value.

        Example Python3 code:
        # If the parameter A's value is at least 20, the lowest possible value of parameter B is 5.
def r1(a: float, b: float) -> bool:
    if b / a >= 0.25:
        return True
    else:
        return False

# If the parameter C's value is at least 20, the lowest possible value of parameter D is 40.
def r2(c: float, d: float) -> bool:
    if d / c >= 2:
        return True
    else:
        return False

# Parameter E's value cannot be less than parameter F's value.
def r3(e: float, f: float) -> bool:
    if e >= f:
        return True
    else:
        return False

# Parameter G's value cannot be less than parameter H's value.
def r4(g: float, h: float) -> bool:
    if g >= h:
        return True
    else:
        return False


        
Input text:
Textual context: The total operation duration must not be lower than the idle time.
Driving time should be less than or equal to the total operation time.
The load on axle 1 must not surpass the load on axle 2.
The total operation duration must always be greater than or equal to the combined time for PTO, idle, and driving.";"The total operation duration must not be lower than the idle time.
Driving time should be less than or equal to the total operation time.
The load on axle 1 must not surpass the load on axle 2.
The total operation duration must always be greater than or equal to the combined time for PTO, idle, and driving.";4;[['total operation time', 'idle time'], ['driving time', 'total operation time'], ['axle 1 load', 'axle 2 load'], ['total operation time', 'PTO operation time', 'idle time', 'driving time']];Llama-8;"def r1(total_operation_duration: float, idle_time: float) -> bool:
    if total_operation_duration >= idle_time:
        return True
    else:
        return False

def r2(driving_time: float, total_operation_time: float) -> bool:
    if driving_time <= total_operation_time:
        return True
    else:
        return False

def r3(load_axle1: float, load_axle2: float) -> bool:
    if load_axle1 <= load_axle2:
        return True
    else:
        return False

def r4(total_operation_duration: float, pto_time: float, idle_time: float, driving_time: float) -> bool:
    if total_operation_duration >= pto_time + idle_time + driving_time:
        return True
    else:
        return False

def r5(arg1: float, arg2: float, arg3: float, arg4: float, arg5: float, arg6: float, arg7: float, arg8: float, arg9: float, arg10: float):
    return not(r1(arg1, arg2) and r2(arg3, arg4) and r3(arg5, arg6) and r4(arg7, arg8, arg9, arg10)), r1(arg1, arg2), r2(arg3, arg4), r3(arg5, arg6), r4(arg7, arg8, arg9, arg10)";Correct syntax;['True, True, True, False, True', 'False, True, True, True, True', 'True, False, False, True, False'];['True, True, True, False, True', 'False, True, True, True, True', 'True, False, False, True, False']
"System Message:
        You are a logician with a background in mathematics that translates natural language
        reasoning text to Python3 code so that these natural language reasoning problems can be solved.
        During the translation, please pay close attention to defining variables and rules.
        Do not add any comments from you.
        Be guided by the following example:
        Example input text:
        Textual context: If the parameter A's value is at least 20, the lowest possible value of parameter B is 5.
If the parameter C's value is at least 20, the lowest possible value of parameter D is 40.
Parameter E's value cannot be less than parameter F's value.
Parameter G's value cannot be less than parameter H's value.

        Example Python3 code:
        # If the parameter A's value is at least 20, the lowest possible value of parameter B is 5.
def r1(a: float, b: float) -> bool:
    if b / a >= 0.25:
        return True
    else:
        return False

# If the parameter C's value is at least 20, the lowest possible value of parameter D is 40.
def r2(c: float, d: float) -> bool:
    if d / c >= 2:
        return True
    else:
        return False

# Parameter E's value cannot be less than parameter F's value.
def r3(e: float, f: float) -> bool:
    if e >= f:
        return True
    else:
        return False

# Parameter G's value cannot be less than parameter H's value.
def r4(g: float, h: float) -> bool:
    if g >= h:
        return True
    else:
        return False


        
Input text:
Textual context: PTO operation time should be less than or equal to the total operation time.
The load carried by axle 1 must be smaller than or equal to the load on axle 2.
The payload must always be smaller than or equal to the load on axle 2.";"PTO operation time should be less than or equal to the total operation time.
The load carried by axle 1 must be smaller than or equal to the load on axle 2.
The payload must always be smaller than or equal to the load on axle 2.";3;[['PTO operation time', 'total operation time'], ['axle 1 load', 'axle 2 load'], ['payload', 'axle 2 load']];Llama-8;"def r1(pto_operation_time: float, total_operation_time: float) -> bool:
    if pto_operation_time <= total_operation_time:
        return True
    else:
        return False

def r2(axle1_load: float, axle2_load: float) -> bool:
    if axle1_load <= axle2_load:
        return True
    else:
        return False

def r3(payload: float, axle2_load: float) -> bool:
    if payload <= axle2_load:
        return True
    else:
        return False

def r4(arg1: float, arg2: float, arg3: float, arg4: float, arg5: float, arg6: float):
    return not(r1(arg1, arg2) and r2(arg3, arg4) and r3(arg5, arg6)), r1(arg1, arg2), r2(arg3, arg4), r3(arg5, arg6)";Correct syntax;['True, True, False, False', 'False, True, True, True', 'True, False, True, True'];['True, True, False, False', 'False, True, True, True', 'True, False, True, True']
"System Message:
        You are a logician with a background in mathematics that translates natural language
        reasoning text to Python3 code so that these natural language reasoning problems can be solved.
        During the translation, please pay close attention to defining variables and rules.
        Do not add any comments from you.
        Be guided by the following example:
        Example input text:
        Textual context: If the parameter A's value is at least 20, the lowest possible value of parameter B is 5.
If the parameter C's value is at least 20, the lowest possible value of parameter D is 40.
Parameter E's value cannot be less than parameter F's value.
Parameter G's value cannot be less than parameter H's value.

        Example Python3 code:
        # If the parameter A's value is at least 20, the lowest possible value of parameter B is 5.
def r1(a: float, b: float) -> bool:
    if b / a >= 0.25:
        return True
    else:
        return False

# If the parameter C's value is at least 20, the lowest possible value of parameter D is 40.
def r2(c: float, d: float) -> bool:
    if d / c >= 2:
        return True
    else:
        return False

# Parameter E's value cannot be less than parameter F's value.
def r3(e: float, f: float) -> bool:
    if e >= f:
        return True
    else:
        return False

# Parameter G's value cannot be less than parameter H's value.
def r4(g: float, h: float) -> bool:
    if g >= h:
        return True
    else:
        return False


        
Input text:
Textual context: PTO operation time must be less than or equal to the total operation time.
Total operation time shouldn’t be lower than idle time.
The number of stops where PTO is engaged must not exceed the overall stop count.
Axle 1's load cannot exceed Axle 2's load.";"PTO operation time must be less than or equal to the total operation time.
Total operation time shouldn’t be lower than idle time.
The number of stops where PTO is engaged must not exceed the overall stop count.
Axle 1's load cannot exceed Axle 2's load.";4;[['PTO operation time', 'total operation time'], ['total operation time', 'idle time'], ['stops with PTO engaged', 'stops'], ['axle 1 load', 'axle 2 load']];Llama-8;"def r1(pto: float, total: float) -> bool:
    if pto <= total:
        return True
    else:
        return False

def r2(total: float, idle: float) -> bool:
    if total >= idle:
        return True
    else:
        return False

def r3(pto_stops: int, overall_stops: int) -> bool:
    if pto_stops <= overall_stops:
        return True
    else:
        return False

def r4(axle1: float, axle2: float) -> bool:
    if axle1 <= axle2:
        return True
    else:
        return False

def r5(arg1: float, arg2: float, arg3: float, arg4: float, arg5: float, arg6: float, arg7: float, arg8: float):
    return not(r1(arg1, arg2) and r2(arg3, arg4) and r3(arg5, arg6) and r4(arg7, arg8)), r1(arg1, arg2), r2(arg3, arg4), r3(arg5, arg6), r4(arg7, arg8)";Correct syntax;['True, True, True, True, False', 'False, True, True, True, True', 'True, False, False, False, True'];['True, True, True, True, False', 'False, True, True, True, True', 'True, False, False, False, True']
"System Message:
You are an agent which task is to correct Python3 code implementing logical rules, generated by another large language model,
so that they throw no runtime errors during program execution and correspond to the logical assumptions expressed in natural language.
To perform this task you will receive a Python3 code with valid syntax, which not correspond to the logical premises and throw runtime errors,
and these logical premises expressed in natural language, which should be translated into rules in Python3 code.
Your task is to return a valid Python3 rules for a given premises, having corrected the runtime errors.
Improvements made should mainly include defining the correct number of arguments for each function according to corresponding premise
and using inside functions the proper variables, previously defined in the function declaration.
Do not make any corrections to the last function.
Please output only a valid Python code only with comments started with #.
Do not add any additional texts, tags and comments.
Be guided by the following examples:

Example 1
# If the parameter C's value is at least 20, the lowest possible value of parameter D is 40.
def r1(c: float, d: float) -> bool:
    if c >= 20 and d / c >= 0.4:
        return True
    else:
        return False

# Parameter W value should be at least the sum of parameter X, parameter Y and parameter Z.
def r2(x: float, y: float, z: float) -> bool:
    if x + y + z >= 0:
        return True
    else:
        return False

# To identify the day as abnormal, it is enough that even one or more conditions are violated.
def r3(arg1: float, arg2: float, arg3: float, arg4: float, arg5: float, arg6: float):
    return not(r1(arg1, arg2) and r2(arg3, arg4, arg5, arg6)), r1(arg1, arg2), r2(arg3, arg4, arg5, arg6)

It is supposed to translate the following example text into rules:
If the parameter C's value is at least 20, the lowest possible value of parameter D is 40.
Parameter W value should be at least the sum of parameter X, parameter Y and parameter Z.

Code after execution returns the following error:
Traceback (most recent call last):
  File ""/home/obywatelfg/Doktorat/Badania/Logic-LLM/LLM-logic/New_val_Adapt_Task2_outputs_python_no_final_rule/Llama-8/2/python_code/2_output_python.py"", line 18, in <module>
    print(r3(2226.8, 2432.3, 0.3, 0.9, 2.7, 1.0))
  File ""/home/obywatelfg/Doktorat/Badania/Logic-LLM/LLM-logic/New_val_Adapt_Task2_outputs_python_no_final_rule/Llama-8/2/python_code/2_output_python.py"", line 16, in r3
    return not(r1(arg1, arg2) and r2(arg3, arg4, arg5, arg6)), r1(arg1, arg2), r2(arg3, arg4, arg5, arg6)
TypeError: r2() takes 3 positional arguments but 4 were given

Please correct the code.

The corrected code should be the following:
# If the parameter C's value is at least 20, the lowest possible value of parameter D is 40.
def r1(c: float, d: float) -> bool:
    if c >= 20 and d / c >= 0.4:
        return True
    else:
        return False

# This function lack of parameter W in a function definition and a body, where logical rule should check the proportion between param W and sum of params x, y, z.
# Parameter W value should be at least the sum of parameter X, parameter Y and parameter Z.
def r2(x: float, y: float, z: float, w: float) -> bool:
    if x + y + z <= w:
        return True
    else:
        return False

# To identify the day as abnormal, it is enough that even one or more conditions are violated.
def r3(arg1: float, arg2: float, arg3: float, arg4: float, arg5: float, arg6: float):
    return not(r1(arg1, arg2) and r2(arg3, arg4, arg5, arg6)), r1(arg1, arg2), r2(arg3, arg4, arg5, arg6)


Example 2
# If the parameter C's value is at least 20, the lowest possible value of parameter D is 40.
def r1(c: float) -> bool:
    if c >= 40 and c >= 0.4:
        return True
    else:
        return False

# Parameter T's value shouldn't be lower than parameter P's value.
def r2(t: float, p: float) -> bool:
    if t >= p:
        return True
    else:
        return False

# To identify the day as abnormal, it is enough that even one or more conditions are violated.
def r3(arg1: float, arg2: float, arg3: float, arg4: float):
    return not(r1(arg1, arg2) and r2(arg3, arg4)), r1(arg1, arg2), r2(arg3, arg4)

It is supposed to translate the following example text into rules:
If the parameter C's value is at least 20, the lowest possible value of parameter D is 40.
Parameter T's value shouldn't be lower than parameter P's value.

Code after execution returns the following error:
Traceback (most recent call last):
  File ""/home/obywatelfg/Doktorat/Badania/Logic-LLM/LLM-logic/New_val_Adapt_Task2_outputs_python_no_final_rule/Llama-8/4/python_code/121_output_python.py"", line 32, in <module>
    print(r5(227.70000000000002, 75.9, 9.5, 1.9, 7203.1, 6652.3, 10268.5, 8400.7))
  File ""/home/obywatelfg/Doktorat/Badania/Logic-LLM/LLM-logic/New_val_Adapt_Task2_outputs_python_no_final_rule/Llama-8/4/python_code/121_output_python.py"", line 30, in r5
    return not(r1(arg1, arg2) and r2(arg3, arg4) and r3(arg5, arg6) and r4(arg7, arg8)), r1(arg1, arg2), r2(arg3, arg4), r3(arg5, arg6), r4(arg7, arg8)
TypeError: r1() takes 1 positional argument but 2 were given

Please correct the code.

The corrected code should be the following:
# If the parameter C's value is at least 20, the lowest possible value of parameter D is 40.
def r1(c: float, d: float) -> bool:
    if d / c >= 2:
        return True
    else:
        return False

# Parameter T's value shouldn't be lower than parameter P's value.
def r2(t: float, p: float) -> bool:
    if t >= p:
        return True
    else:
        return False

# To identify the day as abnormal, it is enough that even one or more conditions are violated.
def r3(arg1: float, arg2: float, arg3: float, arg4: float):
    return not(r1(arg1, arg2) and r2(arg3, arg4)), r1(arg1, arg2), r2(arg3, arg4)


The input for your task:
This is the Python3 code which not correspond to the given logical premises:
def r1(c: float, d: float) -> bool:
    if c <= d:
        return True
    else:
        return False

def r2(e: float, f: float) -> bool:
    if e <= f:
        return True
    else:
        return False

def r3(g: float, h: float, i: float) -> bool:
    if g >= h + i:
        return True
    else:
        return False

def r4(arg1: float, arg2: float, arg3: float, arg4: float, arg5: float, arg6: float, arg7: float, arg8: float):
    return not(r1(arg1, arg2) and r2(arg3, arg4) and r3(arg5, arg6, arg7, arg8)), r1(arg1, arg2), r2(arg3, arg4), r3(arg5, arg6, arg7, arg8)

It is supposed to translate the following text into rules:
Driving time cannot be greater than the total operation time.
The load supported by axle 1 cannot exceed that of axle 2.
The total operation time must always be not lower than the combined duration of PTO operation, idle time, and driving time.

Code after execution returns the following error:
Traceback (most recent call last):
  File ""/home/frank/Doktorat/ExKLoP/saved_outputs/Task2_syntax_outputs/Llama-8/3/python_code/129_output_python.py"", line 22, in <module>
    print(r4(3.2, 8.6, 3241.2, 3010.4, 2.1, 0.3, 1.0, 0.7))
  File ""/home/frank/Doktorat/ExKLoP/saved_outputs/Task2_syntax_outputs/Llama-8/3/python_code/129_output_python.py"", line 20, in r4
    return not(r1(arg1, arg2) and r2(arg3, arg4) and r3(arg5, arg6, arg7, arg8)), r1(arg1, arg2), r2(arg3, arg4), r3(arg5, arg6, arg7, arg8)
TypeError: r3() takes 3 positional arguments but 4 were given


Please correct the code.   ";"Driving time cannot be greater than the total operation time.
The load supported by axle 1 cannot exceed that of axle 2.
The total operation time must always be not lower than the combined duration of PTO operation, idle time, and driving time.";3;[['driving time', 'total operation time'], ['axle 1 load', 'axle 2 load'], ['total operation time', 'PTO operation time', 'idle time', 'driving time']];Llama-8;"def r1(total_operation_time: float, driving_time: float) -> bool:
    if driving_time <= total_operation_time:
        return True
    else:
        return False

def r2(axle_1: float, axle_2: float) -> bool:
    if axle_1 <= axle_2:
        return True
    else:
        return False

def r3(pto_operation: float, idle_time: float, driving_time: float, total_operation_time: float) -> bool:
    if pto_operation + idle_time + driving_time <= total_operation_time:
        return True
    else:
        return False

def r4(arg1: float, arg2: float, arg3: float, arg4: float, arg5: float, arg6: float, arg7: float, arg8: float):
    return not(r1(arg1, arg2) and r2(arg3, arg4) and r3(arg5, arg6, arg7, arg8)), r1(arg1, arg2), r2(arg3, arg4), r3(arg5, arg6, arg7, arg8)";Correct syntax;['True, True, False, True', 'False, True, True, True', 'True, False, True, False'];['True, False, False, False', 'True, True, True, False', 'True, True, True, False']
"System Message:
        You are a logician with a background in mathematics that translates natural language
        reasoning text to Python3 code so that these natural language reasoning problems can be solved.
        During the translation, please pay close attention to defining variables and rules.
        Do not add any comments from you.
        Be guided by the following example:
        Example input text:
        Textual context: If the parameter A's value is at least 20, the lowest possible value of parameter B is 5.
If the parameter C's value is at least 20, the lowest possible value of parameter D is 40.
Parameter E's value cannot be less than parameter F's value.
Parameter G's value cannot be less than parameter H's value.

        Example Python3 code:
        # If the parameter A's value is at least 20, the lowest possible value of parameter B is 5.
def r1(a: float, b: float) -> bool:
    if b / a >= 0.25:
        return True
    else:
        return False

# If the parameter C's value is at least 20, the lowest possible value of parameter D is 40.
def r2(c: float, d: float) -> bool:
    if d / c >= 2:
        return True
    else:
        return False

# Parameter E's value cannot be less than parameter F's value.
def r3(e: float, f: float) -> bool:
    if e >= f:
        return True
    else:
        return False

# Parameter G's value cannot be less than parameter H's value.
def r4(g: float, h: float) -> bool:
    if g >= h:
        return True
    else:
        return False


        
Input text:
Textual context: The total operation duration must not be lower than the PTO operation time.
Driving time must always be less than or equal to the total operation time.
The payload must not exceed the load carried by axle 2.";"The total operation duration must not be lower than the PTO operation time.
Driving time must always be less than or equal to the total operation time.
The payload must not exceed the load carried by axle 2.";3;[['total operation time', 'PTO operation time'], ['driving time', 'total operation time'], ['payload', 'axle 2 load']];Llama-8;"def r1(total_operation_duration: float, pto_operation_time: float) -> bool:
    if total_operation_duration >= pto_operation_time:
        return True
    else:
        return False

def r2(driving_time: float, total_operation_duration: float) -> bool:
    if driving_time <= total_operation_duration:
        return True
    else:
        return False

def r3(payload: float, load_axle2: float) -> bool:
    if payload <= load_axle2:
        return True
    else:
        return False

def r4(arg1: float, arg2: float, arg3: float, arg4: float, arg5: float, arg6: float):
    return not(r1(arg1, arg2) and r2(arg3, arg4) and r3(arg5, arg6)), r1(arg1, arg2), r2(arg3, arg4), r3(arg5, arg6)";Correct syntax;['True, True, True, False', 'False, True, True, True', 'True, False, False, True'];['True, True, True, False', 'False, True, True, True', 'True, False, False, True']
"System Message:
        You are a logician with a background in mathematics that translates natural language
        reasoning text to Python3 code so that these natural language reasoning problems can be solved.
        During the translation, please pay close attention to defining variables and rules.
        Do not add any comments from you.
        Be guided by the following example:
        Example input text:
        Textual context: If the parameter A's value is at least 20, the lowest possible value of parameter B is 5.
If the parameter C's value is at least 20, the lowest possible value of parameter D is 40.
Parameter E's value cannot be less than parameter F's value.
Parameter G's value cannot be less than parameter H's value.

        Example Python3 code:
        # If the parameter A's value is at least 20, the lowest possible value of parameter B is 5.
def r1(a: float, b: float) -> bool:
    if b / a >= 0.25:
        return True
    else:
        return False

# If the parameter C's value is at least 20, the lowest possible value of parameter D is 40.
def r2(c: float, d: float) -> bool:
    if d / c >= 2:
        return True
    else:
        return False

# Parameter E's value cannot be less than parameter F's value.
def r3(e: float, f: float) -> bool:
    if e >= f:
        return True
    else:
        return False

# Parameter G's value cannot be less than parameter H's value.
def r4(g: float, h: float) -> bool:
    if g >= h:
        return True
    else:
        return False


        
Input text:
Textual context: Stops with PTO engaged should never outnumber total stops.
The payload cannot exceed the capacity of axle 2.
Axle 3's load must always be equal to or greater than the payload.";"Stops with PTO engaged should never outnumber total stops.
The payload cannot exceed the capacity of axle 2.
Axle 3's load must always be equal to or greater than the payload.";3;[['stops with PTO engaged', 'stops'], ['payload', 'axle 2 load'], ['axle 3 load', 'payload']];Llama-8;"def r1(pto_stops: int, total_stops: int) -> bool:
    if pto_stops <= total_stops:
        return True
    else:
        return False

def r2(payload: float, axle2_capacity: float) -> bool:
    if payload <= axle2_capacity:
        return True
    else:
        return False

def r3(axle3_load: float, payload: float) -> bool:
    if axle3_load >= payload:
        return True
    else:
        return False

def r4(arg1: float, arg2: float, arg3: float, arg4: float, arg5: float, arg6: float):
    return not(r1(arg1, arg2) and r2(arg3, arg4) and r3(arg5, arg6)), r1(arg1, arg2), r2(arg3, arg4), r3(arg5, arg6)";Correct syntax;['True, True, False, False', 'False, True, True, True', 'True, False, True, True'];['True, True, False, False', 'False, True, True, True', 'True, False, True, True']
"System Message:
        You are a logician with a background in mathematics that translates natural language
        reasoning text to Python3 code so that these natural language reasoning problems can be solved.
        During the translation, please pay close attention to defining variables and rules.
        Do not add any comments from you.
        Be guided by the following example:
        Example input text:
        Textual context: If the parameter A's value is at least 20, the lowest possible value of parameter B is 5.
If the parameter C's value is at least 20, the lowest possible value of parameter D is 40.
Parameter E's value cannot be less than parameter F's value.
Parameter G's value cannot be less than parameter H's value.

        Example Python3 code:
        # If the parameter A's value is at least 20, the lowest possible value of parameter B is 5.
def r1(a: float, b: float) -> bool:
    if b / a >= 0.25:
        return True
    else:
        return False

# If the parameter C's value is at least 20, the lowest possible value of parameter D is 40.
def r2(c: float, d: float) -> bool:
    if d / c >= 2:
        return True
    else:
        return False

# Parameter E's value cannot be less than parameter F's value.
def r3(e: float, f: float) -> bool:
    if e >= f:
        return True
    else:
        return False

# Parameter G's value cannot be less than parameter H's value.
def r4(g: float, h: float) -> bool:
    if g >= h:
        return True
    else:
        return False


        
Input text:
Textual context: PTO operation time should be less than or equal to the total operation time.
The payload must not exceed the load carried by axle 2.
Total operation time should be at least the sum of PTO, idle, and driving times.";"PTO operation time should be less than or equal to the total operation time.
The payload must not exceed the load carried by axle 2.
Total operation time should be at least the sum of PTO, idle, and driving times.";3;[['PTO operation time', 'total operation time'], ['payload', 'axle 2 load'], ['total operation time', 'PTO operation time', 'idle time', 'driving time']];Llama-8;"def r1(pto: float, total: float) -> bool:
    if pto <= total:
        return True
    else:
        return False

def r2(payload: float, axle2: float) -> bool:
    if payload <= axle2:
        return True
    else:
        return False

def r3(total: float, pto: float, idle: float, driving: float) -> bool:
    if total >= pto + idle + driving:
        return True
    else:
        return False

def r4(arg1: float, arg2: float, arg3: float, arg4: float, arg5: float, arg6: float, arg7: float, arg8: float):
    return not(r1(arg1, arg2) and r2(arg3, arg4) and r3(arg5, arg6, arg7, arg8)), r1(arg1, arg2), r2(arg3, arg4), r3(arg5, arg6, arg7, arg8)";Correct syntax;['True, True, False, True', 'False, True, True, True', 'True, False, True, False'];['True, True, False, True', 'False, True, True, True', 'True, False, True, False']
"System Message:
        You are a logician with a background in mathematics that translates natural language
        reasoning text to Python3 code so that these natural language reasoning problems can be solved.
        During the translation, please pay close attention to defining variables and rules.
        Do not add any comments from you.
        Be guided by the following example:
        Example input text:
        Textual context: If the parameter A's value is at least 20, the lowest possible value of parameter B is 5.
If the parameter C's value is at least 20, the lowest possible value of parameter D is 40.
Parameter E's value cannot be less than parameter F's value.
Parameter G's value cannot be less than parameter H's value.

        Example Python3 code:
        # If the parameter A's value is at least 20, the lowest possible value of parameter B is 5.
def r1(a: float, b: float) -> bool:
    if b / a >= 0.25:
        return True
    else:
        return False

# If the parameter C's value is at least 20, the lowest possible value of parameter D is 40.
def r2(c: float, d: float) -> bool:
    if d / c >= 2:
        return True
    else:
        return False

# Parameter E's value cannot be less than parameter F's value.
def r3(e: float, f: float) -> bool:
    if e >= f:
        return True
    else:
        return False

# Parameter G's value cannot be less than parameter H's value.
def r4(g: float, h: float) -> bool:
    if g >= h:
        return True
    else:
        return False


        
Input text:
Textual context: The weight on axle 1 cannot surpass the weight on axle 2.
The load supported by axle 1 cannot exceed that of axle 3.
Payload must remain below or equal to the load carried by axle 2.
The payload cannot exceed the capacity of axle 3.";"The weight on axle 1 cannot surpass the weight on axle 2.
The load supported by axle 1 cannot exceed that of axle 3.
Payload must remain below or equal to the load carried by axle 2.
The payload cannot exceed the capacity of axle 3.";4;[['axle 1 load', 'axle 2 load'], ['axle 1 load', 'axle 3 load'], ['payload', 'axle 2 load'], ['payload', 'axle 3 load']];Llama-8;"def r1(w1: float, w2: float) -> bool:
    if w1 <= w2:
        return True
    else:
        return False

def r2(w1: float, w3: float) -> bool:
    if w1 <= w3:
        return True
    else:
        return False

def r3(p: float, w2: float) -> bool:
    if p <= w2:
        return True
    else:
        return False

def r4(p: float, w3: float) -> bool:
    if p <= w3:
        return True
    else:
        return False

def r5(arg1: float, arg2: float, arg3: float, arg4: float, arg5: float, arg6: float, arg7: float, arg8: float):
    return not(r1(arg1, arg2) and r2(arg3, arg4) and r3(arg5, arg6) and r4(arg7, arg8)), r1(arg1, arg2), r2(arg3, arg4), r3(arg5, arg6), r4(arg7, arg8)";Correct syntax;['True, False, False, False, False', 'False, True, True, True, True', 'False, True, True, True, True'];['True, False, False, False, False', 'False, True, True, True, True', 'False, True, True, True, True']
"System Message:
        You are a logician with a background in mathematics that translates natural language
        reasoning text to Python3 code so that these natural language reasoning problems can be solved.
        During the translation, please pay close attention to defining variables and rules.
        Do not add any comments from you.
        Be guided by the following example:
        Example input text:
        Textual context: If the parameter A's value is at least 20, the lowest possible value of parameter B is 5.
If the parameter C's value is at least 20, the lowest possible value of parameter D is 40.
Parameter E's value cannot be less than parameter F's value.
Parameter G's value cannot be less than parameter H's value.

        Example Python3 code:
        # If the parameter A's value is at least 20, the lowest possible value of parameter B is 5.
def r1(a: float, b: float) -> bool:
    if b / a >= 0.25:
        return True
    else:
        return False

# If the parameter C's value is at least 20, the lowest possible value of parameter D is 40.
def r2(c: float, d: float) -> bool:
    if d / c >= 2:
        return True
    else:
        return False

# Parameter E's value cannot be less than parameter F's value.
def r3(e: float, f: float) -> bool:
    if e >= f:
        return True
    else:
        return False

# Parameter G's value cannot be less than parameter H's value.
def r4(g: float, h: float) -> bool:
    if g >= h:
        return True
    else:
        return False


        
Input text:
Textual context: The total operation duration must not be lower than the PTO operation time.
Axle 2's load must always be equal to or greater than the payload.";"The total operation duration must not be lower than the PTO operation time.
Axle 2's load must always be equal to or greater than the payload.";2;[['total operation time', 'PTO operation time'], ['axle 2 load', 'payload']];Llama-8;"def r1(total_operation_duration: float, pto_operation_time: float) -> bool:
    if total_operation_duration >= pto_operation_time:
        return True
    else:
        return False

def r2(axle2_load: float, payload: float) -> bool:
    if axle2_load >= payload:
        return True
    else:
        return False

def r3(arg1: float, arg2: float, arg3: float, arg4: float):
    return not(r1(arg1, arg2) and r2(arg3, arg4)), r1(arg1, arg2), r2(arg3, arg4)";Correct syntax;['True, True, False', 'False, True, True', 'True, False, True'];['True, True, False', 'False, True, True', 'True, False, True']
"System Message:
        You are a logician with a background in mathematics that translates natural language
        reasoning text to Python3 code so that these natural language reasoning problems can be solved.
        During the translation, please pay close attention to defining variables and rules.
        Do not add any comments from you.
        Be guided by the following example:
        Example input text:
        Textual context: If the parameter A's value is at least 20, the lowest possible value of parameter B is 5.
If the parameter C's value is at least 20, the lowest possible value of parameter D is 40.
Parameter E's value cannot be less than parameter F's value.
Parameter G's value cannot be less than parameter H's value.

        Example Python3 code:
        # If the parameter A's value is at least 20, the lowest possible value of parameter B is 5.
def r1(a: float, b: float) -> bool:
    if b / a >= 0.25:
        return True
    else:
        return False

# If the parameter C's value is at least 20, the lowest possible value of parameter D is 40.
def r2(c: float, d: float) -> bool:
    if d / c >= 2:
        return True
    else:
        return False

# Parameter E's value cannot be less than parameter F's value.
def r3(e: float, f: float) -> bool:
    if e >= f:
        return True
    else:
        return False

# Parameter G's value cannot be less than parameter H's value.
def r4(g: float, h: float) -> bool:
    if g >= h:
        return True
    else:
        return False


        
Input text:
Textual context: The load carried by axle 1 must be smaller than or equal to the load on axle 3.
The payload must always be smaller than or equal to the load on axle 2.
Axle 3's load must always be equal to or greater than the payload.";"The load carried by axle 1 must be smaller than or equal to the load on axle 3.
The payload must always be smaller than or equal to the load on axle 2.
Axle 3's load must always be equal to or greater than the payload.";3;[['axle 1 load', 'axle 3 load'], ['payload', 'axle 2 load'], ['axle 3 load', 'payload']];Llama-8;"def r1(axle1: float, axle3: float) -> bool:
    if axle1 <= axle3:
        return True
    else:
        return False

def r2(payload: float, axle2: float) -> bool:
    if payload <= axle2:
        return True
    else:
        return False

def r3(axle3: float, payload: float) -> bool:
    if axle3 >= payload:
        return True
    else:
        return False

def r4(arg1: float, arg2: float, arg3: float, arg4: float, arg5: float, arg6: float):
    return not(r1(arg1, arg2) and r2(arg3, arg4) and r3(arg5, arg6)), r1(arg1, arg2), r2(arg3, arg4), r3(arg5, arg6)";Correct syntax;['True, False, False, False', 'False, True, True, True', 'False, True, True, True'];['True, False, False, False', 'False, True, True, True', 'False, True, True, True']
"System Message:
        You are a logician with a background in mathematics that translates natural language
        reasoning text to Python3 code so that these natural language reasoning problems can be solved.
        During the translation, please pay close attention to defining variables and rules.
        Do not add any comments from you.
        Be guided by the following example:
        Example input text:
        Textual context: If the parameter A's value is at least 20, the lowest possible value of parameter B is 5.
If the parameter C's value is at least 20, the lowest possible value of parameter D is 40.
Parameter E's value cannot be less than parameter F's value.
Parameter G's value cannot be less than parameter H's value.

        Example Python3 code:
        # If the parameter A's value is at least 20, the lowest possible value of parameter B is 5.
def r1(a: float, b: float) -> bool:
    if b / a >= 0.25:
        return True
    else:
        return False

# If the parameter C's value is at least 20, the lowest possible value of parameter D is 40.
def r2(c: float, d: float) -> bool:
    if d / c >= 2:
        return True
    else:
        return False

# Parameter E's value cannot be less than parameter F's value.
def r3(e: float, f: float) -> bool:
    if e >= f:
        return True
    else:
        return False

# Parameter G's value cannot be less than parameter H's value.
def r4(g: float, h: float) -> bool:
    if g >= h:
        return True
    else:
        return False


        
Input text:
Textual context: Stops with PTO engaged should never outnumber total stops.
The weight on axle 1 cannot surpass the weight on axle 2.
Axle 1's load cannot exceed Axle 3's load.";"Stops with PTO engaged should never outnumber total stops.
The weight on axle 1 cannot surpass the weight on axle 2.
Axle 1's load cannot exceed Axle 3's load.";3;[['stops with PTO engaged', 'stops'], ['axle 1 load', 'axle 2 load'], ['axle 1 load', 'axle 3 load']];Llama-8;"def r1(pto: int, total: int) -> bool:
    if pto <= total:
        return True
    else:
        return False

def r2(axle1: float, axle2: float) -> bool:
    if axle1 <= axle2:
        return True
    else:
        return False

def r3(axle1: float, axle3: float) -> bool:
    if axle1 <= axle3:
        return True
    else:
        return False

def r4(arg1: float, arg2: float, arg3: float, arg4: float, arg5: float, arg6: float):
    return not(r1(arg1, arg2) and r2(arg3, arg4) and r3(arg5, arg6)), r1(arg1, arg2), r2(arg3, arg4), r3(arg5, arg6)";Correct syntax;['True, True, False, False', 'False, True, True, True', 'True, False, True, True'];['True, True, False, False', 'False, True, True, True', 'True, False, True, True']
"System Message:
        You are a logician with a background in mathematics that translates natural language
        reasoning text to Python3 code so that these natural language reasoning problems can be solved.
        During the translation, please pay close attention to defining variables and rules.
        Do not add any comments from you.
        Be guided by the following example:
        Example input text:
        Textual context: If the parameter A's value is at least 20, the lowest possible value of parameter B is 5.
If the parameter C's value is at least 20, the lowest possible value of parameter D is 40.
Parameter E's value cannot be less than parameter F's value.
Parameter G's value cannot be less than parameter H's value.

        Example Python3 code:
        # If the parameter A's value is at least 20, the lowest possible value of parameter B is 5.
def r1(a: float, b: float) -> bool:
    if b / a >= 0.25:
        return True
    else:
        return False

# If the parameter C's value is at least 20, the lowest possible value of parameter D is 40.
def r2(c: float, d: float) -> bool:
    if d / c >= 2:
        return True
    else:
        return False

# Parameter E's value cannot be less than parameter F's value.
def r3(e: float, f: float) -> bool:
    if e >= f:
        return True
    else:
        return False

# Parameter G's value cannot be less than parameter H's value.
def r4(g: float, h: float) -> bool:
    if g >= h:
        return True
    else:
        return False


        
Input text:
Textual context: Idle time cannot be greater than the total operation time.
The number of stops where PTO is engaged must not exceed the overall stop count.
Axle 1's load cannot exceed Axle 3's load.";"Idle time cannot be greater than the total operation time.
The number of stops where PTO is engaged must not exceed the overall stop count.
Axle 1's load cannot exceed Axle 3's load.";3;[['idle time', 'total operation time'], ['stops with PTO engaged', 'stops'], ['axle 1 load', 'axle 3 load']];Llama-8;"def r1(idle: float, operation: float) -> bool:
    if idle <= operation:
        return True
    else:
        return False

def r2(pto_stops: int, overall_stops: int) -> bool:
    if pto_stops <= overall_stops:
        return True
    else:
        return False

def r3(axle1: float, axle3: float) -> bool:
    if axle1 <= axle3:
        return True
    else:
        return False

def r4(arg1: float, arg2: float, arg3: float, arg4: float, arg5: float, arg6: float):
    return not(r1(arg1, arg2) and r2(arg3, arg4) and r3(arg5, arg6)), r1(arg1, arg2), r2(arg3, arg4), r3(arg5, arg6)";Correct syntax;['True, True, True, False', 'False, True, True, True', 'True, False, False, True'];['True, True, True, False', 'False, True, True, True', 'True, False, False, True']
"System Message:
        You are a logician with a background in mathematics that translates natural language
        reasoning text to Python3 code so that these natural language reasoning problems can be solved.
        During the translation, please pay close attention to defining variables and rules.
        Do not add any comments from you.
        Be guided by the following example:
        Example input text:
        Textual context: If the parameter A's value is at least 20, the lowest possible value of parameter B is 5.
If the parameter C's value is at least 20, the lowest possible value of parameter D is 40.
Parameter E's value cannot be less than parameter F's value.
Parameter G's value cannot be less than parameter H's value.

        Example Python3 code:
        # If the parameter A's value is at least 20, the lowest possible value of parameter B is 5.
def r1(a: float, b: float) -> bool:
    if b / a >= 0.25:
        return True
    else:
        return False

# If the parameter C's value is at least 20, the lowest possible value of parameter D is 40.
def r2(c: float, d: float) -> bool:
    if d / c >= 2:
        return True
    else:
        return False

# Parameter E's value cannot be less than parameter F's value.
def r3(e: float, f: float) -> bool:
    if e >= f:
        return True
    else:
        return False

# Parameter G's value cannot be less than parameter H's value.
def r4(g: float, h: float) -> bool:
    if g >= h:
        return True
    else:
        return False


        
Input text:
Textual context: The total operation duration must not be lower than the idle time.
The load supported by axle 1 cannot exceed that of axle 3.
Axle 3's load must always be equal to or greater than the payload.";"The total operation duration must not be lower than the idle time.
The load supported by axle 1 cannot exceed that of axle 3.
Axle 3's load must always be equal to or greater than the payload.";3;[['total operation time', 'idle time'], ['axle 1 load', 'axle 3 load'], ['axle 3 load', 'payload']];Llama-8;"def r1(operation: float, idle: float) -> bool:
    if operation >= idle:
        return True
    else:
        return False

def r2(axle1: float, axle3: float) -> bool:
    if axle1 <= axle3:
        return True
    else:
        return False

def r3(axle3: float, payload: float) -> bool:
    if axle3 >= payload:
        return True
    else:
        return False

def r4(arg1: float, arg2: float, arg3: float, arg4: float, arg5: float, arg6: float):
    return not(r1(arg1, arg2) and r2(arg3, arg4) and r3(arg5, arg6)), r1(arg1, arg2), r2(arg3, arg4), r3(arg5, arg6)";Correct syntax;['True, True, False, False', 'False, True, True, True', 'True, False, True, True'];['True, True, False, False', 'False, True, True, True', 'True, False, True, True']
"System Message:
        You are a logician with a background in mathematics that translates natural language
        reasoning text to Python3 code so that these natural language reasoning problems can be solved.
        During the translation, please pay close attention to defining variables and rules.
        Do not add any comments from you.
        Be guided by the following example:
        Example input text:
        Textual context: If the parameter A's value is at least 20, the lowest possible value of parameter B is 5.
If the parameter C's value is at least 20, the lowest possible value of parameter D is 40.
Parameter E's value cannot be less than parameter F's value.
Parameter G's value cannot be less than parameter H's value.

        Example Python3 code:
        # If the parameter A's value is at least 20, the lowest possible value of parameter B is 5.
def r1(a: float, b: float) -> bool:
    if b / a >= 0.25:
        return True
    else:
        return False

# If the parameter C's value is at least 20, the lowest possible value of parameter D is 40.
def r2(c: float, d: float) -> bool:
    if d / c >= 2:
        return True
    else:
        return False

# Parameter E's value cannot be less than parameter F's value.
def r3(e: float, f: float) -> bool:
    if e >= f:
        return True
    else:
        return False

# Parameter G's value cannot be less than parameter H's value.
def r4(g: float, h: float) -> bool:
    if g >= h:
        return True
    else:
        return False


        
Input text:
Textual context: PTO operation time cannot be greater than the total operation time.
Driving time should be less than or equal to the total operation time.
Total operation time must be greater than or equal to the sum of PTO operation, idle, and driving times.";"PTO operation time cannot be greater than the total operation time.
Driving time should be less than or equal to the total operation time.
Total operation time must be greater than or equal to the sum of PTO operation, idle, and driving times.";3;[['PTO operation time', 'total operation time'], ['driving time', 'total operation time'], ['total operation time', 'PTO operation time', 'idle time', 'driving time']];Llama-8;"def r1(pto_time: float, total_time: float) -> bool:
    if pto_time <= total_time:
        return True
    else:
        return False

def r2(driving_time: float, total_time: float) -> bool:
    if driving_time <= total_time:
        return True
    else:
        return False

def r3(total_time: float, pto_time: float, idle_time: float, driving_time: float) -> bool:
    if total_time >= pto_time + idle_time + driving_time:
        return True
    else:
        return False

def r4(arg1: float, arg2: float, arg3: float, arg4: float, arg5: float, arg6: float, arg7: float, arg8: float):
    return not(r1(arg1, arg2) and r2(arg3, arg4) and r3(arg5, arg6, arg7, arg8)), r1(arg1, arg2), r2(arg3, arg4), r3(arg5, arg6, arg7, arg8)";Correct syntax;['False, True, True, True', 'False, True, True, True', 'True, False, False, False'];['False, True, True, True', 'False, True, True, True', 'True, False, False, False']
"System Message:
        You are a logician with a background in mathematics that translates natural language
        reasoning text to Python3 code so that these natural language reasoning problems can be solved.
        During the translation, please pay close attention to defining variables and rules.
        Do not add any comments from you.
        Be guided by the following example:
        Example input text:
        Textual context: If the parameter A's value is at least 20, the lowest possible value of parameter B is 5.
If the parameter C's value is at least 20, the lowest possible value of parameter D is 40.
Parameter E's value cannot be less than parameter F's value.
Parameter G's value cannot be less than parameter H's value.

        Example Python3 code:
        # If the parameter A's value is at least 20, the lowest possible value of parameter B is 5.
def r1(a: float, b: float) -> bool:
    if b / a >= 0.25:
        return True
    else:
        return False

# If the parameter C's value is at least 20, the lowest possible value of parameter D is 40.
def r2(c: float, d: float) -> bool:
    if d / c >= 2:
        return True
    else:
        return False

# Parameter E's value cannot be less than parameter F's value.
def r3(e: float, f: float) -> bool:
    if e >= f:
        return True
    else:
        return False

# Parameter G's value cannot be less than parameter H's value.
def r4(g: float, h: float) -> bool:
    if g >= h:
        return True
    else:
        return False


        
Input text:
Textual context: The total operation duration must not be lower than the idle time.
The load on axle 1 must not surpass the load on axle 3.
Axle 2's load must always be equal to or greater than the payload.";"The total operation duration must not be lower than the idle time.
The load on axle 1 must not surpass the load on axle 3.
Axle 2's load must always be equal to or greater than the payload.";3;[['total operation time', 'idle time'], ['axle 1 load', 'axle 3 load'], ['axle 2 load', 'payload']];Llama-8;"def r1(operation_duration: float, idle_time: float) -> bool:
    if operation_duration >= idle_time:
        return True
    else:
        return False

def r2(axle1_load: float, axle3_load: float) -> bool:
    if axle1_load <= axle3_load:
        return True
    else:
        return False

def r3(axle2_load: float, payload: float) -> bool:
    if axle2_load >= payload:
        return True
    else:
        return False

def r4(arg1: float, arg2: float, arg3: float, arg4: float, arg5: float, arg6: float):
    return not(r1(arg1, arg2) and r2(arg3, arg4) and r3(arg5, arg6)), r1(arg1, arg2), r2(arg3, arg4), r3(arg5, arg6)";Correct syntax;['True, True, False, False', 'False, True, True, True', 'True, False, True, True'];['True, True, False, False', 'False, True, True, True', 'True, False, True, True']
"System Message:
        You are a logician with a background in mathematics that translates natural language
        reasoning text to Python3 code so that these natural language reasoning problems can be solved.
        During the translation, please pay close attention to defining variables and rules.
        Do not add any comments from you.
        Be guided by the following example:
        Example input text:
        Textual context: If the parameter A's value is at least 20, the lowest possible value of parameter B is 5.
If the parameter C's value is at least 20, the lowest possible value of parameter D is 40.
Parameter E's value cannot be less than parameter F's value.
Parameter G's value cannot be less than parameter H's value.

        Example Python3 code:
        # If the parameter A's value is at least 20, the lowest possible value of parameter B is 5.
def r1(a: float, b: float) -> bool:
    if b / a >= 0.25:
        return True
    else:
        return False

# If the parameter C's value is at least 20, the lowest possible value of parameter D is 40.
def r2(c: float, d: float) -> bool:
    if d / c >= 2:
        return True
    else:
        return False

# Parameter E's value cannot be less than parameter F's value.
def r3(e: float, f: float) -> bool:
    if e >= f:
        return True
    else:
        return False

# Parameter G's value cannot be less than parameter H's value.
def r4(g: float, h: float) -> bool:
    if g >= h:
        return True
    else:
        return False


        
Input text:
Textual context: The number of stops where PTO is engaged must not exceed the overall stop count.
The load supported by axle 1 cannot exceed that of axle 3.
Payload must remain below or equal to the load carried by axle 3.";"The number of stops where PTO is engaged must not exceed the overall stop count.
The load supported by axle 1 cannot exceed that of axle 3.
Payload must remain below or equal to the load carried by axle 3.";3;[['stops with PTO engaged', 'stops'], ['axle 1 load', 'axle 3 load'], ['payload', 'axle 3 load']];Llama-8;"def r1(pto: int, stops: int) -> bool:
    if pto <= stops:
        return True
    else:
        return False

def r2(axle1: float, axle3: float) -> bool:
    if axle1 <= axle3:
        return True
    else:
        return False

def r3(payload: float, axle3: float) -> bool:
    if payload <= axle3:
        return True
    else:
        return False

def r4(arg1: float, arg2: float, arg3: float, arg4: float, arg5: float, arg6: float):
    return not(r1(arg1, arg2) and r2(arg3, arg4) and r3(arg5, arg6)), r1(arg1, arg2), r2(arg3, arg4), r3(arg5, arg6)";Correct syntax;['True, True, False, False', 'False, True, True, True', 'True, False, True, True'];['True, True, False, False', 'False, True, True, True', 'True, False, True, True']
"System Message:
        You are a logician with a background in mathematics that translates natural language
        reasoning text to Python3 code so that these natural language reasoning problems can be solved.
        During the translation, please pay close attention to defining variables and rules.
        Do not add any comments from you.
        Be guided by the following example:
        Example input text:
        Textual context: If the parameter A's value is at least 20, the lowest possible value of parameter B is 5.
If the parameter C's value is at least 20, the lowest possible value of parameter D is 40.
Parameter E's value cannot be less than parameter F's value.
Parameter G's value cannot be less than parameter H's value.

        Example Python3 code:
        # If the parameter A's value is at least 20, the lowest possible value of parameter B is 5.
def r1(a: float, b: float) -> bool:
    if b / a >= 0.25:
        return True
    else:
        return False

# If the parameter C's value is at least 20, the lowest possible value of parameter D is 40.
def r2(c: float, d: float) -> bool:
    if d / c >= 2:
        return True
    else:
        return False

# Parameter E's value cannot be less than parameter F's value.
def r3(e: float, f: float) -> bool:
    if e >= f:
        return True
    else:
        return False

# Parameter G's value cannot be less than parameter H's value.
def r4(g: float, h: float) -> bool:
    if g >= h:
        return True
    else:
        return False


        
Input text:
Textual context: PTO operation time must be less than or equal to the total operation time.
Idle time should be less than or equal to the total operation time.
The payload must not exceed the load carried by axle 3.
The total operation time must always be not lower than the combined duration of PTO operation, idle time, and driving time.";"PTO operation time must be less than or equal to the total operation time.
Idle time should be less than or equal to the total operation time.
The payload must not exceed the load carried by axle 3.
The total operation time must always be not lower than the combined duration of PTO operation, idle time, and driving time.";4;[['PTO operation time', 'total operation time'], ['idle time', 'total operation time'], ['payload', 'axle 3 load'], ['total operation time', 'PTO operation time', 'idle time', 'driving time']];Llama-8;"def r1(pto: float, total: float) -> bool:
    if pto <= total:
        return True
    else:
        return False

def r2(idle: float, total: float) -> bool:
    if idle <= total:
        return True
    else:
        return False

def r3(payload: float, axle3_load: float) -> bool:
    if payload <= axle3_load:
        return True
    else:
        return False

def r4(total: float, pto: float, idle: float, driving: float) -> bool:
    if total >= pto + idle + driving:
        return True
    else:
        return False

def r5(arg1: float, arg2: float, arg3: float, arg4: float, arg5: float, arg6: float, arg7: float, arg8: float, arg9: float, arg10: float):
    return not(r1(arg1, arg2) and r2(arg3, arg4) and r3(arg5, arg6) and r4(arg7, arg8, arg9, arg10)), r1(arg1, arg2), r2(arg3, arg4), r3(arg5, arg6), r4(arg7, arg8, arg9, arg10)";Correct syntax;['True, True, True, False, True', 'False, True, True, True, True', 'True, False, False, True, False'];['True, True, True, False, True', 'False, True, True, True, True', 'True, False, False, True, False']
"System Message:
You are an agent which task is to correct Python3 code implementing logical rules, generated by another large language model,
so that they throw no runtime errors during program execution and correspond to the logical assumptions expressed in natural language.
To perform this task you will receive a Python3 code with valid syntax, which not correspond to the logical premises and throw runtime errors,
and these logical premises expressed in natural language, which should be translated into rules in Python3 code.
Your task is to return a valid Python3 rules for a given premises, having corrected the runtime errors.
Improvements made should mainly include defining the correct number of arguments for each function according to corresponding premise
and using inside functions the proper variables, previously defined in the function declaration.
Do not make any corrections to the last function.
Please output only a valid Python code only with comments started with #.
Do not add any additional texts, tags and comments.
Be guided by the following examples:

Example 1
# If the parameter C's value is at least 20, the lowest possible value of parameter D is 40.
def r1(c: float, d: float) -> bool:
    if c >= 20 and d / c >= 0.4:
        return True
    else:
        return False

# Parameter W value should be at least the sum of parameter X, parameter Y and parameter Z.
def r2(x: float, y: float, z: float) -> bool:
    if x + y + z >= 0:
        return True
    else:
        return False

# To identify the day as abnormal, it is enough that even one or more conditions are violated.
def r3(arg1: float, arg2: float, arg3: float, arg4: float, arg5: float, arg6: float):
    return not(r1(arg1, arg2) and r2(arg3, arg4, arg5, arg6)), r1(arg1, arg2), r2(arg3, arg4, arg5, arg6)

It is supposed to translate the following example text into rules:
If the parameter C's value is at least 20, the lowest possible value of parameter D is 40.
Parameter W value should be at least the sum of parameter X, parameter Y and parameter Z.

Code after execution returns the following error:
Traceback (most recent call last):
  File ""/home/obywatelfg/Doktorat/Badania/Logic-LLM/LLM-logic/New_val_Adapt_Task2_outputs_python_no_final_rule/Llama-8/2/python_code/2_output_python.py"", line 18, in <module>
    print(r3(2226.8, 2432.3, 0.3, 0.9, 2.7, 1.0))
  File ""/home/obywatelfg/Doktorat/Badania/Logic-LLM/LLM-logic/New_val_Adapt_Task2_outputs_python_no_final_rule/Llama-8/2/python_code/2_output_python.py"", line 16, in r3
    return not(r1(arg1, arg2) and r2(arg3, arg4, arg5, arg6)), r1(arg1, arg2), r2(arg3, arg4, arg5, arg6)
TypeError: r2() takes 3 positional arguments but 4 were given

Please correct the code.

The corrected code should be the following:
# If the parameter C's value is at least 20, the lowest possible value of parameter D is 40.
def r1(c: float, d: float) -> bool:
    if c >= 20 and d / c >= 0.4:
        return True
    else:
        return False

# This function lack of parameter W in a function definition and a body, where logical rule should check the proportion between param W and sum of params x, y, z.
# Parameter W value should be at least the sum of parameter X, parameter Y and parameter Z.
def r2(x: float, y: float, z: float, w: float) -> bool:
    if x + y + z <= w:
        return True
    else:
        return False

# To identify the day as abnormal, it is enough that even one or more conditions are violated.
def r3(arg1: float, arg2: float, arg3: float, arg4: float, arg5: float, arg6: float):
    return not(r1(arg1, arg2) and r2(arg3, arg4, arg5, arg6)), r1(arg1, arg2), r2(arg3, arg4, arg5, arg6)


Example 2
# If the parameter C's value is at least 20, the lowest possible value of parameter D is 40.
def r1(c: float) -> bool:
    if c >= 40 and c >= 0.4:
        return True
    else:
        return False

# Parameter T's value shouldn't be lower than parameter P's value.
def r2(t: float, p: float) -> bool:
    if t >= p:
        return True
    else:
        return False

# To identify the day as abnormal, it is enough that even one or more conditions are violated.
def r3(arg1: float, arg2: float, arg3: float, arg4: float):
    return not(r1(arg1, arg2) and r2(arg3, arg4)), r1(arg1, arg2), r2(arg3, arg4)

It is supposed to translate the following example text into rules:
If the parameter C's value is at least 20, the lowest possible value of parameter D is 40.
Parameter T's value shouldn't be lower than parameter P's value.

Code after execution returns the following error:
Traceback (most recent call last):
  File ""/home/obywatelfg/Doktorat/Badania/Logic-LLM/LLM-logic/New_val_Adapt_Task2_outputs_python_no_final_rule/Llama-8/4/python_code/121_output_python.py"", line 32, in <module>
    print(r5(227.70000000000002, 75.9, 9.5, 1.9, 7203.1, 6652.3, 10268.5, 8400.7))
  File ""/home/obywatelfg/Doktorat/Badania/Logic-LLM/LLM-logic/New_val_Adapt_Task2_outputs_python_no_final_rule/Llama-8/4/python_code/121_output_python.py"", line 30, in r5
    return not(r1(arg1, arg2) and r2(arg3, arg4) and r3(arg5, arg6) and r4(arg7, arg8)), r1(arg1, arg2), r2(arg3, arg4), r3(arg5, arg6), r4(arg7, arg8)
TypeError: r1() takes 1 positional argument but 2 were given

Please correct the code.

The corrected code should be the following:
# If the parameter C's value is at least 20, the lowest possible value of parameter D is 40.
def r1(c: float, d: float) -> bool:
    if d / c >= 2:
        return True
    else:
        return False

# Parameter T's value shouldn't be lower than parameter P's value.
def r2(t: float, p: float) -> bool:
    if t >= p:
        return True
    else:
        return False

# To identify the day as abnormal, it is enough that even one or more conditions are violated.
def r3(arg1: float, arg2: float, arg3: float, arg4: float):
    return not(r1(arg1, arg2) and r2(arg3, arg4)), r1(arg1, arg2), r2(arg3, arg4)


The input for your task:
This is the Python3 code which not correspond to the given logical premises:
def r1(a1: float, a3: float) -> bool:
    if a1 <= a3:
        return True
    else:
        return False

def r2(p: float, a2: float) -> bool:
    if p <= a2:
        return True
    else:
        return False

def r3(p: float, a3: float) -> bool:
    if p <= a3:
        return True
    else:
        return False

def r4(t1: float, t2: float) -> bool:
    if t1 <= t2:
        return True
    else:
        return False

def r5(arg1: float, arg2: float, arg3: float, arg4: float, arg5: float, arg6: float, arg7: float, arg8: float, arg9: float, arg10: float):
    return not(r1(arg1, arg2) and r2(arg3, arg4) and r3(arg5, arg6) and r4(arg7, arg8, arg9, arg10)), r1(arg1, arg2), r2(arg3, arg4), r3(arg5, arg6), r4(arg7, arg8, arg9, arg10)

It is supposed to translate the following text into rules:
The load on axle 1 must not surpass the load on axle 3.
Payload must remain below or equal to the load carried by axle 2.
The payload must not exceed the load carried by axle 3.
The combined time for PTO operation, idle time, and driving time must not surpass the total operation time.

Code after execution returns the following error:
Traceback (most recent call last):
  File ""/home/frank/Doktorat/ExKLoP/saved_outputs/Task2_syntax_outputs/Llama-8/4/python_code/143_output_python.py"", line 28, in <module>
    print(r5(4270.1, 2362.5, 51.6, 7.7, 7094.8, 1093.9, 0.3, 1.0, 0.7, 2.1))
  File ""/home/frank/Doktorat/ExKLoP/saved_outputs/Task2_syntax_outputs/Llama-8/4/python_code/143_output_python.py"", line 26, in r5
    return not(r1(arg1, arg2) and r2(arg3, arg4) and r3(arg5, arg6) and r4(arg7, arg8, arg9, arg10)), r1(arg1, arg2), r2(arg3, arg4), r3(arg5, arg6), r4(arg7, arg8, arg9, arg10)
TypeError: r4() takes 2 positional arguments but 4 were given


Please correct the code.   ";"The load on axle 1 must not surpass the load on axle 3.
Payload must remain below or equal to the load carried by axle 2.
The payload must not exceed the load carried by axle 3.
The combined time for PTO operation, idle time, and driving time must not surpass the total operation time.";4;[['axle 1 load', 'axle 3 load'], ['payload', 'axle 2 load'], ['payload', 'axle 3 load'], ['PTO operation time', 'idle time', 'driving time', 'total operation time']];Llama-8;"def r1(a1: float, a3: float) -> bool:
    if a1 <= a3:
        return True
    else:
        return False

def r2(p: float, a2: float) -> bool:
    if p <= a2:
        return True
    else:
        return False

def r3(p: float, a3: float) -> bool:
    if p <= a3:
        return True
    else:
        return False

def r4(pto: float, idle: float, driving: float, total: float) -> bool:
    if pto + idle + driving <= total:
        return True
    else:
        return False

def r5(arg1: float, arg2: float, arg3: float, arg4: float, arg5: float, arg6: float, arg7: float, arg8: float, arg9: float, arg10: float):
    return not(r1(arg1, arg2) and r2(arg3, arg4) and r3(arg5, arg6) and r4(arg7, arg8, arg9, arg10)), r1(arg1, arg2), r2(arg3, arg4), r3(arg5, arg6), r4(arg7, arg8, arg9, arg10)";Correct syntax;['True, False, False, False, True', 'False, True, True, True, True', 'True, True, True, True, False'];['True, False, False, False, True', 'False, True, True, True, True', 'True, True, True, True, False']
"System Message:
        You are a logician with a background in mathematics that translates natural language
        reasoning text to Python3 code so that these natural language reasoning problems can be solved.
        During the translation, please pay close attention to defining variables and rules.
        Do not add any comments from you.
        Be guided by the following example:
        Example input text:
        Textual context: If the parameter A's value is at least 20, the lowest possible value of parameter B is 5.
If the parameter C's value is at least 20, the lowest possible value of parameter D is 40.
Parameter E's value cannot be less than parameter F's value.
Parameter G's value cannot be less than parameter H's value.

        Example Python3 code:
        # If the parameter A's value is at least 20, the lowest possible value of parameter B is 5.
def r1(a: float, b: float) -> bool:
    if b / a >= 0.25:
        return True
    else:
        return False

# If the parameter C's value is at least 20, the lowest possible value of parameter D is 40.
def r2(c: float, d: float) -> bool:
    if d / c >= 2:
        return True
    else:
        return False

# Parameter E's value cannot be less than parameter F's value.
def r3(e: float, f: float) -> bool:
    if e >= f:
        return True
    else:
        return False

# Parameter G's value cannot be less than parameter H's value.
def r4(g: float, h: float) -> bool:
    if g >= h:
        return True
    else:
        return False


        
Input text:
Textual context: Idle time must always be less than or equal to the total operation time.
Driving time must always be less than or equal to the total operation time.
The total operation duration must always be greater than or equal to the combined time for PTO, idle, and driving.";"Idle time must always be less than or equal to the total operation time.
Driving time must always be less than or equal to the total operation time.
The total operation duration must always be greater than or equal to the combined time for PTO, idle, and driving.";3;[['idle time', 'total operation time'], ['driving time', 'total operation time'], ['total operation time', 'PTO operation time', 'idle time', 'driving time']];Llama-8;"def r1(idle: float, operation: float) -> bool:
    if idle <= operation:
        return True
    else:
        return False

def r2(driving: float, operation: float) -> bool:
    if driving <= operation:
        return True
    else:
        return False

def r3(operation: float, pto: float, idle: float, driving: float) -> bool:
    if operation >= pto + idle + driving:
        return True
    else:
        return False

def r4(arg1: float, arg2: float, arg3: float, arg4: float, arg5: float, arg6: float, arg7: float, arg8: float):
    return not(r1(arg1, arg2) and r2(arg3, arg4) and r3(arg5, arg6, arg7, arg8)), r1(arg1, arg2), r2(arg3, arg4), r3(arg5, arg6, arg7, arg8)";Correct syntax;['False, True, True, True', 'False, True, True, True', 'True, False, False, False'];['False, True, True, True', 'False, True, True, True', 'True, False, False, False']
"System Message:
You are an agent which task is to correct Python3 code implementing logical rules, generated by another large language model,
so that they throw no runtime errors during program execution and correspond to the logical assumptions expressed in natural language.
To perform this task you will receive a Python3 code with valid syntax, which not correspond to the logical premises and throw runtime errors,
and these logical premises expressed in natural language, which should be translated into rules in Python3 code.
Your task is to return a valid Python3 rules for a given premises, having corrected the runtime errors.
Improvements made should mainly include defining the correct number of arguments for each function according to corresponding premise
and using inside functions the proper variables, previously defined in the function declaration.
Do not make any corrections to the last function.
Please output only a valid Python code only with comments started with #.
Do not add any additional texts, tags and comments.
Be guided by the following examples:

Example 1
# If the parameter C's value is at least 20, the lowest possible value of parameter D is 40.
def r1(c: float, d: float) -> bool:
    if c >= 20 and d / c >= 0.4:
        return True
    else:
        return False

# Parameter W value should be at least the sum of parameter X, parameter Y and parameter Z.
def r2(x: float, y: float, z: float) -> bool:
    if x + y + z >= 0:
        return True
    else:
        return False

# To identify the day as abnormal, it is enough that even one or more conditions are violated.
def r3(arg1: float, arg2: float, arg3: float, arg4: float, arg5: float, arg6: float):
    return not(r1(arg1, arg2) and r2(arg3, arg4, arg5, arg6)), r1(arg1, arg2), r2(arg3, arg4, arg5, arg6)

It is supposed to translate the following example text into rules:
If the parameter C's value is at least 20, the lowest possible value of parameter D is 40.
Parameter W value should be at least the sum of parameter X, parameter Y and parameter Z.

Code after execution returns the following error:
Traceback (most recent call last):
  File ""/home/obywatelfg/Doktorat/Badania/Logic-LLM/LLM-logic/New_val_Adapt_Task2_outputs_python_no_final_rule/Llama-8/2/python_code/2_output_python.py"", line 18, in <module>
    print(r3(2226.8, 2432.3, 0.3, 0.9, 2.7, 1.0))
  File ""/home/obywatelfg/Doktorat/Badania/Logic-LLM/LLM-logic/New_val_Adapt_Task2_outputs_python_no_final_rule/Llama-8/2/python_code/2_output_python.py"", line 16, in r3
    return not(r1(arg1, arg2) and r2(arg3, arg4, arg5, arg6)), r1(arg1, arg2), r2(arg3, arg4, arg5, arg6)
TypeError: r2() takes 3 positional arguments but 4 were given

Please correct the code.

The corrected code should be the following:
# If the parameter C's value is at least 20, the lowest possible value of parameter D is 40.
def r1(c: float, d: float) -> bool:
    if c >= 20 and d / c >= 0.4:
        return True
    else:
        return False

# This function lack of parameter W in a function definition and a body, where logical rule should check the proportion between param W and sum of params x, y, z.
# Parameter W value should be at least the sum of parameter X, parameter Y and parameter Z.
def r2(x: float, y: float, z: float, w: float) -> bool:
    if x + y + z <= w:
        return True
    else:
        return False

# To identify the day as abnormal, it is enough that even one or more conditions are violated.
def r3(arg1: float, arg2: float, arg3: float, arg4: float, arg5: float, arg6: float):
    return not(r1(arg1, arg2) and r2(arg3, arg4, arg5, arg6)), r1(arg1, arg2), r2(arg3, arg4, arg5, arg6)


Example 2
# If the parameter C's value is at least 20, the lowest possible value of parameter D is 40.
def r1(c: float) -> bool:
    if c >= 40 and c >= 0.4:
        return True
    else:
        return False

# Parameter T's value shouldn't be lower than parameter P's value.
def r2(t: float, p: float) -> bool:
    if t >= p:
        return True
    else:
        return False

# To identify the day as abnormal, it is enough that even one or more conditions are violated.
def r3(arg1: float, arg2: float, arg3: float, arg4: float):
    return not(r1(arg1, arg2) and r2(arg3, arg4)), r1(arg1, arg2), r2(arg3, arg4)

It is supposed to translate the following example text into rules:
If the parameter C's value is at least 20, the lowest possible value of parameter D is 40.
Parameter T's value shouldn't be lower than parameter P's value.

Code after execution returns the following error:
Traceback (most recent call last):
  File ""/home/obywatelfg/Doktorat/Badania/Logic-LLM/LLM-logic/New_val_Adapt_Task2_outputs_python_no_final_rule/Llama-8/4/python_code/121_output_python.py"", line 32, in <module>
    print(r5(227.70000000000002, 75.9, 9.5, 1.9, 7203.1, 6652.3, 10268.5, 8400.7))
  File ""/home/obywatelfg/Doktorat/Badania/Logic-LLM/LLM-logic/New_val_Adapt_Task2_outputs_python_no_final_rule/Llama-8/4/python_code/121_output_python.py"", line 30, in r5
    return not(r1(arg1, arg2) and r2(arg3, arg4) and r3(arg5, arg6) and r4(arg7, arg8)), r1(arg1, arg2), r2(arg3, arg4), r3(arg5, arg6), r4(arg7, arg8)
TypeError: r1() takes 1 positional argument but 2 were given

Please correct the code.

The corrected code should be the following:
# If the parameter C's value is at least 20, the lowest possible value of parameter D is 40.
def r1(c: float, d: float) -> bool:
    if d / c >= 2:
        return True
    else:
        return False

# Parameter T's value shouldn't be lower than parameter P's value.
def r2(t: float, p: float) -> bool:
    if t >= p:
        return True
    else:
        return False

# To identify the day as abnormal, it is enough that even one or more conditions are violated.
def r3(arg1: float, arg2: float, arg3: float, arg4: float):
    return not(r1(arg1, arg2) and r2(arg3, arg4)), r1(arg1, arg2), r2(arg3, arg4)


The input for your task:
This is the Python3 code which not correspond to the given logical premises:
def r1(driving_time: float, operation_time: float) -> bool:
    if driving_time <= operation_time:
        return True
    else:
        return False

def r2(pto_stops: float, total_stops: float) -> bool:
    if ptos_stops <= total_stops:
        return True
    else:
        return False

def r3(axle1_load: float, axle2_load: float) -> bool:
    if axle1_load <= axle2_load:
        return True
    else:
        return False

def r4(arg1: float, arg2: float, arg3: float, arg4: float, arg5: float, arg6: float):
    return not(r1(arg1, arg2) and r2(arg3, arg4) and r3(arg5, arg6)), r1(arg1, arg2), r2(arg3, arg4), r3(arg5, arg6)

It is supposed to translate the following text into rules:
Driving time should be less than or equal to the total operation time.
PTO-engaged stops cannot exceed the total number of stops.
The load on axle 1 must not surpass the load on axle 2.

Code after execution returns the following error:
Traceback (most recent call last):
  File ""/home/frank/Doktorat/ExKLoP/saved_outputs/Task2_syntax_outputs/Llama-8/3/python_code/145_output_python.py"", line 22, in <module>
    print(r4(3.2, 8.6, 110, 171, 3241.2, 3010.4))
  File ""/home/frank/Doktorat/ExKLoP/saved_outputs/Task2_syntax_outputs/Llama-8/3/python_code/145_output_python.py"", line 20, in r4
    return not(r1(arg1, arg2) and r2(arg3, arg4) and r3(arg5, arg6)), r1(arg1, arg2), r2(arg3, arg4), r3(arg5, arg6)
  File ""/home/frank/Doktorat/ExKLoP/saved_outputs/Task2_syntax_outputs/Llama-8/3/python_code/145_output_python.py"", line 8, in r2
    if ptos_stops <= total_stops:
NameError: name 'ptos_stops' is not defined. Did you mean: 'pto_stops'?


Please correct the code.   ";"Driving time should be less than or equal to the total operation time.
PTO-engaged stops cannot exceed the total number of stops.
The load on axle 1 must not surpass the load on axle 2.";3;[['driving time', 'total operation time'], ['stops with PTO engaged', 'stops'], ['axle 1 load', 'axle 2 load']];Llama-8;"def r1(driving_time: float, operation_time: float) -> bool:
    if driving_time <= operation_time:
        return True
    else:
        return False

def r2(pto_stops: float, total_stops: float) -> bool:
    if pto_stops <= total_stops:
        return True
    else:
        return False

def r3(axle1_load: float, axle2_load: float) -> bool:
    if axle1_load <= axle2_load:
        return True
    else:
        return False

def r4(arg1: float, arg2: float, arg3: float, arg4: float, arg5: float, arg6: float):
    return not(r1(arg1, arg2) and r2(arg3, arg4) and r3(arg5, arg6)), r1(arg1, arg2), r2(arg3, arg4), r3(arg5, arg6)";Correct syntax;['True, True, True, False', 'False, True, True, True', 'True, False, False, True'];['True, True, True, False', 'False, True, True, True', 'True, False, False, True']
"System Message:
You are an agent which task is to correct Python3 code implementing logical rules, generated by another large language model,
so that they throw no runtime errors during program execution and correspond to the logical assumptions expressed in natural language.
To perform this task you will receive a Python3 code with valid syntax, which not correspond to the logical premises and throw runtime errors,
and these logical premises expressed in natural language, which should be translated into rules in Python3 code.
Your task is to return a valid Python3 rules for a given premises, having corrected the runtime errors.
Improvements made should mainly include defining the correct number of arguments for each function according to corresponding premise
and using inside functions the proper variables, previously defined in the function declaration.
Do not make any corrections to the last function.
Please output only a valid Python code only with comments started with #.
Do not add any additional texts, tags and comments.
Be guided by the following examples:

Example 1
# If the parameter C's value is at least 20, the lowest possible value of parameter D is 40.
def r1(c: float, d: float) -> bool:
    if c >= 20 and d / c >= 0.4:
        return True
    else:
        return False

# Parameter W value should be at least the sum of parameter X, parameter Y and parameter Z.
def r2(x: float, y: float, z: float) -> bool:
    if x + y + z >= 0:
        return True
    else:
        return False

# To identify the day as abnormal, it is enough that even one or more conditions are violated.
def r3(arg1: float, arg2: float, arg3: float, arg4: float, arg5: float, arg6: float):
    return not(r1(arg1, arg2) and r2(arg3, arg4, arg5, arg6)), r1(arg1, arg2), r2(arg3, arg4, arg5, arg6)

It is supposed to translate the following example text into rules:
If the parameter C's value is at least 20, the lowest possible value of parameter D is 40.
Parameter W value should be at least the sum of parameter X, parameter Y and parameter Z.

Code after execution returns the following error:
Traceback (most recent call last):
  File ""/home/obywatelfg/Doktorat/Badania/Logic-LLM/LLM-logic/New_val_Adapt_Task2_outputs_python_no_final_rule/Llama-8/2/python_code/2_output_python.py"", line 18, in <module>
    print(r3(2226.8, 2432.3, 0.3, 0.9, 2.7, 1.0))
  File ""/home/obywatelfg/Doktorat/Badania/Logic-LLM/LLM-logic/New_val_Adapt_Task2_outputs_python_no_final_rule/Llama-8/2/python_code/2_output_python.py"", line 16, in r3
    return not(r1(arg1, arg2) and r2(arg3, arg4, arg5, arg6)), r1(arg1, arg2), r2(arg3, arg4, arg5, arg6)
TypeError: r2() takes 3 positional arguments but 4 were given

Please correct the code.

The corrected code should be the following:
# If the parameter C's value is at least 20, the lowest possible value of parameter D is 40.
def r1(c: float, d: float) -> bool:
    if c >= 20 and d / c >= 0.4:
        return True
    else:
        return False

# This function lack of parameter W in a function definition and a body, where logical rule should check the proportion between param W and sum of params x, y, z.
# Parameter W value should be at least the sum of parameter X, parameter Y and parameter Z.
def r2(x: float, y: float, z: float, w: float) -> bool:
    if x + y + z <= w:
        return True
    else:
        return False

# To identify the day as abnormal, it is enough that even one or more conditions are violated.
def r3(arg1: float, arg2: float, arg3: float, arg4: float, arg5: float, arg6: float):
    return not(r1(arg1, arg2) and r2(arg3, arg4, arg5, arg6)), r1(arg1, arg2), r2(arg3, arg4, arg5, arg6)


Example 2
# If the parameter C's value is at least 20, the lowest possible value of parameter D is 40.
def r1(c: float) -> bool:
    if c >= 40 and c >= 0.4:
        return True
    else:
        return False

# Parameter T's value shouldn't be lower than parameter P's value.
def r2(t: float, p: float) -> bool:
    if t >= p:
        return True
    else:
        return False

# To identify the day as abnormal, it is enough that even one or more conditions are violated.
def r3(arg1: float, arg2: float, arg3: float, arg4: float):
    return not(r1(arg1, arg2) and r2(arg3, arg4)), r1(arg1, arg2), r2(arg3, arg4)

It is supposed to translate the following example text into rules:
If the parameter C's value is at least 20, the lowest possible value of parameter D is 40.
Parameter T's value shouldn't be lower than parameter P's value.

Code after execution returns the following error:
Traceback (most recent call last):
  File ""/home/obywatelfg/Doktorat/Badania/Logic-LLM/LLM-logic/New_val_Adapt_Task2_outputs_python_no_final_rule/Llama-8/4/python_code/121_output_python.py"", line 32, in <module>
    print(r5(227.70000000000002, 75.9, 9.5, 1.9, 7203.1, 6652.3, 10268.5, 8400.7))
  File ""/home/obywatelfg/Doktorat/Badania/Logic-LLM/LLM-logic/New_val_Adapt_Task2_outputs_python_no_final_rule/Llama-8/4/python_code/121_output_python.py"", line 30, in r5
    return not(r1(arg1, arg2) and r2(arg3, arg4) and r3(arg5, arg6) and r4(arg7, arg8)), r1(arg1, arg2), r2(arg3, arg4), r3(arg5, arg6), r4(arg7, arg8)
TypeError: r1() takes 1 positional argument but 2 were given

Please correct the code.

The corrected code should be the following:
# If the parameter C's value is at least 20, the lowest possible value of parameter D is 40.
def r1(c: float, d: float) -> bool:
    if d / c >= 2:
        return True
    else:
        return False

# Parameter T's value shouldn't be lower than parameter P's value.
def r2(t: float, p: float) -> bool:
    if t >= p:
        return True
    else:
        return False

# To identify the day as abnormal, it is enough that even one or more conditions are violated.
def r3(arg1: float, arg2: float, arg3: float, arg4: float):
    return not(r1(arg1, arg2) and r2(arg3, arg4)), r1(arg1, arg2), r2(arg3, arg4)


The input for your task:
This is the Python3 code which not correspond to the given logical premises:
def r1(o: float, i: float) -> bool:
    if o >= i:
        return True
    else:
        return False

def r2(d: float, o: float) -> bool:
    if d <= o:
        return True
    else:
        return False

def r3(p: float) -> bool:
    if p <= c:
        return True
    else:
        return False

def r4(arg1: float, arg2: float, arg3: float, arg4: float, arg5: float, arg6: float):
    return not(r1(arg1, arg2) and r2(arg3, arg4) and r3(arg5, arg6)), r1(arg1, arg2), r2(arg3, arg4), r3(arg5, arg6)

It is supposed to translate the following text into rules:
The total operation duration must not be lower than the idle time.
Driving time must always be less than or equal to the total operation time.
The payload cannot exceed the capacity of axle 3.

Code after execution returns the following error:
Traceback (most recent call last):
  File ""/home/frank/Doktorat/ExKLoP/saved_outputs/Task2_syntax_outputs/Llama-8/3/python_code/146_output_python.py"", line 22, in <module>
    print(r4(3.8, 2.0, 3.2, 8.6, 7094.8, 1093.9))
  File ""/home/frank/Doktorat/ExKLoP/saved_outputs/Task2_syntax_outputs/Llama-8/3/python_code/146_output_python.py"", line 20, in r4
    return not(r1(arg1, arg2) and r2(arg3, arg4) and r3(arg5, arg6)), r1(arg1, arg2), r2(arg3, arg4), r3(arg5, arg6)
TypeError: r3() takes 1 positional argument but 2 were given


Please correct the code.   ";"The total operation duration must not be lower than the idle time.
Driving time must always be less than or equal to the total operation time.
The payload cannot exceed the capacity of axle 3.";3;[['total operation time', 'idle time'], ['driving time', 'total operation time'], ['payload', 'axle 3 load']];Llama-8;"# The total operation duration must not be lower than the idle time.
def r1(o: float, i: float) -> bool:
    if o >= i:
        return True
    else:
        return False

# Driving time must always be less than or equal to the total operation time.
def r2(d: float, o: float) -> bool:
    if d <= o:
        return True
    else:
        return False

# The payload cannot exceed the capacity of axle 3.
def r3(c: float, p: float) -> bool:
    if p <= c:
        return True
    else:
        return False


def r4(arg1: float, arg2: float, arg3: float, arg4: float, arg5: float, arg6: float):
    return not(r1(arg1, arg2) and r2(arg3, arg4) and r3(arg5, arg6)), r1(arg1, arg2), r2(arg3, arg4), r3(arg5, arg6)";Correct syntax;['True, True, True, False', 'False, True, True, True', 'True, False, False, True'];['False, True, True, True', 'False, True, True, True', 'True, False, False, False']
"System Message:
You are an agent which task is to correct Python3 code implementing logical rules, generated by another large language model,
so that they throw no runtime errors during program execution and correspond to the logical assumptions expressed in natural language.
To perform this task you will receive a Python3 code with valid syntax, which not correspond to the logical premises and throw runtime errors,
and these logical premises expressed in natural language, which should be translated into rules in Python3 code.
Your task is to return a valid Python3 rules for a given premises, having corrected the runtime errors.
Improvements made should mainly include defining the correct number of arguments for each function according to corresponding premise
and using inside functions the proper variables, previously defined in the function declaration.
Do not make any corrections to the last function.
Please output only a valid Python code only with comments started with #.
Do not add any additional texts, tags and comments.
Be guided by the following examples:

Example 1
# If the parameter C's value is at least 20, the lowest possible value of parameter D is 40.
def r1(c: float, d: float) -> bool:
    if c >= 20 and d / c >= 0.4:
        return True
    else:
        return False

# Parameter W value should be at least the sum of parameter X, parameter Y and parameter Z.
def r2(x: float, y: float, z: float) -> bool:
    if x + y + z >= 0:
        return True
    else:
        return False

# To identify the day as abnormal, it is enough that even one or more conditions are violated.
def r3(arg1: float, arg2: float, arg3: float, arg4: float, arg5: float, arg6: float):
    return not(r1(arg1, arg2) and r2(arg3, arg4, arg5, arg6)), r1(arg1, arg2), r2(arg3, arg4, arg5, arg6)

It is supposed to translate the following example text into rules:
If the parameter C's value is at least 20, the lowest possible value of parameter D is 40.
Parameter W value should be at least the sum of parameter X, parameter Y and parameter Z.

Code after execution returns the following error:
Traceback (most recent call last):
  File ""/home/obywatelfg/Doktorat/Badania/Logic-LLM/LLM-logic/New_val_Adapt_Task2_outputs_python_no_final_rule/Llama-8/2/python_code/2_output_python.py"", line 18, in <module>
    print(r3(2226.8, 2432.3, 0.3, 0.9, 2.7, 1.0))
  File ""/home/obywatelfg/Doktorat/Badania/Logic-LLM/LLM-logic/New_val_Adapt_Task2_outputs_python_no_final_rule/Llama-8/2/python_code/2_output_python.py"", line 16, in r3
    return not(r1(arg1, arg2) and r2(arg3, arg4, arg5, arg6)), r1(arg1, arg2), r2(arg3, arg4, arg5, arg6)
TypeError: r2() takes 3 positional arguments but 4 were given

Please correct the code.

The corrected code should be the following:
# If the parameter C's value is at least 20, the lowest possible value of parameter D is 40.
def r1(c: float, d: float) -> bool:
    if c >= 20 and d / c >= 0.4:
        return True
    else:
        return False

# This function lack of parameter W in a function definition and a body, where logical rule should check the proportion between param W and sum of params x, y, z.
# Parameter W value should be at least the sum of parameter X, parameter Y and parameter Z.
def r2(x: float, y: float, z: float, w: float) -> bool:
    if x + y + z <= w:
        return True
    else:
        return False

# To identify the day as abnormal, it is enough that even one or more conditions are violated.
def r3(arg1: float, arg2: float, arg3: float, arg4: float, arg5: float, arg6: float):
    return not(r1(arg1, arg2) and r2(arg3, arg4, arg5, arg6)), r1(arg1, arg2), r2(arg3, arg4, arg5, arg6)


Example 2
# If the parameter C's value is at least 20, the lowest possible value of parameter D is 40.
def r1(c: float) -> bool:
    if c >= 40 and c >= 0.4:
        return True
    else:
        return False

# Parameter T's value shouldn't be lower than parameter P's value.
def r2(t: float, p: float) -> bool:
    if t >= p:
        return True
    else:
        return False

# To identify the day as abnormal, it is enough that even one or more conditions are violated.
def r3(arg1: float, arg2: float, arg3: float, arg4: float):
    return not(r1(arg1, arg2) and r2(arg3, arg4)), r1(arg1, arg2), r2(arg3, arg4)

It is supposed to translate the following example text into rules:
If the parameter C's value is at least 20, the lowest possible value of parameter D is 40.
Parameter T's value shouldn't be lower than parameter P's value.

Code after execution returns the following error:
Traceback (most recent call last):
  File ""/home/obywatelfg/Doktorat/Badania/Logic-LLM/LLM-logic/New_val_Adapt_Task2_outputs_python_no_final_rule/Llama-8/4/python_code/121_output_python.py"", line 32, in <module>
    print(r5(227.70000000000002, 75.9, 9.5, 1.9, 7203.1, 6652.3, 10268.5, 8400.7))
  File ""/home/obywatelfg/Doktorat/Badania/Logic-LLM/LLM-logic/New_val_Adapt_Task2_outputs_python_no_final_rule/Llama-8/4/python_code/121_output_python.py"", line 30, in r5
    return not(r1(arg1, arg2) and r2(arg3, arg4) and r3(arg5, arg6) and r4(arg7, arg8)), r1(arg1, arg2), r2(arg3, arg4), r3(arg5, arg6), r4(arg7, arg8)
TypeError: r1() takes 1 positional argument but 2 were given

Please correct the code.

The corrected code should be the following:
# If the parameter C's value is at least 20, the lowest possible value of parameter D is 40.
def r1(c: float, d: float) -> bool:
    if d / c >= 2:
        return True
    else:
        return False

# Parameter T's value shouldn't be lower than parameter P's value.
def r2(t: float, p: float) -> bool:
    if t >= p:
        return True
    else:
        return False

# To identify the day as abnormal, it is enough that even one or more conditions are violated.
def r3(arg1: float, arg2: float, arg3: float, arg4: float):
    return not(r1(arg1, arg2) and r2(arg3, arg4)), r1(arg1, arg2), r2(arg3, arg4)


The input for your task:
This is the Python3 code which not correspond to the given logical premises:
def r1(pto_stops: int, total_stops: int) -> bool:
    if pto_stops <= total_stops:
        return True
    else:
        return False

def r2(axle1: float, axle3: float) -> bool:
    if axle1 <= axle3:
        return True
    else:
        return False

def r3(axle2: float, payload: float) -> bool:
    if axle2 >= payload:
        return True
    else:
        return False

def r4(pto_time: float, idle_time: float, driving_time: float) -> bool:
    if pto_time + idle_time + driving_time >= 0:
        return True
    else:
        return False

def r5(arg1: float, arg2: float, arg3: float, arg4: float, arg5: float, arg6: float, arg7: float, arg8: float, arg9: float, arg10: float):
    return not(r1(arg1, arg2) and r2(arg3, arg4) and r3(arg5, arg6) and r4(arg7, arg8, arg9, arg10)), r1(arg1, arg2), r2(arg3, arg4), r3(arg5, arg6), r4(arg7, arg8, arg9, arg10)

It is supposed to translate the following text into rules:
Stops with PTO engaged cannot outnumber the total stops.
The weight on axle 1 cannot surpass the weight on axle 3.
Axle 2's load must always be equal to or greater than the payload.
Total operation time should be at least the sum of PTO, idle, and driving times.

Code after execution returns the following error:
Traceback (most recent call last):
  File ""/home/frank/Doktorat/ExKLoP/saved_outputs/Task2_syntax_outputs/Llama-8/4/python_code/147_output_python.py"", line 28, in <module>
    print(r5(110, 171, 4270.1, 2362.5, 7.7, 51.6, 2.1, 0.3, 1.0, 0.7))
  File ""/home/frank/Doktorat/ExKLoP/saved_outputs/Task2_syntax_outputs/Llama-8/4/python_code/147_output_python.py"", line 26, in r5
    return not(r1(arg1, arg2) and r2(arg3, arg4) and r3(arg5, arg6) and r4(arg7, arg8, arg9, arg10)), r1(arg1, arg2), r2(arg3, arg4), r3(arg5, arg6), r4(arg7, arg8, arg9, arg10)
TypeError: r4() takes 3 positional arguments but 4 were given


Please correct the code.   ";"Stops with PTO engaged cannot outnumber the total stops.
The weight on axle 1 cannot surpass the weight on axle 3.
Axle 2's load must always be equal to or greater than the payload.
Total operation time should be at least the sum of PTO, idle, and driving times.";4;[['stops with PTO engaged', 'stops'], ['axle 1 load', 'axle 3 load'], ['axle 2 load', 'payload'], ['total operation time', 'PTO operation time', 'idle time', 'driving time']];Llama-8;"# If stops with PTO engaged cannot outnumber the total stops.
def r1(pto_stops: int, total_stops: int) -> bool:
    if pto_stops <= total_stops:
        return True
    else:
        return False

# The weight on axle 1 cannot surpass the weight on axle 3.
def r2(axle1: float, axle3: float) -> bool:
    if axle1 <= axle3:
        return True
    else:
        return False

# Axle 2's load must always be equal to or greater than the payload.
def r3(axle2: float, payload: float) -> bool:
    if axle2 >= payload:
        return True
    else:
        return False

# Total operation time should be at least the sum of PTO, idle, and driving times.
def r4(pto_time: float, idle_time: float, driving_time: float) -> bool:
    if pto_time + idle_time + driving_time >= 0:
        return True
    else:
        return False

# To identify the day as abnormal, it is enough that even one or more conditions are violated.
def r5(pto_stops: int, total_stops: int, axle1: float, axle3: float, axle2: float, payload: float, pto_time: float, idle_time: float, driving_time: float) -> bool:
    return not(r1(pto_stops, total_stops) and r2(axle1, axle3) and r3(axle2, payload) and r4(pto_time, idle_time, driving_time)), r1(pto_stops, total_stops), r2(axle1, axle3), r3(axle2, payload), r4(pto_time, idle_time, driving_time)

def r5(arg1: float, arg2: float, arg3: float, arg4: float, arg5: float, arg6: float, arg7: float, arg8: float, arg9: float, arg10: float):
    return not(r1(arg1, arg2) and r2(arg3, arg4) and r3(arg5, arg6) and r4(arg7, arg8, arg9, arg10)), r1(arg1, arg2), r2(arg3, arg4), r3(arg5, arg6), r4(arg7, arg8, arg9, arg10)";Correct syntax;Error;"Traceback (most recent call last):
  File ""/home/frank/Doktorat/ExKLoP/saved_outputs/Task2_runtime_outputs/Llama-8/4/python_code/147_output_python.py"", line 36, in <module>
    print(r5(110, 171, 4270.1, 2362.5, 7.7, 51.6, 2.1, 0.3, 1.0, 0.7))
  File ""/home/frank/Doktorat/ExKLoP/saved_outputs/Task2_runtime_outputs/Llama-8/4/python_code/147_output_python.py"", line 34, in r5
    return not(r1(arg1, arg2) and r2(arg3, arg4) and r3(arg5, arg6) and r4(arg7, arg8, arg9, arg10)), r1(arg1, arg2), r2(arg3, arg4), r3(arg5, arg6), r4(arg7, arg8, arg9, arg10)
TypeError: r4() takes 3 positional arguments but 4 were given
"
"System Message:
        You are a logician with a background in mathematics that translates natural language
        reasoning text to Python3 code so that these natural language reasoning problems can be solved.
        During the translation, please pay close attention to defining variables and rules.
        Do not add any comments from you.
        Be guided by the following example:
        Example input text:
        Textual context: If the parameter A's value is at least 20, the lowest possible value of parameter B is 5.
If the parameter C's value is at least 20, the lowest possible value of parameter D is 40.
Parameter E's value cannot be less than parameter F's value.
Parameter G's value cannot be less than parameter H's value.

        Example Python3 code:
        # If the parameter A's value is at least 20, the lowest possible value of parameter B is 5.
def r1(a: float, b: float) -> bool:
    if b / a >= 0.25:
        return True
    else:
        return False

# If the parameter C's value is at least 20, the lowest possible value of parameter D is 40.
def r2(c: float, d: float) -> bool:
    if d / c >= 2:
        return True
    else:
        return False

# Parameter E's value cannot be less than parameter F's value.
def r3(e: float, f: float) -> bool:
    if e >= f:
        return True
    else:
        return False

# Parameter G's value cannot be less than parameter H's value.
def r4(g: float, h: float) -> bool:
    if g >= h:
        return True
    else:
        return False


        
Input text:
Textual context: PTO operation time must be less than or equal to the total operation time.
The total operation duration must not be lower than the idle time.
The weight on axle 1 cannot surpass the weight on axle 3.
The payload cannot exceed the capacity of axle 3.";"PTO operation time must be less than or equal to the total operation time.
The total operation duration must not be lower than the idle time.
The weight on axle 1 cannot surpass the weight on axle 3.
The payload cannot exceed the capacity of axle 3.";4;[['PTO operation time', 'total operation time'], ['total operation time', 'idle time'], ['axle 1 load', 'axle 3 load'], ['payload', 'axle 3 load']];Llama-8;"def r1(pto: float, total: float) -> bool:
    if pto <= total:
        return True
    else:
        return False

def r2(total: float, idle: float) -> bool:
    if total >= idle:
        return True
    else:
        return False

def r3(axle1: float, axle3: float) -> bool:
    if axle1 <= axle3:
        return True
    else:
        return False

def r4(payload: float, axle3: float) -> bool:
    if payload <= axle3:
        return True
    else:
        return False

def r5(arg1: float, arg2: float, arg3: float, arg4: float, arg5: float, arg6: float, arg7: float, arg8: float):
    return not(r1(arg1, arg2) and r2(arg3, arg4) and r3(arg5, arg6) and r4(arg7, arg8)), r1(arg1, arg2), r2(arg3, arg4), r3(arg5, arg6), r4(arg7, arg8)";Correct syntax;['True, True, True, False, False', 'False, True, True, True, True', 'True, False, False, True, True'];['True, True, True, False, False', 'False, True, True, True, True', 'True, False, False, True, True']
"System Message:
        You are a logician with a background in mathematics that translates natural language
        reasoning text to Python3 code so that these natural language reasoning problems can be solved.
        During the translation, please pay close attention to defining variables and rules.
        Do not add any comments from you.
        Be guided by the following example:
        Example input text:
        Textual context: If the parameter A's value is at least 20, the lowest possible value of parameter B is 5.
If the parameter C's value is at least 20, the lowest possible value of parameter D is 40.
Parameter E's value cannot be less than parameter F's value.
Parameter G's value cannot be less than parameter H's value.
Parameter I's value cannot be less than parameter J's value.

        Example Python3 code:
        # If the parameter A's value is at least 20, the lowest possible value of parameter B is 5.
def r1(a: float, b: float) -> bool:
    if b / a >= 0.25:
        return True
    else:
        return False

# If the parameter C's value is at least 20, the lowest possible value of parameter D is 40.
def r2(c: float, d: float) -> bool:
    if d / c >= 2:
        return True
    else:
        return False

# Parameter E's value cannot be less than parameter F's value.
def r3(e: float, f: float) -> bool:
    if e >= f:
        return True
    else:
        return False

# Parameter G's value cannot be less than parameter H's value.
def r4(g: float, h: float) -> bool:
    if g >= h:
        return True
    else:
        return False

# Parameter I's value cannot be less than parameter J's value.
def r5(i: float, j: float) -> bool:
    if i >= j:
        return True
    else:
        return False


        
Input text:
Textual context: Idle time must always be less than or equal to the total operation time.
PTO-engaged stops cannot exceed the total number of stops.
The load carried by axle 1 must be smaller than or equal to the load on axle 3.
The payload must always be smaller than or equal to the load on axle 2.";"Idle time must always be less than or equal to the total operation time.
PTO-engaged stops cannot exceed the total number of stops.
The load carried by axle 1 must be smaller than or equal to the load on axle 3.
The payload must always be smaller than or equal to the load on axle 2.";4;[['idle time', 'total operation time'], ['stops with PTO engaged', 'stops'], ['axle 1 load', 'axle 3 load'], ['payload', 'axle 2 load']];Llama-8;"def r1(idle: float, operation: float) -> bool:
    if idle <= operation:
        return True
    else:
        return False

def r2(pto_stops: float, total_stops: float) -> bool:
    if pto_stops <= total_stops:
        return True
    else:
        return False

def r3(axle1: float, axle3: float) -> bool:
    if axle1 <= axle3:
        return True
    else:
        return False

def r4(payload: float, axle2: float) -> bool:
    if payload <= axle2:
        return True
    else:
        return False

def r5(arg1: float, arg2: float, arg3: float, arg4: float, arg5: float, arg6: float, arg7: float, arg8: float):
    return not(r1(arg1, arg2) and r2(arg3, arg4) and r3(arg5, arg6) and r4(arg7, arg8)), r1(arg1, arg2), r2(arg3, arg4), r3(arg5, arg6), r4(arg7, arg8)";Correct syntax;['True, True, True, False, False', 'False, True, True, True, True', 'True, False, False, True, True'];['True, True, True, False, False', 'False, True, True, True, True', 'True, False, False, True, True']
"System Message:
        You are a logician with a background in mathematics that translates natural language
        reasoning text to Python3 code so that these natural language reasoning problems can be solved.
        During the translation, please pay close attention to defining variables and rules.
        Do not add any comments from you.
        Be guided by the following example:
        Example input text:
        Textual context: If the parameter A's value is at least 20, the lowest possible value of parameter B is 5.
If the parameter C's value is at least 20, the lowest possible value of parameter D is 40.
Parameter E's value cannot be less than parameter F's value.
Parameter G's value cannot be less than parameter H's value.
Parameter I's value cannot be less than parameter J's value.

        Example Python3 code:
        # If the parameter A's value is at least 20, the lowest possible value of parameter B is 5.
def r1(a: float, b: float) -> bool:
    if b / a >= 0.25:
        return True
    else:
        return False

# If the parameter C's value is at least 20, the lowest possible value of parameter D is 40.
def r2(c: float, d: float) -> bool:
    if d / c >= 2:
        return True
    else:
        return False

# Parameter E's value cannot be less than parameter F's value.
def r3(e: float, f: float) -> bool:
    if e >= f:
        return True
    else:
        return False

# Parameter G's value cannot be less than parameter H's value.
def r4(g: float, h: float) -> bool:
    if g >= h:
        return True
    else:
        return False

# Parameter I's value cannot be less than parameter J's value.
def r5(i: float, j: float) -> bool:
    if i >= j:
        return True
    else:
        return False


        
Input text:
Textual context: PTO operation time cannot be greater than the total operation time.
Total operation time should shouldn’t be lower than driving time.
The payload must always be smaller than or equal to the load on axle 3.
Total operation time must be greater than or equal to the sum of PTO operation, idle, and driving times.";"PTO operation time cannot be greater than the total operation time.
Total operation time should shouldn’t be lower than driving time.
The payload must always be smaller than or equal to the load on axle 3.
Total operation time must be greater than or equal to the sum of PTO operation, idle, and driving times.";4;[['PTO operation time', 'total operation time'], ['total operation time', 'driving time'], ['payload', 'axle 3 load'], ['total operation time', 'PTO operation time', 'idle time', 'driving time']];Llama-8;"def r1(pto: float, total: float) -> bool:
    if pto <= total:
        return True
    else:
        return False

def r2(total: float, driving: float) -> bool:
    if total >= driving:
        return True
    else:
        return False

def r3(payload: float, load3: float) -> bool:
    if payload <= load3:
        return True
    else:
        return False

def r4(total: float, pto: float, idle: float, driving: float) -> bool:
    if total >= pto + idle + driving:
        return True
    else:
        return False

def r5(arg1: float, arg2: float, arg3: float, arg4: float, arg5: float, arg6: float, arg7: float, arg8: float, arg9: float, arg10: float):
    return not(r1(arg1, arg2) and r2(arg3, arg4) and r3(arg5, arg6) and r4(arg7, arg8, arg9, arg10)), r1(arg1, arg2), r2(arg3, arg4), r3(arg5, arg6), r4(arg7, arg8, arg9, arg10)";Correct syntax;['True, True, True, False, True', 'False, True, True, True, True', 'True, False, False, True, False'];['True, True, True, False, True', 'False, True, True, True, True', 'True, False, False, True, False']
"System Message:
        You are a logician with a background in mathematics that translates natural language
        reasoning text to Python3 code so that these natural language reasoning problems can be solved.
        During the translation, please pay close attention to defining variables and rules.
        Do not add any comments from you.
        Be guided by the following example:
        Example input text:
        Textual context: If the parameter A's value is at least 20, the lowest possible value of parameter B is 5.
If the parameter C's value is at least 20, the lowest possible value of parameter D is 40.
Parameter E's value cannot be less than parameter F's value.
Parameter G's value cannot be less than parameter H's value.
Parameter I's value cannot be less than parameter J's value.

        Example Python3 code:
        # If the parameter A's value is at least 20, the lowest possible value of parameter B is 5.
def r1(a: float, b: float) -> bool:
    if b / a >= 0.25:
        return True
    else:
        return False

# If the parameter C's value is at least 20, the lowest possible value of parameter D is 40.
def r2(c: float, d: float) -> bool:
    if d / c >= 2:
        return True
    else:
        return False

# Parameter E's value cannot be less than parameter F's value.
def r3(e: float, f: float) -> bool:
    if e >= f:
        return True
    else:
        return False

# Parameter G's value cannot be less than parameter H's value.
def r4(g: float, h: float) -> bool:
    if g >= h:
        return True
    else:
        return False

# Parameter I's value cannot be less than parameter J's value.
def r5(i: float, j: float) -> bool:
    if i >= j:
        return True
    else:
        return False


        
Input text:
Textual context: The total operation duration must not be lower than the PTO operation time.
Total operation time shouldn’t be lower than idle time.
Stops with PTO engaged should never outnumber total stops.
Axle 1's load cannot exceed Axle 2's load.
The payload cannot exceed the capacity of axle 2.";"The total operation duration must not be lower than the PTO operation time.
Total operation time shouldn’t be lower than idle time.
Stops with PTO engaged should never outnumber total stops.
Axle 1's load cannot exceed Axle 2's load.
The payload cannot exceed the capacity of axle 2.";5;[['total operation time', 'PTO operation time'], ['total operation time', 'idle time'], ['stops with PTO engaged', 'stops'], ['axle 1 load', 'axle 2 load'], ['payload', 'axle 2 load']];Llama-8;"def r1(total_operation_time: float, pto_operation_time: float) -> bool:
    if total_operation_time >= pto_operation_time:
        return True
    else:
        return False

def r2(total_operation_time: float, idle_time: float) -> bool:
    if total_operation_time >= idle_time:
        return True
    else:
        return False

def r3(pto_stops: int, total_stops: int) -> bool:
    if pto_stops <= total_stops:
        return True
    else:
        return False

def r4(axle1_load: float, axle2_load: float) -> bool:
    if axle1_load <= axle2_load:
        return True
    else:
        return False

def r5(payload: float, axle2_capacity: float) -> bool:
    if payload <= axle2_capacity:
        return True
    else:
        return False

def r6(arg1: float, arg2: float, arg3: float, arg4: float, arg5: float, arg6: float, arg7: float, arg8: float, arg9: float, arg10: float):
    return not(r1(arg1, arg2) and r2(arg3, arg4) and r3(arg5, arg6) and r4(arg7, arg8) and r5(arg9, arg10)), r1(arg1, arg2), r2(arg3, arg4), r3(arg5, arg6), r4(arg7, arg8), r5(arg9, arg10)";Correct syntax;['True, True, True, True, False, False', 'False, True, True, True, True, True', 'True, False, False, False, True, True'];['True, True, True, True, False, False', 'False, True, True, True, True, True', 'True, False, False, False, True, True']
"System Message:
        You are a logician with a background in mathematics that translates natural language
        reasoning text to Python3 code so that these natural language reasoning problems can be solved.
        During the translation, please pay close attention to defining variables and rules.
        Do not add any comments from you.
        Be guided by the following example:
        Example input text:
        Textual context: If the parameter A's value is at least 20, the lowest possible value of parameter B is 5.
If the parameter C's value is at least 20, the lowest possible value of parameter D is 40.
Parameter E's value cannot be less than parameter F's value.
Parameter G's value cannot be less than parameter H's value.
Parameter I's value cannot be less than parameter J's value.

        Example Python3 code:
        # If the parameter A's value is at least 20, the lowest possible value of parameter B is 5.
def r1(a: float, b: float) -> bool:
    if b / a >= 0.25:
        return True
    else:
        return False

# If the parameter C's value is at least 20, the lowest possible value of parameter D is 40.
def r2(c: float, d: float) -> bool:
    if d / c >= 2:
        return True
    else:
        return False

# Parameter E's value cannot be less than parameter F's value.
def r3(e: float, f: float) -> bool:
    if e >= f:
        return True
    else:
        return False

# Parameter G's value cannot be less than parameter H's value.
def r4(g: float, h: float) -> bool:
    if g >= h:
        return True
    else:
        return False

# Parameter I's value cannot be less than parameter J's value.
def r5(i: float, j: float) -> bool:
    if i >= j:
        return True
    else:
        return False


        
Input text:
Textual context: The load on axle 1 must not surpass the load on axle 2.
Axle 1's load cannot exceed Axle 3's load.
The payload must not exceed the load carried by axle 2.
The payload must not exceed the load carried by axle 3.";"The load on axle 1 must not surpass the load on axle 2.
Axle 1's load cannot exceed Axle 3's load.
The payload must not exceed the load carried by axle 2.
The payload must not exceed the load carried by axle 3.";4;[['axle 1 load', 'axle 2 load'], ['axle 1 load', 'axle 3 load'], ['payload', 'axle 2 load'], ['payload', 'axle 3 load']];Llama-8;"def r1(l1: float, l2: float) -> bool:
    if l1 <= l2:
        return True
    else:
        return False

def r2(l1: float, l3: float) -> bool:
    if l1 <= l3:
        return True
    else:
        return False

def r3(p: float, l2: float) -> bool:
    if p <= l2:
        return True
    else:
        return False

def r4(p: float, l3: float) -> bool:
    if p <= l3:
        return True
    else:
        return False

def r5(arg1: float, arg2: float, arg3: float, arg4: float, arg5: float, arg6: float, arg7: float, arg8: float):
    return not(r1(arg1, arg2) and r2(arg3, arg4) and r3(arg5, arg6) and r4(arg7, arg8)), r1(arg1, arg2), r2(arg3, arg4), r3(arg5, arg6), r4(arg7, arg8)";Correct syntax;['True, False, False, False, False', 'False, True, True, True, True', 'False, True, True, True, True'];['True, False, False, False, False', 'False, True, True, True, True', 'False, True, True, True, True']
"System Message:
You are an agent which task is to correct Python3 code implementing logical rules, generated by another large language model,
so that they throw no runtime errors during program execution and correspond to the logical assumptions expressed in natural language.
To perform this task you will receive a Python3 code with valid syntax, which not correspond to the logical premises and throw runtime errors,
and these logical premises expressed in natural language, which should be translated into rules in Python3 code.
Your task is to return a valid Python3 rules for a given premises, having corrected the runtime errors.
Improvements made should mainly include defining the correct number of arguments for each function according to corresponding premise
and using inside functions the proper variables, previously defined in the function declaration.
Do not make any corrections to the last function.
Please output only a valid Python code only with comments started with #.
Do not add any additional texts, tags and comments.
Be guided by the following examples:

Example 1
# If the parameter C's value is at least 20, the lowest possible value of parameter D is 40.
def r1(c: float, d: float) -> bool:
    if c >= 20 and d / c >= 0.4:
        return True
    else:
        return False

# Parameter W value should be at least the sum of parameter X, parameter Y and parameter Z.
def r2(x: float, y: float, z: float) -> bool:
    if x + y + z >= 0:
        return True
    else:
        return False

# To identify the day as abnormal, it is enough that even one or more conditions are violated.
def r3(arg1: float, arg2: float, arg3: float, arg4: float, arg5: float, arg6: float):
    return not(r1(arg1, arg2) and r2(arg3, arg4, arg5, arg6)), r1(arg1, arg2), r2(arg3, arg4, arg5, arg6)

It is supposed to translate the following example text into rules:
If the parameter C's value is at least 20, the lowest possible value of parameter D is 40.
Parameter W value should be at least the sum of parameter X, parameter Y and parameter Z.

Code after execution returns the following error:
Traceback (most recent call last):
  File ""/home/obywatelfg/Doktorat/Badania/Logic-LLM/LLM-logic/New_val_Adapt_Task2_outputs_python_no_final_rule/Llama-8/2/python_code/2_output_python.py"", line 18, in <module>
    print(r3(2226.8, 2432.3, 0.3, 0.9, 2.7, 1.0))
  File ""/home/obywatelfg/Doktorat/Badania/Logic-LLM/LLM-logic/New_val_Adapt_Task2_outputs_python_no_final_rule/Llama-8/2/python_code/2_output_python.py"", line 16, in r3
    return not(r1(arg1, arg2) and r2(arg3, arg4, arg5, arg6)), r1(arg1, arg2), r2(arg3, arg4, arg5, arg6)
TypeError: r2() takes 3 positional arguments but 4 were given

Please correct the code.

The corrected code should be the following:
# If the parameter C's value is at least 20, the lowest possible value of parameter D is 40.
def r1(c: float, d: float) -> bool:
    if c >= 20 and d / c >= 0.4:
        return True
    else:
        return False

# This function lack of parameter W in a function definition and a body, where logical rule should check the proportion between param W and sum of params x, y, z.
# Parameter W value should be at least the sum of parameter X, parameter Y and parameter Z.
def r2(x: float, y: float, z: float, w: float) -> bool:
    if x + y + z <= w:
        return True
    else:
        return False

# To identify the day as abnormal, it is enough that even one or more conditions are violated.
def r3(arg1: float, arg2: float, arg3: float, arg4: float, arg5: float, arg6: float):
    return not(r1(arg1, arg2) and r2(arg3, arg4, arg5, arg6)), r1(arg1, arg2), r2(arg3, arg4, arg5, arg6)


Example 2
# If the parameter C's value is at least 20, the lowest possible value of parameter D is 40.
def r1(c: float) -> bool:
    if c >= 40 and c >= 0.4:
        return True
    else:
        return False

# Parameter T's value shouldn't be lower than parameter P's value.
def r2(t: float, p: float) -> bool:
    if t >= p:
        return True
    else:
        return False

# To identify the day as abnormal, it is enough that even one or more conditions are violated.
def r3(arg1: float, arg2: float, arg3: float, arg4: float):
    return not(r1(arg1, arg2) and r2(arg3, arg4)), r1(arg1, arg2), r2(arg3, arg4)

It is supposed to translate the following example text into rules:
If the parameter C's value is at least 20, the lowest possible value of parameter D is 40.
Parameter T's value shouldn't be lower than parameter P's value.

Code after execution returns the following error:
Traceback (most recent call last):
  File ""/home/obywatelfg/Doktorat/Badania/Logic-LLM/LLM-logic/New_val_Adapt_Task2_outputs_python_no_final_rule/Llama-8/4/python_code/121_output_python.py"", line 32, in <module>
    print(r5(227.70000000000002, 75.9, 9.5, 1.9, 7203.1, 6652.3, 10268.5, 8400.7))
  File ""/home/obywatelfg/Doktorat/Badania/Logic-LLM/LLM-logic/New_val_Adapt_Task2_outputs_python_no_final_rule/Llama-8/4/python_code/121_output_python.py"", line 30, in r5
    return not(r1(arg1, arg2) and r2(arg3, arg4) and r3(arg5, arg6) and r4(arg7, arg8)), r1(arg1, arg2), r2(arg3, arg4), r3(arg5, arg6), r4(arg7, arg8)
TypeError: r1() takes 1 positional argument but 2 were given

Please correct the code.

The corrected code should be the following:
# If the parameter C's value is at least 20, the lowest possible value of parameter D is 40.
def r1(c: float, d: float) -> bool:
    if d / c >= 2:
        return True
    else:
        return False

# Parameter T's value shouldn't be lower than parameter P's value.
def r2(t: float, p: float) -> bool:
    if t >= p:
        return True
    else:
        return False

# To identify the day as abnormal, it is enough that even one or more conditions are violated.
def r3(arg1: float, arg2: float, arg3: float, arg4: float):
    return not(r1(arg1, arg2) and r2(arg3, arg4)), r1(arg1, arg2), r2(arg3, arg4)


The input for your task:
This is the Python3 code which not correspond to the given logical premises:
def r1(axle1: float, axle2: float) -> bool:
    if axle1 <= axle2:
        return True
    else:
        return False

def r2(payload: float, axle2: float) -> bool:
    if payload <= axle2:
        return True
    else:
        return False

def r3(payload: float, axle3: float) -> bool:
    if payload <= axle3:
        return True
    else:
        return False

def r4(pto: float, idle: float, driving: float) -> bool:
    if pto + idle + driving >= 0:
        return True
    else:
        return False

def r5(arg1: float, arg2: float, arg3: float, arg4: float, arg5: float, arg6: float, arg7: float, arg8: float, arg9: float, arg10: float):
    return not(r1(arg1, arg2) and r2(arg3, arg4) and r3(arg5, arg6) and r4(arg7, arg8, arg9, arg10)), r1(arg1, arg2), r2(arg3, arg4), r3(arg5, arg6), r4(arg7, arg8, arg9, arg10)

It is supposed to translate the following text into rules:
The load supported by axle 1 cannot exceed that of axle 2.
Payload must remain below or equal to the load carried by axle 2.
The payload must always be smaller than or equal to the load on axle 3.
Total operation time should be at least the sum of PTO, idle, and driving times.

Code after execution returns the following error:
Traceback (most recent call last):
  File ""/home/frank/Doktorat/ExKLoP/saved_outputs/Task2_syntax_outputs/Llama-8/4/python_code/153_output_python.py"", line 28, in <module>
    print(r5(3241.2, 3010.4, 51.6, 7.7, 7094.8, 1093.9, 2.1, 0.3, 1.0, 0.7))
  File ""/home/frank/Doktorat/ExKLoP/saved_outputs/Task2_syntax_outputs/Llama-8/4/python_code/153_output_python.py"", line 26, in r5
    return not(r1(arg1, arg2) and r2(arg3, arg4) and r3(arg5, arg6) and r4(arg7, arg8, arg9, arg10)), r1(arg1, arg2), r2(arg3, arg4), r3(arg5, arg6), r4(arg7, arg8, arg9, arg10)
TypeError: r4() takes 3 positional arguments but 4 were given


Please correct the code.   ";"The load supported by axle 1 cannot exceed that of axle 2.
Payload must remain below or equal to the load carried by axle 2.
The payload must always be smaller than or equal to the load on axle 3.
Total operation time should be at least the sum of PTO, idle, and driving times.";4;[['axle 1 load', 'axle 2 load'], ['payload', 'axle 2 load'], ['payload', 'axle 3 load'], ['total operation time', 'PTO operation time', 'idle time', 'driving time']];Llama-8;"def r1(axle1: float, axle2: float) -> bool:
    if axle1 <= axle2:
        return True
    else:
        return False

def r2(payload: float, axle2: float) -> bool:
    if payload <= axle2:
        return True
    else:
        return False

def r3(payload: float, axle3: float) -> bool:
    if payload <= axle3:
        return True
    else:
        return False

def r4(pto: float, idle: float, driving: float) -> bool:
    if pto + idle + driving >= 0:
        return True
    else:
        return False

def r5(arg1: float, arg2: float, arg3: float, arg4: float, arg5: float, arg6: float, arg7: float, arg8: float, arg9: float, arg10: float):
    return not(r1(arg1, arg2) and r2(arg3, arg4) and r3(arg5, arg6) and r4(arg7, arg8, arg9, arg10)), r1(arg1, arg2), r2(arg3, arg4), r3(arg5, arg6), r4(arg7, arg8, arg9, arg10)";Correct syntax;Error;"Traceback (most recent call last):
  File ""/home/frank/Doktorat/ExKLoP/saved_outputs/Task2_runtime_outputs/Llama-8/4/python_code/153_output_python.py"", line 28, in <module>
    print(r5(3241.2, 3010.4, 51.6, 7.7, 7094.8, 1093.9, 2.1, 0.3, 1.0, 0.7))
  File ""/home/frank/Doktorat/ExKLoP/saved_outputs/Task2_runtime_outputs/Llama-8/4/python_code/153_output_python.py"", line 26, in r5
    return not(r1(arg1, arg2) and r2(arg3, arg4) and r3(arg5, arg6) and r4(arg7, arg8, arg9, arg10)), r1(arg1, arg2), r2(arg3, arg4), r3(arg5, arg6), r4(arg7, arg8, arg9, arg10)
TypeError: r4() takes 3 positional arguments but 4 were given
"
"System Message:
        You are a logician with a background in mathematics that translates natural language
        reasoning text to Python3 code so that these natural language reasoning problems can be solved.
        During the translation, please pay close attention to defining variables and rules.
        Do not add any comments from you.
        Be guided by the following example:
        Example input text:
        Textual context: If the parameter A's value is at least 20, the lowest possible value of parameter B is 5.
If the parameter C's value is at least 20, the lowest possible value of parameter D is 40.
Parameter E's value cannot be less than parameter F's value.
Parameter G's value cannot be less than parameter H's value.
Parameter I's value cannot be less than parameter J's value.

        Example Python3 code:
        # If the parameter A's value is at least 20, the lowest possible value of parameter B is 5.
def r1(a: float, b: float) -> bool:
    if b / a >= 0.25:
        return True
    else:
        return False

# If the parameter C's value is at least 20, the lowest possible value of parameter D is 40.
def r2(c: float, d: float) -> bool:
    if d / c >= 2:
        return True
    else:
        return False

# Parameter E's value cannot be less than parameter F's value.
def r3(e: float, f: float) -> bool:
    if e >= f:
        return True
    else:
        return False

# Parameter G's value cannot be less than parameter H's value.
def r4(g: float, h: float) -> bool:
    if g >= h:
        return True
    else:
        return False

# Parameter I's value cannot be less than parameter J's value.
def r5(i: float, j: float) -> bool:
    if i >= j:
        return True
    else:
        return False


        
Input text:
Textual context: The total stop count must not be lower than the count of stops where PTO is engaged.
The weight on axle 1 cannot surpass the weight on axle 2.
The load carried by axle 1 must be smaller than or equal to the load on axle 3.
The payload must always be smaller than or equal to the load on axle 3.";"The total stop count must not be lower than the count of stops where PTO is engaged.
The weight on axle 1 cannot surpass the weight on axle 2.
The load carried by axle 1 must be smaller than or equal to the load on axle 3.
The payload must always be smaller than or equal to the load on axle 3.";4;[['stops', 'stops with PTO engaged'], ['axle 1 load', 'axle 2 load'], ['axle 1 load', 'axle 3 load'], ['payload', 'axle 3 load']];Llama-8;"def r1(total_stops: int, pto_stops: int) -> bool:
    if total_stops >= pto_stops:
        return True
    else:
        return False

def r2(axle1: float, axle2: float) -> bool:
    if axle1 <= axle2:
        return True
    else:
        return False

def r3(axle1: float, axle3: float) -> bool:
    if axle1 <= axle3:
        return True
    else:
        return False

def r4(payload: float, axle3: float) -> bool:
    if payload <= axle3:
        return True
    else:
        return False

def r5(arg1: float, arg2: float, arg3: float, arg4: float, arg5: float, arg6: float, arg7: float, arg8: float):
    return not(r1(arg1, arg2) and r2(arg3, arg4) and r3(arg5, arg6) and r4(arg7, arg8)), r1(arg1, arg2), r2(arg3, arg4), r3(arg5, arg6), r4(arg7, arg8)";Correct syntax;['True, True, False, False, False', 'False, True, True, True, True', 'True, False, True, True, True'];['True, True, False, False, False', 'False, True, True, True, True', 'True, False, True, True, True']
"System Message:
        You are a logician with a background in mathematics that translates natural language
        reasoning text to Python3 code so that these natural language reasoning problems can be solved.
        During the translation, please pay close attention to defining variables and rules.
        Do not add any comments from you.
        Be guided by the following example:
        Example input text:
        Textual context: If the parameter A's value is at least 20, the lowest possible value of parameter B is 5.
If the parameter C's value is at least 20, the lowest possible value of parameter D is 40.
Parameter E's value cannot be less than parameter F's value.
Parameter G's value cannot be less than parameter H's value.
Parameter I's value cannot be less than parameter J's value.

        Example Python3 code:
        # If the parameter A's value is at least 20, the lowest possible value of parameter B is 5.
def r1(a: float, b: float) -> bool:
    if b / a >= 0.25:
        return True
    else:
        return False

# If the parameter C's value is at least 20, the lowest possible value of parameter D is 40.
def r2(c: float, d: float) -> bool:
    if d / c >= 2:
        return True
    else:
        return False

# Parameter E's value cannot be less than parameter F's value.
def r3(e: float, f: float) -> bool:
    if e >= f:
        return True
    else:
        return False

# Parameter G's value cannot be less than parameter H's value.
def r4(g: float, h: float) -> bool:
    if g >= h:
        return True
    else:
        return False

# Parameter I's value cannot be less than parameter J's value.
def r5(i: float, j: float) -> bool:
    if i >= j:
        return True
    else:
        return False


        
Input text:
Textual context: Driving time must always be less than or equal to the total operation time.
The load carried by axle 1 must be smaller than or equal to the load on axle 2.
The payload cannot exceed the capacity of axle 2.";"Driving time must always be less than or equal to the total operation time.
The load carried by axle 1 must be smaller than or equal to the load on axle 2.
The payload cannot exceed the capacity of axle 2.";3;[['driving time', 'total operation time'], ['axle 1 load', 'axle 2 load'], ['payload', 'axle 2 load']];Llama-8;"def r1(driving_time: float, operation_time: float) -> bool:
    if driving_time <= operation_time:
        return True
    else:
        return False

def r2(axle1: float, axle2: float) -> bool:
    if axle1 <= axle2:
        return True
    else:
        return False

def r3(payload: float, axle2: float) -> bool:
    if payload <= axle2:
        return True
    else:
        return False

def r4(arg1: float, arg2: float, arg3: float, arg4: float, arg5: float, arg6: float):
    return not(r1(arg1, arg2) and r2(arg3, arg4) and r3(arg5, arg6)), r1(arg1, arg2), r2(arg3, arg4), r3(arg5, arg6)";Correct syntax;['True, True, False, False', 'False, True, True, True', 'True, False, True, True'];['True, True, False, False', 'False, True, True, True', 'True, False, True, True']
"System Message:
You are an agent which task is to correct Python3 code implementing logical rules, generated by another large language model,
so that they throw no runtime errors during program execution and correspond to the logical assumptions expressed in natural language.
To perform this task you will receive a Python3 code with valid syntax, which not correspond to the logical premises and throw runtime errors,
and these logical premises expressed in natural language, which should be translated into rules in Python3 code.
Your task is to return a valid Python3 rules for a given premises, having corrected the runtime errors.
Improvements made should mainly include defining the correct number of arguments for each function according to corresponding premise
and using inside functions the proper variables, previously defined in the function declaration.
Do not make any corrections to the last function.
Please output only a valid Python code only with comments started with #.
Do not add any additional texts, tags and comments.
Be guided by the following examples:

Example 1
# If the parameter C's value is at least 20, the lowest possible value of parameter D is 40.
def r1(c: float, d: float) -> bool:
    if c >= 20 and d / c >= 0.4:
        return True
    else:
        return False

# Parameter W value should be at least the sum of parameter X, parameter Y and parameter Z.
def r2(x: float, y: float, z: float) -> bool:
    if x + y + z >= 0:
        return True
    else:
        return False

# To identify the day as abnormal, it is enough that even one or more conditions are violated.
def r3(arg1: float, arg2: float, arg3: float, arg4: float, arg5: float, arg6: float):
    return not(r1(arg1, arg2) and r2(arg3, arg4, arg5, arg6)), r1(arg1, arg2), r2(arg3, arg4, arg5, arg6)

It is supposed to translate the following example text into rules:
If the parameter C's value is at least 20, the lowest possible value of parameter D is 40.
Parameter W value should be at least the sum of parameter X, parameter Y and parameter Z.

Code after execution returns the following error:
Traceback (most recent call last):
  File ""/home/obywatelfg/Doktorat/Badania/Logic-LLM/LLM-logic/New_val_Adapt_Task2_outputs_python_no_final_rule/Llama-8/2/python_code/2_output_python.py"", line 18, in <module>
    print(r3(2226.8, 2432.3, 0.3, 0.9, 2.7, 1.0))
  File ""/home/obywatelfg/Doktorat/Badania/Logic-LLM/LLM-logic/New_val_Adapt_Task2_outputs_python_no_final_rule/Llama-8/2/python_code/2_output_python.py"", line 16, in r3
    return not(r1(arg1, arg2) and r2(arg3, arg4, arg5, arg6)), r1(arg1, arg2), r2(arg3, arg4, arg5, arg6)
TypeError: r2() takes 3 positional arguments but 4 were given

Please correct the code.

The corrected code should be the following:
# If the parameter C's value is at least 20, the lowest possible value of parameter D is 40.
def r1(c: float, d: float) -> bool:
    if c >= 20 and d / c >= 0.4:
        return True
    else:
        return False

# This function lack of parameter W in a function definition and a body, where logical rule should check the proportion between param W and sum of params x, y, z.
# Parameter W value should be at least the sum of parameter X, parameter Y and parameter Z.
def r2(x: float, y: float, z: float, w: float) -> bool:
    if x + y + z <= w:
        return True
    else:
        return False

# To identify the day as abnormal, it is enough that even one or more conditions are violated.
def r3(arg1: float, arg2: float, arg3: float, arg4: float, arg5: float, arg6: float):
    return not(r1(arg1, arg2) and r2(arg3, arg4, arg5, arg6)), r1(arg1, arg2), r2(arg3, arg4, arg5, arg6)


Example 2
# If the parameter C's value is at least 20, the lowest possible value of parameter D is 40.
def r1(c: float) -> bool:
    if c >= 40 and c >= 0.4:
        return True
    else:
        return False

# Parameter T's value shouldn't be lower than parameter P's value.
def r2(t: float, p: float) -> bool:
    if t >= p:
        return True
    else:
        return False

# To identify the day as abnormal, it is enough that even one or more conditions are violated.
def r3(arg1: float, arg2: float, arg3: float, arg4: float):
    return not(r1(arg1, arg2) and r2(arg3, arg4)), r1(arg1, arg2), r2(arg3, arg4)

It is supposed to translate the following example text into rules:
If the parameter C's value is at least 20, the lowest possible value of parameter D is 40.
Parameter T's value shouldn't be lower than parameter P's value.

Code after execution returns the following error:
Traceback (most recent call last):
  File ""/home/obywatelfg/Doktorat/Badania/Logic-LLM/LLM-logic/New_val_Adapt_Task2_outputs_python_no_final_rule/Llama-8/4/python_code/121_output_python.py"", line 32, in <module>
    print(r5(227.70000000000002, 75.9, 9.5, 1.9, 7203.1, 6652.3, 10268.5, 8400.7))
  File ""/home/obywatelfg/Doktorat/Badania/Logic-LLM/LLM-logic/New_val_Adapt_Task2_outputs_python_no_final_rule/Llama-8/4/python_code/121_output_python.py"", line 30, in r5
    return not(r1(arg1, arg2) and r2(arg3, arg4) and r3(arg5, arg6) and r4(arg7, arg8)), r1(arg1, arg2), r2(arg3, arg4), r3(arg5, arg6), r4(arg7, arg8)
TypeError: r1() takes 1 positional argument but 2 were given

Please correct the code.

The corrected code should be the following:
# If the parameter C's value is at least 20, the lowest possible value of parameter D is 40.
def r1(c: float, d: float) -> bool:
    if d / c >= 2:
        return True
    else:
        return False

# Parameter T's value shouldn't be lower than parameter P's value.
def r2(t: float, p: float) -> bool:
    if t >= p:
        return True
    else:
        return False

# To identify the day as abnormal, it is enough that even one or more conditions are violated.
def r3(arg1: float, arg2: float, arg3: float, arg4: float):
    return not(r1(arg1, arg2) and r2(arg3, arg4)), r1(arg1, arg2), r2(arg3, arg4)


The input for your task:
This is the Python3 code which not correspond to the given logical premises:
def r1(pto: float, total: float) -> bool:
    if pto <= total:
        return True
    else:
        return False

def r2(pto_stops: int, total_stops: int) -> bool:
    if ptos_stops <= total_stops:
        return True
    else:
        return False

def r3(payload: float, axle3: float) -> bool:
    if payload <= axle3:
        return True
    else:
        return False

def r4(arg1: float, arg2: float, arg3: float, arg4: float, arg5: float, arg6: float):
    return not(r1(arg1, arg2) and r2(arg3, arg4) and r3(arg5, arg6)), r1(arg1, arg2), r2(arg3, arg4), r3(arg5, arg6)

It is supposed to translate the following text into rules:
PTO operation time should be less than or equal to the total operation time.
Stops with PTO engaged cannot outnumber the total stops.
The payload must not exceed the load carried by axle 3.

Code after execution returns the following error:
Traceback (most recent call last):
  File ""/home/frank/Doktorat/ExKLoP/saved_outputs/Task2_syntax_outputs/Llama-8/3/python_code/156_output_python.py"", line 22, in <module>
    print(r4(4.0, 5.7, 110, 171, 7094.8, 1093.9))
  File ""/home/frank/Doktorat/ExKLoP/saved_outputs/Task2_syntax_outputs/Llama-8/3/python_code/156_output_python.py"", line 20, in r4
    return not(r1(arg1, arg2) and r2(arg3, arg4) and r3(arg5, arg6)), r1(arg1, arg2), r2(arg3, arg4), r3(arg5, arg6)
  File ""/home/frank/Doktorat/ExKLoP/saved_outputs/Task2_syntax_outputs/Llama-8/3/python_code/156_output_python.py"", line 8, in r2
    if ptos_stops <= total_stops:
NameError: name 'ptos_stops' is not defined. Did you mean: 'pto_stops'?


Please correct the code.   ";"PTO operation time should be less than or equal to the total operation time.
Stops with PTO engaged cannot outnumber the total stops.
The payload must not exceed the load carried by axle 3.";3;[['PTO operation time', 'total operation time'], ['stops with PTO engaged', 'stops'], ['payload', 'axle 3 load']];Llama-8;"def r1(pto: float, total: float) -> bool:
    if pto <= total:
        return True
    else:
        return False

def r2(pto_stops: int, total_stops: int) -> bool:
    if pto_stops <= total_stops:
        return True
    else:
        return False

def r3(payload: float, axle3: float) -> bool:
    if payload <= axle3:
        return True
    else:
        return False

def r4(arg1: float, arg2: float, arg3: float, arg4: float, arg5: float, arg6: float):
    return not(r1(arg1, arg2) and r2(arg3, arg4) and r3(arg5, arg6)), r1(arg1, arg2), r2(arg3, arg4), r3(arg5, arg6)";Correct syntax;['True, True, True, False', 'False, True, True, True', 'True, False, False, True'];['True, True, True, False', 'False, True, True, True', 'True, False, False, True']
"System Message:
        You are a logician with a background in mathematics that translates natural language
        reasoning text to Python3 code so that these natural language reasoning problems can be solved.
        During the translation, please pay close attention to defining variables and rules.
        Do not add any comments from you.
        Be guided by the following example:
        Example input text:
        Textual context: If the parameter A's value is at least 20, the lowest possible value of parameter B is 5.
If the parameter C's value is at least 20, the lowest possible value of parameter D is 40.
Parameter E's value cannot be less than parameter F's value.
Parameter G's value cannot be less than parameter H's value.
Parameter I's value cannot be less than parameter J's value.

        Example Python3 code:
        # If the parameter A's value is at least 20, the lowest possible value of parameter B is 5.
def r1(a: float, b: float) -> bool:
    if b / a >= 0.25:
        return True
    else:
        return False

# If the parameter C's value is at least 20, the lowest possible value of parameter D is 40.
def r2(c: float, d: float) -> bool:
    if d / c >= 2:
        return True
    else:
        return False

# Parameter E's value cannot be less than parameter F's value.
def r3(e: float, f: float) -> bool:
    if e >= f:
        return True
    else:
        return False

# Parameter G's value cannot be less than parameter H's value.
def r4(g: float, h: float) -> bool:
    if g >= h:
        return True
    else:
        return False

# Parameter I's value cannot be less than parameter J's value.
def r5(i: float, j: float) -> bool:
    if i >= j:
        return True
    else:
        return False


        
Input text:
Textual context: The total operation duration must not be lower than the PTO operation time.
Driving time cannot be greater than the total operation time.
Axle 2's load must always be equal to or greater than the payload.
Total operation time must be greater than or equal to the sum of PTO operation, idle, and driving times.";"The total operation duration must not be lower than the PTO operation time.
Driving time cannot be greater than the total operation time.
Axle 2's load must always be equal to or greater than the payload.
Total operation time must be greater than or equal to the sum of PTO operation, idle, and driving times.";4;[['total operation time', 'PTO operation time'], ['driving time', 'total operation time'], ['axle 2 load', 'payload'], ['total operation time', 'PTO operation time', 'idle time', 'driving time']];Llama-8;"def r1(total_operation_time: float, pto_operation_time: float) -> bool:
    if total_operation_time >= pto_operation_time:
        return True
    else:
        return False

def r2(driving_time: float, total_operation_time: float) -> bool:
    if driving_time <= total_operation_time:
        return True
    else:
        return False

def r3(axle2_load: float, payload: float) -> bool:
    if axle2_load >= payload:
        return True
    else:
        return False

def r4(total_operation_time: float, pto_operation_time: float, idle_time: float, driving_time: float) -> bool:
    if total_operation_time >= pto_operation_time + idle_time + driving_time:
        return True
    else:
        return False

def r5(arg1: float, arg2: float, arg3: float, arg4: float, arg5: float, arg6: float, arg7: float, arg8: float, arg9: float, arg10: float):
    return not(r1(arg1, arg2) and r2(arg3, arg4) and r3(arg5, arg6) and r4(arg7, arg8, arg9, arg10)), r1(arg1, arg2), r2(arg3, arg4), r3(arg5, arg6), r4(arg7, arg8, arg9, arg10)";Correct syntax;['True, True, True, False, True', 'False, True, True, True, True', 'True, False, False, True, False'];['True, True, True, False, True', 'False, True, True, True, True', 'True, False, False, True, False']
"System Message:
        You are a logician with a background in mathematics that translates natural language
        reasoning text to Python3 code so that these natural language reasoning problems can be solved.
        During the translation, please pay close attention to defining variables and rules.
        Do not add any comments from you.
        Be guided by the following example:
        Example input text:
        Textual context: If the parameter A's value is at least 20, the lowest possible value of parameter B is 5.
If the parameter C's value is at least 20, the lowest possible value of parameter D is 40.
Parameter E's value cannot be less than parameter F's value.
Parameter G's value cannot be less than parameter H's value.
Parameter I's value cannot be less than parameter J's value.

        Example Python3 code:
        # If the parameter A's value is at least 20, the lowest possible value of parameter B is 5.
def r1(a: float, b: float) -> bool:
    if b / a >= 0.25:
        return True
    else:
        return False

# If the parameter C's value is at least 20, the lowest possible value of parameter D is 40.
def r2(c: float, d: float) -> bool:
    if d / c >= 2:
        return True
    else:
        return False

# Parameter E's value cannot be less than parameter F's value.
def r3(e: float, f: float) -> bool:
    if e >= f:
        return True
    else:
        return False

# Parameter G's value cannot be less than parameter H's value.
def r4(g: float, h: float) -> bool:
    if g >= h:
        return True
    else:
        return False

# Parameter I's value cannot be less than parameter J's value.
def r5(i: float, j: float) -> bool:
    if i >= j:
        return True
    else:
        return False


        
Input text:
Textual context: PTO operation time must be less than or equal to the total operation time.
Driving time must always be less than or equal to the total operation time.
The number of stops where PTO is engaged must not exceed the overall stop count.
Payload must remain below or equal to the load carried by axle 2.
Axle 3's load must always be equal to or greater than the payload.";"PTO operation time must be less than or equal to the total operation time.
Driving time must always be less than or equal to the total operation time.
The number of stops where PTO is engaged must not exceed the overall stop count.
Payload must remain below or equal to the load carried by axle 2.
Axle 3's load must always be equal to or greater than the payload.";5;[['PTO operation time', 'total operation time'], ['driving time', 'total operation time'], ['stops with PTO engaged', 'stops'], ['payload', 'axle 2 load'], ['axle 3 load', 'payload']];Llama-8;"def r1(pto: float, total: float) -> bool:
    if pto <= total:
        return True
    else:
        return False

def r2(driving: float, total: float) -> bool:
    if driving <= total:
        return True
    else:
        return False

def r3(pto_stops: int, overall_stops: int) -> bool:
    if pto_stops <= overall_stops:
        return True
    else:
        return False

def r4(payload: float, axle2_load: float) -> bool:
    if payload <= axle2_load:
        return True
    else:
        return False

def r5(axle3_load: float, payload: float) -> bool:
    if axle3_load >= payload:
        return True
    else:
        return False

def r6(arg1: float, arg2: float, arg3: float, arg4: float, arg5: float, arg6: float, arg7: float, arg8: float, arg9: float, arg10: float):
    return not(r1(arg1, arg2) and r2(arg3, arg4) and r3(arg5, arg6) and r4(arg7, arg8) and r5(arg9, arg10)), r1(arg1, arg2), r2(arg3, arg4), r3(arg5, arg6), r4(arg7, arg8), r5(arg9, arg10)";Correct syntax;['True, True, True, True, False, False', 'False, True, True, True, True, True', 'True, False, False, False, True, True'];['True, True, True, True, False, False', 'False, True, True, True, True, True', 'True, False, False, False, True, True']
"System Message:
        You are a logician with a background in mathematics that translates natural language
        reasoning text to Python3 code so that these natural language reasoning problems can be solved.
        During the translation, please pay close attention to defining variables and rules.
        Do not add any comments from you.
        Be guided by the following example:
        Example input text:
        Textual context: If the parameter A's value is at least 20, the lowest possible value of parameter B is 5.
If the parameter C's value is at least 20, the lowest possible value of parameter D is 40.
Parameter E's value cannot be less than parameter F's value.
Parameter G's value cannot be less than parameter H's value.
Parameter I's value cannot be less than parameter J's value.

        Example Python3 code:
        # If the parameter A's value is at least 20, the lowest possible value of parameter B is 5.
def r1(a: float, b: float) -> bool:
    if b / a >= 0.25:
        return True
    else:
        return False

# If the parameter C's value is at least 20, the lowest possible value of parameter D is 40.
def r2(c: float, d: float) -> bool:
    if d / c >= 2:
        return True
    else:
        return False

# Parameter E's value cannot be less than parameter F's value.
def r3(e: float, f: float) -> bool:
    if e >= f:
        return True
    else:
        return False

# Parameter G's value cannot be less than parameter H's value.
def r4(g: float, h: float) -> bool:
    if g >= h:
        return True
    else:
        return False

# Parameter I's value cannot be less than parameter J's value.
def r5(i: float, j: float) -> bool:
    if i >= j:
        return True
    else:
        return False


        
Input text:
Textual context: The total operation duration must not be lower than the PTO operation time.
Idle time cannot be greater than the total operation time.
Driving time should be less than or equal to the total operation time.
Stops with PTO engaged should never outnumber total stops.
Axle 1's load cannot exceed Axle 3's load.";"The total operation duration must not be lower than the PTO operation time.
Idle time cannot be greater than the total operation time.
Driving time should be less than or equal to the total operation time.
Stops with PTO engaged should never outnumber total stops.
Axle 1's load cannot exceed Axle 3's load.";5;[['total operation time', 'PTO operation time'], ['idle time', 'total operation time'], ['driving time', 'total operation time'], ['stops with PTO engaged', 'stops'], ['axle 1 load', 'axle 3 load']];Llama-8;"def r1(total_operation_time: float, pto_operation_time: float) -> bool:
    if total_operation_time >= pto_operation_time:
        return True
    else:
        return False

def r2(idle_time: float, total_operation_time: float) -> bool:
    if idle_time <= total_operation_time:
        return True
    else:
        return False

def r3(driving_time: float, total_operation_time: float) -> bool:
    if driving_time <= total_operation_time:
        return True
    else:
        return False

def r4(stops_with_pto: int, total_stops: int) -> bool:
    if stops_with_pto <= total_stops:
        return True
    else:
        return False

def r5(axle1_load: float, axle3_load: float) -> bool:
    if axle1_load <= axle3_load:
        return True
    else:
        return False

def r6(arg1: float, arg2: float, arg3: float, arg4: float, arg5: float, arg6: float, arg7: float, arg8: float, arg9: float, arg10: float):
    return not(r1(arg1, arg2) and r2(arg3, arg4) and r3(arg5, arg6) and r4(arg7, arg8) and r5(arg9, arg10)), r1(arg1, arg2), r2(arg3, arg4), r3(arg5, arg6), r4(arg7, arg8), r5(arg9, arg10)";Correct syntax;['True, True, True, True, True, False', 'False, True, True, True, True, True', 'True, False, False, False, False, True'];['True, True, True, True, True, False', 'False, True, True, True, True, True', 'True, False, False, False, False, True']
"System Message:
        You are a logician with a background in mathematics that translates natural language
        reasoning text to Python3 code so that these natural language reasoning problems can be solved.
        During the translation, please pay close attention to defining variables and rules.
        Do not add any comments from you.
        Be guided by the following example:
        Example input text:
        Textual context: If the parameter A's value is at least 20, the lowest possible value of parameter B is 5.
If the parameter C's value is at least 20, the lowest possible value of parameter D is 40.
Parameter E's value cannot be less than parameter F's value.
Parameter G's value cannot be less than parameter H's value.
Parameter I's value cannot be less than parameter J's value.

        Example Python3 code:
        # If the parameter A's value is at least 20, the lowest possible value of parameter B is 5.
def r1(a: float, b: float) -> bool:
    if b / a >= 0.25:
        return True
    else:
        return False

# If the parameter C's value is at least 20, the lowest possible value of parameter D is 40.
def r2(c: float, d: float) -> bool:
    if d / c >= 2:
        return True
    else:
        return False

# Parameter E's value cannot be less than parameter F's value.
def r3(e: float, f: float) -> bool:
    if e >= f:
        return True
    else:
        return False

# Parameter G's value cannot be less than parameter H's value.
def r4(g: float, h: float) -> bool:
    if g >= h:
        return True
    else:
        return False

# Parameter I's value cannot be less than parameter J's value.
def r5(i: float, j: float) -> bool:
    if i >= j:
        return True
    else:
        return False


        
Input text:
Textual context: Total operation time shouldn’t be lower than idle time.
Stops with PTO engaged should never outnumber total stops.
The load carried by axle 1 must be smaller than or equal to the load on axle 3.";"Total operation time shouldn’t be lower than idle time.
Stops with PTO engaged should never outnumber total stops.
The load carried by axle 1 must be smaller than or equal to the load on axle 3.";3;[['total operation time', 'idle time'], ['stops with PTO engaged', 'stops'], ['axle 1 load', 'axle 3 load']];Llama-8;"def r1(op_time: float, idle_time: float) -> bool:
    if op_time >= idle_time:
        return True
    else:
        return False

def r2(pto_stops: int, total_stops: int) -> bool:
    if pto_stops <= total_stops:
        return True
    else:
        return False

def r3(axle1: float, axle3: float) -> bool:
    if axle1 <= axle3:
        return True
    else:
        return False

def r4(arg1: float, arg2: float, arg3: float, arg4: float, arg5: float, arg6: float):
    return not(r1(arg1, arg2) and r2(arg3, arg4) and r3(arg5, arg6)), r1(arg1, arg2), r2(arg3, arg4), r3(arg5, arg6)";Correct syntax;['True, True, True, False', 'False, True, True, True', 'True, False, False, True'];['True, True, True, False', 'False, True, True, True', 'True, False, False, True']
"System Message:
        You are a logician with a background in mathematics that translates natural language
        reasoning text to Python3 code so that these natural language reasoning problems can be solved.
        During the translation, please pay close attention to defining variables and rules.
        Do not add any comments from you.
        Be guided by the following example:
        Example input text:
        Textual context: If the parameter A's value is at least 20, the lowest possible value of parameter B is 5.
If the parameter C's value is at least 20, the lowest possible value of parameter D is 40.
Parameter E's value cannot be less than parameter F's value.
Parameter G's value cannot be less than parameter H's value.
Parameter I's value cannot be less than parameter J's value.

        Example Python3 code:
        # If the parameter A's value is at least 20, the lowest possible value of parameter B is 5.
def r1(a: float, b: float) -> bool:
    if b / a >= 0.25:
        return True
    else:
        return False

# If the parameter C's value is at least 20, the lowest possible value of parameter D is 40.
def r2(c: float, d: float) -> bool:
    if d / c >= 2:
        return True
    else:
        return False

# Parameter E's value cannot be less than parameter F's value.
def r3(e: float, f: float) -> bool:
    if e >= f:
        return True
    else:
        return False

# Parameter G's value cannot be less than parameter H's value.
def r4(g: float, h: float) -> bool:
    if g >= h:
        return True
    else:
        return False

# Parameter I's value cannot be less than parameter J's value.
def r5(i: float, j: float) -> bool:
    if i >= j:
        return True
    else:
        return False


        
Input text:
Textual context: PTO operation time must be less than or equal to the total operation time.
The weight on axle 1 cannot surpass the weight on axle 2.
The load supported by axle 1 cannot exceed that of axle 3.
Payload must remain below or equal to the load carried by axle 2.
Payload must remain below or equal to the load carried by axle 3.";"PTO operation time must be less than or equal to the total operation time.
The weight on axle 1 cannot surpass the weight on axle 2.
The load supported by axle 1 cannot exceed that of axle 3.
Payload must remain below or equal to the load carried by axle 2.
Payload must remain below or equal to the load carried by axle 3.";5;[['PTO operation time', 'total operation time'], ['axle 1 load', 'axle 2 load'], ['axle 1 load', 'axle 3 load'], ['payload', 'axle 2 load'], ['payload', 'axle 3 load']];Llama-8;"def r1(pto: float, total: float) -> bool:
    if pto <= total:
        return True
    else:
        return False

def r2(axle1: float, axle2: float) -> bool:
    if axle1 <= axle2:
        return True
    else:
        return False

def r3(axle1: float, axle3: float) -> bool:
    if axle1 <= axle3:
        return True
    else:
        return False

def r4(payload: float, axle2: float) -> bool:
    if payload <= axle2:
        return True
    else:
        return False

def r5(payload: float, axle3: float) -> bool:
    if payload <= axle3:
        return True
    else:
        return False

def r6(arg1: float, arg2: float, arg3: float, arg4: float, arg5: float, arg6: float, arg7: float, arg8: float, arg9: float, arg10: float):
    return not(r1(arg1, arg2) and r2(arg3, arg4) and r3(arg5, arg6) and r4(arg7, arg8) and r5(arg9, arg10)), r1(arg1, arg2), r2(arg3, arg4), r3(arg5, arg6), r4(arg7, arg8), r5(arg9, arg10)";Correct syntax;['True, True, False, False, False, False', 'False, True, True, True, True, True', 'True, False, True, True, True, True'];['True, True, False, False, False, False', 'False, True, True, True, True, True', 'True, False, True, True, True, True']
"System Message:
        You are a logician with a background in mathematics that translates natural language
        reasoning text to Python3 code so that these natural language reasoning problems can be solved.
        During the translation, please pay close attention to defining variables and rules.
        Do not add any comments from you.
        Be guided by the following example:
        Example input text:
        Textual context: If the parameter A's value is at least 20, the lowest possible value of parameter B is 5.
If the parameter C's value is at least 20, the lowest possible value of parameter D is 40.
Parameter E's value cannot be less than parameter F's value.
Parameter G's value cannot be less than parameter H's value.
Parameter I's value cannot be less than parameter J's value.

        Example Python3 code:
        # If the parameter A's value is at least 20, the lowest possible value of parameter B is 5.
def r1(a: float, b: float) -> bool:
    if b / a >= 0.25:
        return True
    else:
        return False

# If the parameter C's value is at least 20, the lowest possible value of parameter D is 40.
def r2(c: float, d: float) -> bool:
    if d / c >= 2:
        return True
    else:
        return False

# Parameter E's value cannot be less than parameter F's value.
def r3(e: float, f: float) -> bool:
    if e >= f:
        return True
    else:
        return False

# Parameter G's value cannot be less than parameter H's value.
def r4(g: float, h: float) -> bool:
    if g >= h:
        return True
    else:
        return False

# Parameter I's value cannot be less than parameter J's value.
def r5(i: float, j: float) -> bool:
    if i >= j:
        return True
    else:
        return False


        
Input text:
Textual context: Idle time must always be less than or equal to the total operation time.
Driving time must always be less than or equal to the total operation time.
Stops with PTO engaged should never outnumber total stops.
The load carried by axle 1 must be smaller than or equal to the load on axle 2.";"Idle time must always be less than or equal to the total operation time.
Driving time must always be less than or equal to the total operation time.
Stops with PTO engaged should never outnumber total stops.
The load carried by axle 1 must be smaller than or equal to the load on axle 2.";4;[['idle time', 'total operation time'], ['driving time', 'total operation time'], ['stops with PTO engaged', 'stops'], ['axle 1 load', 'axle 2 load']];Llama-8;"def r1(idle_time: float, total_operation_time: float) -> bool:
    if idle_time <= total_operation_time:
        return True
    else:
        return False

def r2(driving_time: float, total_operation_time: float) -> bool:
    if driving_time <= total_operation_time:
        return True
    else:
        return False

def r3(pto_stops: int, total_stops: int) -> bool:
    if pto_stops <= total_stops:
        return True
    else:
        return False

def r4(axle1_load: float, axle2_load: float) -> bool:
    if axle1_load <= axle2_load:
        return True
    else:
        return False

def r5(arg1: float, arg2: float, arg3: float, arg4: float, arg5: float, arg6: float, arg7: float, arg8: float):
    return not(r1(arg1, arg2) and r2(arg3, arg4) and r3(arg5, arg6) and r4(arg7, arg8)), r1(arg1, arg2), r2(arg3, arg4), r3(arg5, arg6), r4(arg7, arg8)";Correct syntax;['True, True, True, True, False', 'False, True, True, True, True', 'True, False, False, False, True'];['True, True, True, True, False', 'False, True, True, True, True', 'True, False, False, False, True']
"System Message:
        You are a logician with a background in mathematics that translates natural language
        reasoning text to Python3 code so that these natural language reasoning problems can be solved.
        During the translation, please pay close attention to defining variables and rules.
        Do not add any comments from you.
        Be guided by the following example:
        Example input text:
        Textual context: If the parameter A's value is at least 20, the lowest possible value of parameter B is 5.
If the parameter C's value is at least 20, the lowest possible value of parameter D is 40.
Parameter E's value cannot be less than parameter F's value.
Parameter G's value cannot be less than parameter H's value.
Parameter I's value cannot be less than parameter J's value.

        Example Python3 code:
        # If the parameter A's value is at least 20, the lowest possible value of parameter B is 5.
def r1(a: float, b: float) -> bool:
    if b / a >= 0.25:
        return True
    else:
        return False

# If the parameter C's value is at least 20, the lowest possible value of parameter D is 40.
def r2(c: float, d: float) -> bool:
    if d / c >= 2:
        return True
    else:
        return False

# Parameter E's value cannot be less than parameter F's value.
def r3(e: float, f: float) -> bool:
    if e >= f:
        return True
    else:
        return False

# Parameter G's value cannot be less than parameter H's value.
def r4(g: float, h: float) -> bool:
    if g >= h:
        return True
    else:
        return False

# Parameter I's value cannot be less than parameter J's value.
def r5(i: float, j: float) -> bool:
    if i >= j:
        return True
    else:
        return False


        
Input text:
Textual context: Idle time cannot be greater than the total operation time.
The total operation durationmust not be lower than the driving time.
The weight on axle 1 cannot surpass the weight on axle 2.
The load on axle 1 must not surpass the load on axle 3.";"Idle time cannot be greater than the total operation time.
The total operation durationmust not be lower than the driving time.
The weight on axle 1 cannot surpass the weight on axle 2.
The load on axle 1 must not surpass the load on axle 3.";4;[['idle time', 'total operation time'], ['total operation time', 'driving time'], ['axle 1 load', 'axle 2 load'], ['axle 1 load', 'axle 3 load']];Llama-8;"def r1(idle: float, operation: float) -> bool:
    if idle <= operation:
        return True
    else:
        return False

def r2(operation: float, driving: float) -> bool:
    if operation >= driving:
        return True
    else:
        return False

def r3(axle1: float, axle2: float) -> bool:
    if axle1 <= axle2:
        return True
    else:
        return False

def r4(axle1: float, axle3: float) -> bool:
    if axle1 <= axle3:
        return True
    else:
        return False

def r5(arg1: float, arg2: float, arg3: float, arg4: float, arg5: float, arg6: float, arg7: float, arg8: float):
    return not(r1(arg1, arg2) and r2(arg3, arg4) and r3(arg5, arg6) and r4(arg7, arg8)), r1(arg1, arg2), r2(arg3, arg4), r3(arg5, arg6), r4(arg7, arg8)";Correct syntax;['True, True, True, False, False', 'False, True, True, True, True', 'True, False, False, True, True'];['True, True, True, False, False', 'False, True, True, True, True', 'True, False, False, True, True']
"System Message:
        You are a logician with a background in mathematics that translates natural language
        reasoning text to Python3 code so that these natural language reasoning problems can be solved.
        During the translation, please pay close attention to defining variables and rules.
        Do not add any comments from you.
        Be guided by the following example:
        Example input text:
        Textual context: If the parameter A's value is at least 20, the lowest possible value of parameter B is 5.
If the parameter C's value is at least 20, the lowest possible value of parameter D is 40.
Parameter E's value cannot be less than parameter F's value.
Parameter G's value cannot be less than parameter H's value.
Parameter I's value cannot be less than parameter J's value.

        Example Python3 code:
        # If the parameter A's value is at least 20, the lowest possible value of parameter B is 5.
def r1(a: float, b: float) -> bool:
    if b / a >= 0.25:
        return True
    else:
        return False

# If the parameter C's value is at least 20, the lowest possible value of parameter D is 40.
def r2(c: float, d: float) -> bool:
    if d / c >= 2:
        return True
    else:
        return False

# Parameter E's value cannot be less than parameter F's value.
def r3(e: float, f: float) -> bool:
    if e >= f:
        return True
    else:
        return False

# Parameter G's value cannot be less than parameter H's value.
def r4(g: float, h: float) -> bool:
    if g >= h:
        return True
    else:
        return False

# Parameter I's value cannot be less than parameter J's value.
def r5(i: float, j: float) -> bool:
    if i >= j:
        return True
    else:
        return False


        
Input text:
Textual context: PTO operation time must be less than or equal to the total operation time.
The total operation duration must not be lower than the idle time.
The weight on axle 1 cannot surpass the weight on axle 3.
The payload must always be smaller than or equal to the load on axle 2.
The combined time for PTO operation, idle time, and driving time must not surpass the total operation time.";"PTO operation time must be less than or equal to the total operation time.
The total operation duration must not be lower than the idle time.
The weight on axle 1 cannot surpass the weight on axle 3.
The payload must always be smaller than or equal to the load on axle 2.
The combined time for PTO operation, idle time, and driving time must not surpass the total operation time.";5;[['PTO operation time', 'total operation time'], ['total operation time', 'idle time'], ['axle 1 load', 'axle 3 load'], ['payload', 'axle 2 load'], ['PTO operation time', 'idle time', 'driving time', 'total operation time']];Llama-8;"def r1(pto: float, total: float) -> bool:
    if pto <= total:
        return True
    else:
        return False

def r2(total: float, idle: float) -> bool:
    if total >= idle:
        return True
    else:
        return False

def r3(axle1: float, axle3: float) -> bool:
    if axle1 <= axle3:
        return True
    else:
        return False

def r4(payload: float, axle2: float) -> bool:
    if payload <= axle2:
        return True
    else:
        return False

def r5(pto: float, idle: float, driving: float, total: float) -> bool:
    if pto + idle + driving <= total:
        return True
    else:
        return False

def r6(arg1: float, arg2: float, arg3: float, arg4: float, arg5: float, arg6: float, arg7: float, arg8: float, arg9: float, arg10: float, arg11: float, arg12: float):
    return not(r1(arg1, arg2) and r2(arg3, arg4) and r3(arg5, arg6) and r4(arg7, arg8) and r5(arg9, arg10, arg11, arg12)), r1(arg1, arg2), r2(arg3, arg4), r3(arg5, arg6), r4(arg7, arg8), r5(arg9, arg10, arg11, arg12)";Correct syntax;['True, True, True, False, False, True', 'False, True, True, True, True, True', 'True, False, False, True, True, False'];['True, True, True, False, False, True', 'False, True, True, True, True, True', 'True, False, False, True, True, False']
"System Message:
        You are a logician with a background in mathematics that translates natural language
        reasoning text to Python3 code so that these natural language reasoning problems can be solved.
        During the translation, please pay close attention to defining variables and rules.
        Do not add any comments from you.
        Be guided by the following example:
        Example input text:
        Textual context: If the parameter A's value is at least 20, the lowest possible value of parameter B is 5.
If the parameter C's value is at least 20, the lowest possible value of parameter D is 40.
Parameter E's value cannot be less than parameter F's value.
Parameter G's value cannot be less than parameter H's value.
Parameter I's value cannot be less than parameter J's value.

        Example Python3 code:
        # If the parameter A's value is at least 20, the lowest possible value of parameter B is 5.
def r1(a: float, b: float) -> bool:
    if b / a >= 0.25:
        return True
    else:
        return False

# If the parameter C's value is at least 20, the lowest possible value of parameter D is 40.
def r2(c: float, d: float) -> bool:
    if d / c >= 2:
        return True
    else:
        return False

# Parameter E's value cannot be less than parameter F's value.
def r3(e: float, f: float) -> bool:
    if e >= f:
        return True
    else:
        return False

# Parameter G's value cannot be less than parameter H's value.
def r4(g: float, h: float) -> bool:
    if g >= h:
        return True
    else:
        return False

# Parameter I's value cannot be less than parameter J's value.
def r5(i: float, j: float) -> bool:
    if i >= j:
        return True
    else:
        return False


        
Input text:
Textual context: PTO operation time cannot be greater than the total operation time.
Idle time cannot be greater than the total operation time.
The number of stops where PTO is engaged must not exceed the overall stop count.
The payload cannot exceed the capacity of axle 2.
Axle 3's load must always be equal to or greater than the payload.";"PTO operation time cannot be greater than the total operation time.
Idle time cannot be greater than the total operation time.
The number of stops where PTO is engaged must not exceed the overall stop count.
The payload cannot exceed the capacity of axle 2.
Axle 3's load must always be equal to or greater than the payload.";5;[['PTO operation time', 'total operation time'], ['idle time', 'total operation time'], ['stops with PTO engaged', 'stops'], ['payload', 'axle 2 load'], ['axle 3 load', 'payload']];Llama-8;"def r1(pto: float, total: float) -> bool:
    if pto <= total:
        return True
    else:
        return False

def r2(idle: float, total: float) -> bool:
    if idle <= total:
        return True
    else:
        return False

def r3(pto_stops: int, overall_stops: int) -> bool:
    if pto_stops <= overall_stops:
        return True
    else:
        return False

def r4(payload: float, axle2_capacity: float) -> bool:
    if payload <= axle2_capacity:
        return True
    else:
        return False

def r5(axle3_load: float, payload: float) -> bool:
    if axle3_load >= payload:
        return True
    else:
        return False

def r6(arg1: float, arg2: float, arg3: float, arg4: float, arg5: float, arg6: float, arg7: float, arg8: float, arg9: float, arg10: float):
    return not(r1(arg1, arg2) and r2(arg3, arg4) and r3(arg5, arg6) and r4(arg7, arg8) and r5(arg9, arg10)), r1(arg1, arg2), r2(arg3, arg4), r3(arg5, arg6), r4(arg7, arg8), r5(arg9, arg10)";Correct syntax;['True, True, True, True, False, False', 'False, True, True, True, True, True', 'True, False, False, False, True, True'];['True, True, True, True, False, False', 'False, True, True, True, True, True', 'True, False, False, False, True, True']
"System Message:
        You are a logician with a background in mathematics that translates natural language
        reasoning text to Python3 code so that these natural language reasoning problems can be solved.
        During the translation, please pay close attention to defining variables and rules.
        Do not add any comments from you.
        Be guided by the following example:
        Example input text:
        Textual context: If the parameter A's value is at least 20, the lowest possible value of parameter B is 5.
If the parameter C's value is at least 20, the lowest possible value of parameter D is 40.
Parameter E's value cannot be less than parameter F's value.
Parameter G's value cannot be less than parameter H's value.
Parameter I's value cannot be less than parameter J's value.

        Example Python3 code:
        # If the parameter A's value is at least 20, the lowest possible value of parameter B is 5.
def r1(a: float, b: float) -> bool:
    if b / a >= 0.25:
        return True
    else:
        return False

# If the parameter C's value is at least 20, the lowest possible value of parameter D is 40.
def r2(c: float, d: float) -> bool:
    if d / c >= 2:
        return True
    else:
        return False

# Parameter E's value cannot be less than parameter F's value.
def r3(e: float, f: float) -> bool:
    if e >= f:
        return True
    else:
        return False

# Parameter G's value cannot be less than parameter H's value.
def r4(g: float, h: float) -> bool:
    if g >= h:
        return True
    else:
        return False

# Parameter I's value cannot be less than parameter J's value.
def r5(i: float, j: float) -> bool:
    if i >= j:
        return True
    else:
        return False


        
Input text:
Textual context: Idle time should be less than or equal to the total operation time.
The total operation durationmust not be lower than the driving time.
Axle 2's load must always be equal to or greater than the payload.
The payload must always be smaller than or equal to the load on axle 3.";"Idle time should be less than or equal to the total operation time.
The total operation durationmust not be lower than the driving time.
Axle 2's load must always be equal to or greater than the payload.
The payload must always be smaller than or equal to the load on axle 3.";4;[['idle time', 'total operation time'], ['total operation time', 'driving time'], ['axle 2 load', 'payload'], ['payload', 'axle 3 load']];Llama-8;"def r1(idle: float, operation: float) -> bool:
    if idle <= operation:
        return True
    else:
        return False

def r2(operation: float, driving: float) -> bool:
    if operation >= driving:
        return True
    else:
        return False

def r3(axle2: float, payload: float) -> bool:
    if axle2 >= payload:
        return True
    else:
        return False

def r4(payload: float, axle3: float) -> bool:
    if payload <= axle3:
        return True
    else:
        return False

def r5(arg1: float, arg2: float, arg3: float, arg4: float, arg5: float, arg6: float, arg7: float, arg8: float):
    return not(r1(arg1, arg2) and r2(arg3, arg4) and r3(arg5, arg6) and r4(arg7, arg8)), r1(arg1, arg2), r2(arg3, arg4), r3(arg5, arg6), r4(arg7, arg8)";Correct syntax;['True, True, True, False, False', 'False, True, True, True, True', 'True, False, False, True, True'];['True, True, True, False, False', 'False, True, True, True, True', 'True, False, False, True, True']
"System Message:
        You are a logician with a background in mathematics that translates natural language
        reasoning text to Python3 code so that these natural language reasoning problems can be solved.
        During the translation, please pay close attention to defining variables and rules.
        Do not add any comments from you.
        Be guided by the following example:
        Example input text:
        Textual context: If the parameter A's value is at least 20, the lowest possible value of parameter B is 5.
If the parameter C's value is at least 20, the lowest possible value of parameter D is 40.
Parameter E's value cannot be less than parameter F's value.
Parameter G's value cannot be less than parameter H's value.
Parameter I's value cannot be less than parameter J's value.

        Example Python3 code:
        # If the parameter A's value is at least 20, the lowest possible value of parameter B is 5.
def r1(a: float, b: float) -> bool:
    if b / a >= 0.25:
        return True
    else:
        return False

# If the parameter C's value is at least 20, the lowest possible value of parameter D is 40.
def r2(c: float, d: float) -> bool:
    if d / c >= 2:
        return True
    else:
        return False

# Parameter E's value cannot be less than parameter F's value.
def r3(e: float, f: float) -> bool:
    if e >= f:
        return True
    else:
        return False

# Parameter G's value cannot be less than parameter H's value.
def r4(g: float, h: float) -> bool:
    if g >= h:
        return True
    else:
        return False

# Parameter I's value cannot be less than parameter J's value.
def r5(i: float, j: float) -> bool:
    if i >= j:
        return True
    else:
        return False


        
Input text:
Textual context: Total operation time shouldn’t be lower than idle time.
Driving time must always be less than or equal to the total operation time.
Stops with PTO engaged should never outnumber total stops.
The payload must always be smaller than or equal to the load on axle 2.";"Total operation time shouldn’t be lower than idle time.
Driving time must always be less than or equal to the total operation time.
Stops with PTO engaged should never outnumber total stops.
The payload must always be smaller than or equal to the load on axle 2.";4;[['total operation time', 'idle time'], ['driving time', 'total operation time'], ['stops with PTO engaged', 'stops'], ['payload', 'axle 2 load']];Llama-8;"def r1(operation_time: float, idle_time: float) -> bool:
    if operation_time >= idle_time:
        return True
    else:
        return False

def r2(driving_time: float, operation_time: float) -> bool:
    if driving_time <= operation_time:
        return True
    else:
        return False

def r3(pto_stops: int, total_stops: int) -> bool:
    if pto_stops <= total_stops:
        return True
    else:
        return False

def r4(payload: float, load_axle2: float) -> bool:
    if payload <= load_axle2:
        return True
    else:
        return False

def r5(arg1: float, arg2: float, arg3: float, arg4: float, arg5: float, arg6: float, arg7: float, arg8: float):
    return not(r1(arg1, arg2) and r2(arg3, arg4) and r3(arg5, arg6) and r4(arg7, arg8)), r1(arg1, arg2), r2(arg3, arg4), r3(arg5, arg6), r4(arg7, arg8)";Correct syntax;['True, True, True, True, False', 'False, True, True, True, True', 'True, False, False, False, True'];['True, True, True, True, False', 'False, True, True, True, True', 'True, False, False, False, True']
"System Message:
You are an agent which task is to correct Python3 code implementing logical rules, generated by another large language model,
so that they throw no runtime errors during program execution and correspond to the logical assumptions expressed in natural language.
To perform this task you will receive a Python3 code with valid syntax, which not correspond to the logical premises and throw runtime errors,
and these logical premises expressed in natural language, which should be translated into rules in Python3 code.
Your task is to return a valid Python3 rules for a given premises, having corrected the runtime errors.
Improvements made should mainly include defining the correct number of arguments for each function according to corresponding premise
and using inside functions the proper variables, previously defined in the function declaration.
Do not make any corrections to the last function.
Please output only a valid Python code only with comments started with #.
Do not add any additional texts, tags and comments.
Be guided by the following examples:

Example 1
# If the parameter C's value is at least 20, the lowest possible value of parameter D is 40.
def r1(c: float, d: float) -> bool:
    if c >= 20 and d / c >= 0.4:
        return True
    else:
        return False

# Parameter W value should be at least the sum of parameter X, parameter Y and parameter Z.
def r2(x: float, y: float, z: float) -> bool:
    if x + y + z >= 0:
        return True
    else:
        return False

# To identify the day as abnormal, it is enough that even one or more conditions are violated.
def r3(arg1: float, arg2: float, arg3: float, arg4: float, arg5: float, arg6: float):
    return not(r1(arg1, arg2) and r2(arg3, arg4, arg5, arg6)), r1(arg1, arg2), r2(arg3, arg4, arg5, arg6)

It is supposed to translate the following example text into rules:
If the parameter C's value is at least 20, the lowest possible value of parameter D is 40.
Parameter W value should be at least the sum of parameter X, parameter Y and parameter Z.

Code after execution returns the following error:
Traceback (most recent call last):
  File ""/home/obywatelfg/Doktorat/Badania/Logic-LLM/LLM-logic/New_val_Adapt_Task2_outputs_python_no_final_rule/Llama-8/2/python_code/2_output_python.py"", line 18, in <module>
    print(r3(2226.8, 2432.3, 0.3, 0.9, 2.7, 1.0))
  File ""/home/obywatelfg/Doktorat/Badania/Logic-LLM/LLM-logic/New_val_Adapt_Task2_outputs_python_no_final_rule/Llama-8/2/python_code/2_output_python.py"", line 16, in r3
    return not(r1(arg1, arg2) and r2(arg3, arg4, arg5, arg6)), r1(arg1, arg2), r2(arg3, arg4, arg5, arg6)
TypeError: r2() takes 3 positional arguments but 4 were given

Please correct the code.

The corrected code should be the following:
# If the parameter C's value is at least 20, the lowest possible value of parameter D is 40.
def r1(c: float, d: float) -> bool:
    if c >= 20 and d / c >= 0.4:
        return True
    else:
        return False

# This function lack of parameter W in a function definition and a body, where logical rule should check the proportion between param W and sum of params x, y, z.
# Parameter W value should be at least the sum of parameter X, parameter Y and parameter Z.
def r2(x: float, y: float, z: float, w: float) -> bool:
    if x + y + z <= w:
        return True
    else:
        return False

# To identify the day as abnormal, it is enough that even one or more conditions are violated.
def r3(arg1: float, arg2: float, arg3: float, arg4: float, arg5: float, arg6: float):
    return not(r1(arg1, arg2) and r2(arg3, arg4, arg5, arg6)), r1(arg1, arg2), r2(arg3, arg4, arg5, arg6)


Example 2
# If the parameter C's value is at least 20, the lowest possible value of parameter D is 40.
def r1(c: float) -> bool:
    if c >= 40 and c >= 0.4:
        return True
    else:
        return False

# Parameter T's value shouldn't be lower than parameter P's value.
def r2(t: float, p: float) -> bool:
    if t >= p:
        return True
    else:
        return False

# To identify the day as abnormal, it is enough that even one or more conditions are violated.
def r3(arg1: float, arg2: float, arg3: float, arg4: float):
    return not(r1(arg1, arg2) and r2(arg3, arg4)), r1(arg1, arg2), r2(arg3, arg4)

It is supposed to translate the following example text into rules:
If the parameter C's value is at least 20, the lowest possible value of parameter D is 40.
Parameter T's value shouldn't be lower than parameter P's value.

Code after execution returns the following error:
Traceback (most recent call last):
  File ""/home/obywatelfg/Doktorat/Badania/Logic-LLM/LLM-logic/New_val_Adapt_Task2_outputs_python_no_final_rule/Llama-8/4/python_code/121_output_python.py"", line 32, in <module>
    print(r5(227.70000000000002, 75.9, 9.5, 1.9, 7203.1, 6652.3, 10268.5, 8400.7))
  File ""/home/obywatelfg/Doktorat/Badania/Logic-LLM/LLM-logic/New_val_Adapt_Task2_outputs_python_no_final_rule/Llama-8/4/python_code/121_output_python.py"", line 30, in r5
    return not(r1(arg1, arg2) and r2(arg3, arg4) and r3(arg5, arg6) and r4(arg7, arg8)), r1(arg1, arg2), r2(arg3, arg4), r3(arg5, arg6), r4(arg7, arg8)
TypeError: r1() takes 1 positional argument but 2 were given

Please correct the code.

The corrected code should be the following:
# If the parameter C's value is at least 20, the lowest possible value of parameter D is 40.
def r1(c: float, d: float) -> bool:
    if d / c >= 2:
        return True
    else:
        return False

# Parameter T's value shouldn't be lower than parameter P's value.
def r2(t: float, p: float) -> bool:
    if t >= p:
        return True
    else:
        return False

# To identify the day as abnormal, it is enough that even one or more conditions are violated.
def r3(arg1: float, arg2: float, arg3: float, arg4: float):
    return not(r1(arg1, arg2) and r2(arg3, arg4)), r1(arg1, arg2), r2(arg3, arg4)


The input for your task:
This is the Python3 code which not correspond to the given logical premises:
def r1(a: float, b: float) -> bool:
    if a >= b:
        return True
    else:
        return False

def r2(a: float, c: float) -> bool:
    if a >= c:
        return True
    else:
        # Fixing the syntax error by adding a colon at the end of the if block
        return False

def r3(d: float, a: float) -> bool:
    if d <= a:
        return True
    else:
        return False

def r4(p: float, ax3: float) -> bool:
    if p <= ax3:
        return True
    else:
        return False

def r5(arg1: float, arg2: float, arg3: float, arg4: float, arg5: float, arg6: float, arg7: float, arg8: float):
    return not(r1(arg1, arg2) and r2(arg3, arg4) and r3(arg5, arg6) and r4(arg7, arg8)), r1(arg1, arg2), r2(arg3, arg4), r3(arg5, arg6), r4(arg7, arg8)

It is supposed to translate the following text into rules:
System Message:
You are an agent which task is to correct Python3 code implementing logical rules, generated by another large language model,
so that they caused no syntax errors and correspond to the logical assumptions expressed in natural language.
To perform this task you will receive a Python3 code, which not correspond to the logical premises and caused syntax errors,
and these logical premises expressed in natural language, which should be translated into rules in Python3 code.
Your task is to return a valid Python3 rules for a given premises, having corrected the syntax errors.
The fixes you make should address standard Python code syntax errors such as mis-declared functions, incorrect variable declarations
or lack of indentation in the code. There may also be situations when parts of the code are not generated.
Do not make any corrections to the last function.
Please output only a valid Python code only with comments started with #.
Do not add any additional texts, tags and comments.

The input for your task:
This is the Python3 code which not correspond to the given logical premises:
def r1(a: float, b: float) -> bool:
    if a >= b:
        return True
    else:
        return False

def r2(a: float, c: float) -> bool:
    if a >= c:
        return True
        else:
            return False

def r3(d: float, a: float) -> bool:
    if d <= a:
        return True
    else:
        return False

def r4(p: float, ax3: float) -> bool:
    if p <= ax3:
        return True
    else:
        return False
def r5(arg1: float, arg2: float, arg3: float, arg4: float, arg5: float, arg6: float, arg7: float, arg8: float):
    return not(r1(arg1, arg2) and r2(arg3, arg4) and r3(arg5, arg6) and r4(arg7, arg8)), r1(arg1, arg2), r2(arg3, arg4), r3(arg5, arg6), r4(arg7, arg8)

It is supposed to translate the following text into rules:
The total operation duration must not be lower than the PTO operation time.
The total operation duration must not be lower than the idle time.
Driving time must always be less than or equal to the total operation time.
The payload must not exceed the load carried by axle 3.

Syntax evaluation returns the following error:
  File ""/home/obywatelfg/Doktorat/Badania/Logic-LLM/LLM-Python/output_python.py"", line 10
    else:
    ^^^^
SyntaxError: invalid syntax


Please correct the code.   

Code after execution returns the following error:
Error

Please correct the code.   ";"The total operation duration must not be lower than the PTO operation time.
The total operation duration must not be lower than the idle time.
Driving time must always be less than or equal to the total operation time.
The payload must not exceed the load carried by axle 3.";4;[['total operation time', 'PTO operation time'], ['total operation time', 'idle time'], ['driving time', 'total operation time'], ['payload', 'axle 3 load']];Llama-8;"# The total operation duration must not be lower than the PTO operation time.
def r1(a: float, b: float) -> bool:
    if a >= b:
        return True
    else:
        return False

# The total operation duration must not be lower than the idle time.
def r2(a: float, c: float) -> bool:
    if a >= c:
        return True
    else:
        return False

# Driving time must always be less than or equal to the total operation time.
def r3(d: float, a: float) -> bool:
    if d <= a:
        return True
    else:
        return False

# The payload must not exceed the load carried by axle 3.
def r4(p: float, ax3: float) -> bool:
    if p <= ax3:
        return True
    else:
        return False


def r5(arg1: float, arg2: float, arg3: float, arg4: float, arg5: float, arg6: float, arg7: float, arg8: float):
    return not(r1(arg1, arg2) and r2(arg3, arg4) and r3(arg5, arg6) and r4(arg7, arg8)), r1(arg1, arg2), r2(arg3, arg4), r3(arg5, arg6), r4(arg7, arg8)";"  File ""/home/obywatelfg/Doktorat/Badania/Logic-LLM/LLM-Python/output_python.py"", line 10
    else:
    ^^^^
SyntaxError: invalid syntax
";Error;Error
"System Message:
You are an agent which task is to correct Python3 code implementing logical rules, generated by another large language model,
so that they throw no runtime errors during program execution and correspond to the logical assumptions expressed in natural language.
To perform this task you will receive a Python3 code with valid syntax, which not correspond to the logical premises and throw runtime errors,
and these logical premises expressed in natural language, which should be translated into rules in Python3 code.
Your task is to return a valid Python3 rules for a given premises, having corrected the runtime errors.
Improvements made should mainly include defining the correct number of arguments for each function according to corresponding premise
and using inside functions the proper variables, previously defined in the function declaration.
Do not make any corrections to the last function.
Please output only a valid Python code only with comments started with #.
Do not add any additional texts, tags and comments.
Be guided by the following examples:

Example 1
# If the parameter C's value is at least 20, the lowest possible value of parameter D is 40.
def r1(c: float, d: float) -> bool:
    if c >= 20 and d / c >= 0.4:
        return True
    else:
        return False

# Parameter W value should be at least the sum of parameter X, parameter Y and parameter Z.
def r2(x: float, y: float, z: float) -> bool:
    if x + y + z >= 0:
        return True
    else:
        return False

# To identify the day as abnormal, it is enough that even one or more conditions are violated.
def r3(arg1: float, arg2: float, arg3: float, arg4: float, arg5: float, arg6: float):
    return not(r1(arg1, arg2) and r2(arg3, arg4, arg5, arg6)), r1(arg1, arg2), r2(arg3, arg4, arg5, arg6)

It is supposed to translate the following example text into rules:
If the parameter C's value is at least 20, the lowest possible value of parameter D is 40.
Parameter W value should be at least the sum of parameter X, parameter Y and parameter Z.

Code after execution returns the following error:
Traceback (most recent call last):
  File ""/home/obywatelfg/Doktorat/Badania/Logic-LLM/LLM-logic/New_val_Adapt_Task2_outputs_python_no_final_rule/Llama-8/2/python_code/2_output_python.py"", line 18, in <module>
    print(r3(2226.8, 2432.3, 0.3, 0.9, 2.7, 1.0))
  File ""/home/obywatelfg/Doktorat/Badania/Logic-LLM/LLM-logic/New_val_Adapt_Task2_outputs_python_no_final_rule/Llama-8/2/python_code/2_output_python.py"", line 16, in r3
    return not(r1(arg1, arg2) and r2(arg3, arg4, arg5, arg6)), r1(arg1, arg2), r2(arg3, arg4, arg5, arg6)
TypeError: r2() takes 3 positional arguments but 4 were given

Please correct the code.

The corrected code should be the following:
# If the parameter C's value is at least 20, the lowest possible value of parameter D is 40.
def r1(c: float, d: float) -> bool:
    if c >= 20 and d / c >= 0.4:
        return True
    else:
        return False

# This function lack of parameter W in a function definition and a body, where logical rule should check the proportion between param W and sum of params x, y, z.
# Parameter W value should be at least the sum of parameter X, parameter Y and parameter Z.
def r2(x: float, y: float, z: float, w: float) -> bool:
    if x + y + z <= w:
        return True
    else:
        return False

# To identify the day as abnormal, it is enough that even one or more conditions are violated.
def r3(arg1: float, arg2: float, arg3: float, arg4: float, arg5: float, arg6: float):
    return not(r1(arg1, arg2) and r2(arg3, arg4, arg5, arg6)), r1(arg1, arg2), r2(arg3, arg4, arg5, arg6)


Example 2
# If the parameter C's value is at least 20, the lowest possible value of parameter D is 40.
def r1(c: float) -> bool:
    if c >= 40 and c >= 0.4:
        return True
    else:
        return False

# Parameter T's value shouldn't be lower than parameter P's value.
def r2(t: float, p: float) -> bool:
    if t >= p:
        return True
    else:
        return False

# To identify the day as abnormal, it is enough that even one or more conditions are violated.
def r3(arg1: float, arg2: float, arg3: float, arg4: float):
    return not(r1(arg1, arg2) and r2(arg3, arg4)), r1(arg1, arg2), r2(arg3, arg4)

It is supposed to translate the following example text into rules:
If the parameter C's value is at least 20, the lowest possible value of parameter D is 40.
Parameter T's value shouldn't be lower than parameter P's value.

Code after execution returns the following error:
Traceback (most recent call last):
  File ""/home/obywatelfg/Doktorat/Badania/Logic-LLM/LLM-logic/New_val_Adapt_Task2_outputs_python_no_final_rule/Llama-8/4/python_code/121_output_python.py"", line 32, in <module>
    print(r5(227.70000000000002, 75.9, 9.5, 1.9, 7203.1, 6652.3, 10268.5, 8400.7))
  File ""/home/obywatelfg/Doktorat/Badania/Logic-LLM/LLM-logic/New_val_Adapt_Task2_outputs_python_no_final_rule/Llama-8/4/python_code/121_output_python.py"", line 30, in r5
    return not(r1(arg1, arg2) and r2(arg3, arg4) and r3(arg5, arg6) and r4(arg7, arg8)), r1(arg1, arg2), r2(arg3, arg4), r3(arg5, arg6), r4(arg7, arg8)
TypeError: r1() takes 1 positional argument but 2 were given

Please correct the code.

The corrected code should be the following:
# If the parameter C's value is at least 20, the lowest possible value of parameter D is 40.
def r1(c: float, d: float) -> bool:
    if d / c >= 2:
        return True
    else:
        return False

# Parameter T's value shouldn't be lower than parameter P's value.
def r2(t: float, p: float) -> bool:
    if t >= p:
        return True
    else:
        return False

# To identify the day as abnormal, it is enough that even one or more conditions are violated.
def r3(arg1: float, arg2: float, arg3: float, arg4: float):
    return not(r1(arg1, arg2) and r2(arg3, arg4)), r1(arg1, arg2), r2(arg3, arg4)


The input for your task:
This is the Python3 code which not correspond to the given logical premises:
def r1(pto_operation_time: float, total_operation_time: float) -> bool:
    if pto_operation_time <= total_operation_time:
        return True
    else:
        return False

def r2(driving_time: float, total_operation_time: float) -> bool:
    if driving_time <= total_operation_time:
        return True
    else:
        return False

def r4(arg1: float, arg2: float, arg3: float, arg4: float, arg5: float, arg6: float):
    return not(r1(arg1, arg2) and r2(arg3, arg4) and r3(arg5, arg6)), r1(arg1, arg2), r2(arg3, arg4), r3(arg5, arg6)

It is supposed to translate the following text into rules:
PTO operation time cannot be greater than the total operation time.
Driving time cannot be greater than the total operation time.
The payload must not exceed the load carried by axle 2.

Code after execution returns the following error:
Traceback (most recent call last):
  File ""/home/frank/Doktorat/ExKLoP/saved_outputs/Task2_syntax_outputs/Llama-8/3/python_code/169_output_python.py"", line 16, in <module>
    print(r4(4.0, 5.7, 3.2, 8.6, 51.6, 7.7))
  File ""/home/frank/Doktorat/ExKLoP/saved_outputs/Task2_syntax_outputs/Llama-8/3/python_code/169_output_python.py"", line 14, in r4
    return not(r1(arg1, arg2) and r2(arg3, arg4) and r3(arg5, arg6)), r1(arg1, arg2), r2(arg3, arg4), r3(arg5, arg6)
NameError: name 'r3' is not defined. Did you mean: 'r1'?


Please correct the code.   ";"PTO operation time cannot be greater than the total operation time.
Driving time cannot be greater than the total operation time.
The payload must not exceed the load carried by axle 2.";3;[['PTO operation time', 'total operation time'], ['driving time', 'total operation time'], ['payload', 'axle 2 load']];Llama-8;"def r1(pto_operation_time: float, total_operation_time: float) -> bool:
    if pto_operation_time <= total_operation_time:
        return True
    else:
        return False

def r2(driving_time: float, total_operation_time: float) -> bool:
    if driving_time <= total_operation_time:
        return True
    else:
        return False

def r3(payload: float, axle_2_load: float) -> bool:
    if payload <= axle_2_load:
        return True
    else:
        return False

def r4(arg1: float, arg2: float, arg3: float, arg4: float, arg5: float, arg6: float):
    return not(r1(arg1, arg2) and r2(arg3, arg4) and r3(arg5, arg6)), r1(arg1, arg2), r2(arg3, arg4), r3(arg5, arg6)";Correct syntax;['True, True, True, False', 'False, True, True, True', 'True, False, False, True'];['True, True, True, False', 'False, True, True, True', 'True, False, False, True']
"System Message:
        You are a logician with a background in mathematics that translates natural language
        reasoning text to Python3 code so that these natural language reasoning problems can be solved.
        During the translation, please pay close attention to defining variables and rules.
        Do not add any comments from you.
        Be guided by the following example:
        Example input text:
        Textual context: If the parameter A's value is at least 20, the lowest possible value of parameter B is 5.
If the parameter C's value is at least 20, the lowest possible value of parameter D is 40.
Parameter E's value cannot be less than parameter F's value.
Parameter G's value cannot be less than parameter H's value.
Parameter I's value cannot be less than parameter J's value.

        Example Python3 code:
        # If the parameter A's value is at least 20, the lowest possible value of parameter B is 5.
def r1(a: float, b: float) -> bool:
    if b / a >= 0.25:
        return True
    else:
        return False

# If the parameter C's value is at least 20, the lowest possible value of parameter D is 40.
def r2(c: float, d: float) -> bool:
    if d / c >= 2:
        return True
    else:
        return False

# Parameter E's value cannot be less than parameter F's value.
def r3(e: float, f: float) -> bool:
    if e >= f:
        return True
    else:
        return False

# Parameter G's value cannot be less than parameter H's value.
def r4(g: float, h: float) -> bool:
    if g >= h:
        return True
    else:
        return False

# Parameter I's value cannot be less than parameter J's value.
def r5(i: float, j: float) -> bool:
    if i >= j:
        return True
    else:
        return False


        
Input text:
Textual context: PTO operation time must be less than or equal to the total operation time.
Driving time should be less than or equal to the total operation time.
The weight on axle 1 cannot surpass the weight on axle 2.
The payload must not exceed the load carried by axle 3.";"PTO operation time must be less than or equal to the total operation time.
Driving time should be less than or equal to the total operation time.
The weight on axle 1 cannot surpass the weight on axle 2.
The payload must not exceed the load carried by axle 3.";4;[['PTO operation time', 'total operation time'], ['driving time', 'total operation time'], ['axle 1 load', 'axle 2 load'], ['payload', 'axle 3 load']];Llama-8;"def r1(pto_operation_time: float, total_operation_time: float) -> bool:
    if pto_operation_time <= total_operation_time:
        return True
    else:
        return False

def r2(driving_time: float, total_operation_time: float) -> bool:
    if driving_time <= total_operation_time:
        return True
    else:
        return False

def r3(axle1_weight: float, axle2_weight: float) -> bool:
    if axle1_weight <= axle2_weight:
        return True
    else:
        return False

def r4(payload: float, axle3_load: float) -> bool:
    if payload <= axle3_load:
        return True
    else:
        return False

def r5(arg1: float, arg2: float, arg3: float, arg4: float, arg5: float, arg6: float, arg7: float, arg8: float):
    return not(r1(arg1, arg2) and r2(arg3, arg4) and r3(arg5, arg6) and r4(arg7, arg8)), r1(arg1, arg2), r2(arg3, arg4), r3(arg5, arg6), r4(arg7, arg8)";Correct syntax;['True, True, True, False, False', 'False, True, True, True, True', 'True, False, False, True, True'];['True, True, True, False, False', 'False, True, True, True, True', 'True, False, False, True, True']
"System Message:
        You are a logician with a background in mathematics that translates natural language
        reasoning text to Python3 code so that these natural language reasoning problems can be solved.
        During the translation, please pay close attention to defining variables and rules.
        Do not add any comments from you.
        Be guided by the following example:
        Example input text:
        Textual context: If the parameter A's value is at least 20, the lowest possible value of parameter B is 5.
If the parameter C's value is at least 20, the lowest possible value of parameter D is 40.
Parameter E's value cannot be less than parameter F's value.
Parameter G's value cannot be less than parameter H's value.
Parameter I's value cannot be less than parameter J's value.

        Example Python3 code:
        # If the parameter A's value is at least 20, the lowest possible value of parameter B is 5.
def r1(a: float, b: float) -> bool:
    if b / a >= 0.25:
        return True
    else:
        return False

# If the parameter C's value is at least 20, the lowest possible value of parameter D is 40.
def r2(c: float, d: float) -> bool:
    if d / c >= 2:
        return True
    else:
        return False

# Parameter E's value cannot be less than parameter F's value.
def r3(e: float, f: float) -> bool:
    if e >= f:
        return True
    else:
        return False

# Parameter G's value cannot be less than parameter H's value.
def r4(g: float, h: float) -> bool:
    if g >= h:
        return True
    else:
        return False

# Parameter I's value cannot be less than parameter J's value.
def r5(i: float, j: float) -> bool:
    if i >= j:
        return True
    else:
        return False


        
Input text:
Textual context: Total operation time shouldn’t be lower than PTO operation time.
Idle time should be less than or equal to the total operation time.
The load carried by axle 1 must be smaller than or equal to the load on axle 3.
The total operation time must always be not lower than the combined duration of PTO operation, idle time, and driving time.";"Total operation time shouldn’t be lower than PTO operation time.
Idle time should be less than or equal to the total operation time.
The load carried by axle 1 must be smaller than or equal to the load on axle 3.
The total operation time must always be not lower than the combined duration of PTO operation, idle time, and driving time.";4;[['total operation time', 'PTO operation time'], ['idle time', 'total operation time'], ['axle 1 load', 'axle 3 load'], ['total operation time', 'PTO operation time', 'idle time', 'driving time']];Llama-8;"def r1(total_operation_time: float, pto_operation_time: float) -> bool:
    if total_operation_time >= pto_operation_time:
        return True
    else:
        return False

def r2(idle_time: float, total_operation_time: float) -> bool:
    if idle_time <= total_operation_time:
        return True
    else:
        return False

def r3(axle1_load: float, axle3_load: float) -> bool:
    if axle1_load <= axle3_load:
        return True
    else:
        return False

def r4(total_operation_time: float, pto_operation_time: float, idle_time: float, driving_time: float) -> bool:
    if total_operation_time >= pto_operation_time + idle_time + driving_time:
        return True
    else:
        return False

def r5(arg1: float, arg2: float, arg3: float, arg4: float, arg5: float, arg6: float, arg7: float, arg8: float, arg9: float, arg10: float):
    return not(r1(arg1, arg2) and r2(arg3, arg4) and r3(arg5, arg6) and r4(arg7, arg8, arg9, arg10)), r1(arg1, arg2), r2(arg3, arg4), r3(arg5, arg6), r4(arg7, arg8, arg9, arg10)";Correct syntax;['True, True, True, False, True', 'False, True, True, True, True', 'True, False, False, True, False'];['True, True, True, False, True', 'False, True, True, True, True', 'True, False, False, True, False']
"System Message:
        You are a logician with a background in mathematics that translates natural language
        reasoning text to Python3 code so that these natural language reasoning problems can be solved.
        During the translation, please pay close attention to defining variables and rules.
        Do not add any comments from you.
        Be guided by the following example:
        Example input text:
        Textual context: If the parameter A's value is at least 20, the lowest possible value of parameter B is 5.
If the parameter C's value is at least 20, the lowest possible value of parameter D is 40.
Parameter E's value cannot be less than parameter F's value.
Parameter G's value cannot be less than parameter H's value.
Parameter I's value cannot be less than parameter J's value.

        Example Python3 code:
        # If the parameter A's value is at least 20, the lowest possible value of parameter B is 5.
def r1(a: float, b: float) -> bool:
    if b / a >= 0.25:
        return True
    else:
        return False

# If the parameter C's value is at least 20, the lowest possible value of parameter D is 40.
def r2(c: float, d: float) -> bool:
    if d / c >= 2:
        return True
    else:
        return False

# Parameter E's value cannot be less than parameter F's value.
def r3(e: float, f: float) -> bool:
    if e >= f:
        return True
    else:
        return False

# Parameter G's value cannot be less than parameter H's value.
def r4(g: float, h: float) -> bool:
    if g >= h:
        return True
    else:
        return False

# Parameter I's value cannot be less than parameter J's value.
def r5(i: float, j: float) -> bool:
    if i >= j:
        return True
    else:
        return False


        
Input text:
Textual context: Total operation time shouldn’t be lower than idle time.
Driving time should be less than or equal to the total operation time.
The number of stops where PTO is engaged must not exceed the overall stop count.
The load supported by axle 1 cannot exceed that of axle 2.
The weight on axle 1 cannot surpass the weight on axle 3.";"Total operation time shouldn’t be lower than idle time.
Driving time should be less than or equal to the total operation time.
The number of stops where PTO is engaged must not exceed the overall stop count.
The load supported by axle 1 cannot exceed that of axle 2.
The weight on axle 1 cannot surpass the weight on axle 3.";5;[['total operation time', 'idle time'], ['driving time', 'total operation time'], ['stops with PTO engaged', 'stops'], ['axle 1 load', 'axle 2 load'], ['axle 1 load', 'axle 3 load']];Llama-8;"def r1(a: float, b: float) -> bool:
    if a >= b:
        return True
    else:
        return False

def r2(a: float, c: float) -> bool:
    if c <= a:
        return True
    else:
        return False

def r3(d: int, e: int) -> bool:
    if d <= e:
        return True
    else:
        return False

def r4(f: float, g: float) -> bool:
    if f <= g:
        return True
    else:
        return False

def r5(h: float, i: float) -> bool:
    if h <= i:
        return True
    else:
        return False

def r6(arg1: float, arg2: float, arg3: float, arg4: float, arg5: float, arg6: float, arg7: float, arg8: float, arg9: float, arg10: float):
    return not(r1(arg1, arg2) and r2(arg3, arg4) and r3(arg5, arg6) and r4(arg7, arg8) and r5(arg9, arg10)), r1(arg1, arg2), r2(arg3, arg4), r3(arg5, arg6), r4(arg7, arg8), r5(arg9, arg10)";Correct syntax;['True, True, True, True, False, False', 'False, True, True, True, True, True', 'True, False, False, False, True, True'];['True, True, False, True, False, False', 'False, True, True, True, True, True', 'True, False, True, False, True, True']
"System Message:
        You are a logician with a background in mathematics that translates natural language
        reasoning text to Python3 code so that these natural language reasoning problems can be solved.
        During the translation, please pay close attention to defining variables and rules.
        Do not add any comments from you.
        Be guided by the following example:
        Example input text:
        Textual context: If the parameter A's value is at least 20, the lowest possible value of parameter B is 5.
If the parameter C's value is at least 20, the lowest possible value of parameter D is 40.
Parameter E's value cannot be less than parameter F's value.
Parameter G's value cannot be less than parameter H's value.
Parameter I's value cannot be less than parameter J's value.

        Example Python3 code:
        # If the parameter A's value is at least 20, the lowest possible value of parameter B is 5.
def r1(a: float, b: float) -> bool:
    if b / a >= 0.25:
        return True
    else:
        return False

# If the parameter C's value is at least 20, the lowest possible value of parameter D is 40.
def r2(c: float, d: float) -> bool:
    if d / c >= 2:
        return True
    else:
        return False

# Parameter E's value cannot be less than parameter F's value.
def r3(e: float, f: float) -> bool:
    if e >= f:
        return True
    else:
        return False

# Parameter G's value cannot be less than parameter H's value.
def r4(g: float, h: float) -> bool:
    if g >= h:
        return True
    else:
        return False

# Parameter I's value cannot be less than parameter J's value.
def r5(i: float, j: float) -> bool:
    if i >= j:
        return True
    else:
        return False


        
Input text:
Textual context: Idle time cannot be greater than the total operation time.
The total stop count must not be lower than the count of stops where PTO is engaged.
The load carried by axle 1 must be smaller than or equal to the load on axle 3.
Total operation time should be at least the sum of PTO, idle, and driving times.";"Idle time cannot be greater than the total operation time.
The total stop count must not be lower than the count of stops where PTO is engaged.
The load carried by axle 1 must be smaller than or equal to the load on axle 3.
Total operation time should be at least the sum of PTO, idle, and driving times.";4;[['idle time', 'total operation time'], ['stops', 'stops with PTO engaged'], ['axle 1 load', 'axle 3 load'], ['total operation time', 'PTO operation time', 'idle time', 'driving time']];Llama-8;"def r1(idle: float, operation: float) -> bool:
    if idle <= operation:
        return True
    else:
        return False

def r2(stops: float, pto_stops: float) -> bool:
    if stops >= pto_stops:
        return True
    else:
        return False

def r3(axle1: float, axle3: float) -> bool:
    if axle1 <= axle3:
        return True
    else:
        return False

def r4(operation: float, pto: float, idle: float, driving: float) -> bool:
    if operation >= pto + idle + driving:
        return True
    else:
        return False

def r5(arg1: float, arg2: float, arg3: float, arg4: float, arg5: float, arg6: float, arg7: float, arg8: float, arg9: float, arg10: float):
    return not(r1(arg1, arg2) and r2(arg3, arg4) and r3(arg5, arg6) and r4(arg7, arg8, arg9, arg10)), r1(arg1, arg2), r2(arg3, arg4), r3(arg5, arg6), r4(arg7, arg8, arg9, arg10)";Correct syntax;['True, True, True, False, True', 'False, True, True, True, True', 'True, False, False, True, False'];['True, True, True, False, True', 'False, True, True, True, True', 'True, False, False, True, False']
"System Message:
        You are a logician with a background in mathematics that translates natural language
        reasoning text to Python3 code so that these natural language reasoning problems can be solved.
        During the translation, please pay close attention to defining variables and rules.
        Do not add any comments from you.
        Be guided by the following example:
        Example input text:
        Textual context: If the parameter A's value is at least 20, the lowest possible value of parameter B is 5.
If the parameter C's value is at least 20, the lowest possible value of parameter D is 40.
Parameter E's value cannot be less than parameter F's value.
Parameter G's value cannot be less than parameter H's value.
Parameter I's value cannot be less than parameter J's value.

        Example Python3 code:
        # If the parameter A's value is at least 20, the lowest possible value of parameter B is 5.
def r1(a: float, b: float) -> bool:
    if b / a >= 0.25:
        return True
    else:
        return False

# If the parameter C's value is at least 20, the lowest possible value of parameter D is 40.
def r2(c: float, d: float) -> bool:
    if d / c >= 2:
        return True
    else:
        return False

# Parameter E's value cannot be less than parameter F's value.
def r3(e: float, f: float) -> bool:
    if e >= f:
        return True
    else:
        return False

# Parameter G's value cannot be less than parameter H's value.
def r4(g: float, h: float) -> bool:
    if g >= h:
        return True
    else:
        return False

# Parameter I's value cannot be less than parameter J's value.
def r5(i: float, j: float) -> bool:
    if i >= j:
        return True
    else:
        return False


        
Input text:
Textual context: Total operation time shouldn’t be lower than idle time.
The load on axle 1 must not surpass the load on axle 2.
The load carried by axle 1 must be smaller than or equal to the load on axle 3.
The payload cannot exceed the capacity of axle 2.
The payload cannot exceed the capacity of axle 3.";"Total operation time shouldn’t be lower than idle time.
The load on axle 1 must not surpass the load on axle 2.
The load carried by axle 1 must be smaller than or equal to the load on axle 3.
The payload cannot exceed the capacity of axle 2.
The payload cannot exceed the capacity of axle 3.";5;[['total operation time', 'idle time'], ['axle 1 load', 'axle 2 load'], ['axle 1 load', 'axle 3 load'], ['payload', 'axle 2 load'], ['payload', 'axle 3 load']];Llama-8;"def r1(operation_time: float, idle_time: float) -> bool:
    if operation_time >= idle_time:
        return True
    else:
        return False

def r2(axle1_load: float, axle2_load: float) -> bool:
    if axle1_load <= axle2_load:
        return True
    else:
        return False

def r3(axle1_load: float, axle3_load: float) -> bool:
    if axle1_load <= axle3_load:
        return True
    else:
        return False

def r4(payload: float, axle2_capacity: float) -> bool:
    if payload <= axle2_capacity:
        return True
    else:
        return False

def r5(payload: float, axle3_capacity: float) -> bool:
    if payload <= axle3_capacity:
        return True
    else:
        return False

def r6(arg1: float, arg2: float, arg3: float, arg4: float, arg5: float, arg6: float, arg7: float, arg8: float, arg9: float, arg10: float):
    return not(r1(arg1, arg2) and r2(arg3, arg4) and r3(arg5, arg6) and r4(arg7, arg8) and r5(arg9, arg10)), r1(arg1, arg2), r2(arg3, arg4), r3(arg5, arg6), r4(arg7, arg8), r5(arg9, arg10)";Correct syntax;['True, True, False, False, False, False', 'False, True, True, True, True, True', 'True, False, True, True, True, True'];['True, True, False, False, False, False', 'False, True, True, True, True, True', 'True, False, True, True, True, True']
"System Message:
        You are a logician with a background in mathematics that translates natural language
        reasoning text to Python3 code so that these natural language reasoning problems can be solved.
        During the translation, please pay close attention to defining variables and rules.
        Do not add any comments from you.
        Be guided by the following example:
        Example input text:
        Textual context: If the parameter A's value is at least 20, the lowest possible value of parameter B is 5.
If the parameter C's value is at least 20, the lowest possible value of parameter D is 40.
Parameter E's value cannot be less than parameter F's value.
Parameter G's value cannot be less than parameter H's value.
Parameter I's value cannot be less than parameter J's value.

        Example Python3 code:
        # If the parameter A's value is at least 20, the lowest possible value of parameter B is 5.
def r1(a: float, b: float) -> bool:
    if b / a >= 0.25:
        return True
    else:
        return False

# If the parameter C's value is at least 20, the lowest possible value of parameter D is 40.
def r2(c: float, d: float) -> bool:
    if d / c >= 2:
        return True
    else:
        return False

# Parameter E's value cannot be less than parameter F's value.
def r3(e: float, f: float) -> bool:
    if e >= f:
        return True
    else:
        return False

# Parameter G's value cannot be less than parameter H's value.
def r4(g: float, h: float) -> bool:
    if g >= h:
        return True
    else:
        return False

# Parameter I's value cannot be less than parameter J's value.
def r5(i: float, j: float) -> bool:
    if i >= j:
        return True
    else:
        return False


        
Input text:
Textual context: Total operation time should shouldn’t be lower than driving time.
The load supported by axle 1 cannot exceed that of axle 2.
Axle 2's load must always be equal to or greater than the payload.
Axle 3's load must always be equal to or greater than the payload.
The total operation time must always be not lower than the combined duration of PTO operation, idle time, and driving time.";"Total operation time should shouldn’t be lower than driving time.
The load supported by axle 1 cannot exceed that of axle 2.
Axle 2's load must always be equal to or greater than the payload.
Axle 3's load must always be equal to or greater than the payload.
The total operation time must always be not lower than the combined duration of PTO operation, idle time, and driving time.";5;[['total operation time', 'driving time'], ['axle 1 load', 'axle 2 load'], ['axle 2 load', 'payload'], ['axle 3 load', 'payload'], ['total operation time', 'PTO operation time', 'idle time', 'driving time']];Llama-8;"def r1(total_operation_time: float, driving_time: float) -> bool:
    if total_operation_time >= driving_time:
        return True
    else:
        return False

def r2(axle1_load: float, axle2_load: float) -> bool:
    if axle1_load <= axle2_load:
        return True
    else:
        return False

def r3(axle2_load: float, payload: float) -> bool:
    if axle2_load >= payload:
        return True
    else:
        return False

def r4(axle3_load: float, payload: float) -> bool:
    if axle3_load >= payload:
        return True
    else:
        return False

def r5(total_operation_time: float, pto_operation: float, idle_time: float, driving_time: float) -> bool:
    if total_operation_time >= pto_operation + idle_time + driving_time:
        return True
    else:
        return False

def r6(arg1: float, arg2: float, arg3: float, arg4: float, arg5: float, arg6: float, arg7: float, arg8: float, arg9: float, arg10: float, arg11: float, arg12: float):
    return not(r1(arg1, arg2) and r2(arg3, arg4) and r3(arg5, arg6) and r4(arg7, arg8) and r5(arg9, arg10, arg11, arg12)), r1(arg1, arg2), r2(arg3, arg4), r3(arg5, arg6), r4(arg7, arg8), r5(arg9, arg10, arg11, arg12)";Correct syntax;['True, True, False, False, False, True', 'False, True, True, True, True, True', 'True, False, True, True, True, False'];['True, True, False, False, False, True', 'False, True, True, True, True, True', 'True, False, True, True, True, False']
"System Message:
        You are a logician with a background in mathematics that translates natural language
        reasoning text to Python3 code so that these natural language reasoning problems can be solved.
        During the translation, please pay close attention to defining variables and rules.
        Do not add any comments from you.
        Be guided by the following example:
        Example input text:
        Textual context: If the parameter A's value is at least 20, the lowest possible value of parameter B is 5.
If the parameter C's value is at least 20, the lowest possible value of parameter D is 40.
Parameter E's value cannot be less than parameter F's value.
Parameter G's value cannot be less than parameter H's value.
Parameter I's value cannot be less than parameter J's value.

        Example Python3 code:
        # If the parameter A's value is at least 20, the lowest possible value of parameter B is 5.
def r1(a: float, b: float) -> bool:
    if b / a >= 0.25:
        return True
    else:
        return False

# If the parameter C's value is at least 20, the lowest possible value of parameter D is 40.
def r2(c: float, d: float) -> bool:
    if d / c >= 2:
        return True
    else:
        return False

# Parameter E's value cannot be less than parameter F's value.
def r3(e: float, f: float) -> bool:
    if e >= f:
        return True
    else:
        return False

# Parameter G's value cannot be less than parameter H's value.
def r4(g: float, h: float) -> bool:
    if g >= h:
        return True
    else:
        return False

# Parameter I's value cannot be less than parameter J's value.
def r5(i: float, j: float) -> bool:
    if i >= j:
        return True
    else:
        return False


        
Input text:
Textual context: Total operation time shouldn’t be lower than PTO operation time.
Idle time should be less than or equal to the total operation time.
The payload must not exceed the load carried by axle 2.
Total operation time should be at least the sum of PTO, idle, and driving times.";"Total operation time shouldn’t be lower than PTO operation time.
Idle time should be less than or equal to the total operation time.
The payload must not exceed the load carried by axle 2.
Total operation time should be at least the sum of PTO, idle, and driving times.";4;[['total operation time', 'PTO operation time'], ['idle time', 'total operation time'], ['payload', 'axle 2 load'], ['total operation time', 'PTO operation time', 'idle time', 'driving time']];Llama-8;"def r1(total_time: float, pto_time: float) -> bool:
    if total_time >= pto_time:
        return True
    else:
        return False

def r2(idle_time: float, total_time: float) -> bool:
    if idle_time <= total_time:
        return True
    else:
        return False

def r3(payload: float, axle2_load: float) -> bool:
    if payload <= axle2_load:
        return True
    else:
        return False

def r4(total_time: float, pto_time: float, idle_time: float, driving_time: float) -> bool:
    if total_time >= pto_time + idle_time + driving_time:
        return True
    else:
        return False

def r5(arg1: float, arg2: float, arg3: float, arg4: float, arg5: float, arg6: float, arg7: float, arg8: float, arg9: float, arg10: float):
    return not(r1(arg1, arg2) and r2(arg3, arg4) and r3(arg5, arg6) and r4(arg7, arg8, arg9, arg10)), r1(arg1, arg2), r2(arg3, arg4), r3(arg5, arg6), r4(arg7, arg8, arg9, arg10)";Correct syntax;['True, True, True, False, True', 'False, True, True, True, True', 'True, False, False, True, False'];['True, True, True, False, True', 'False, True, True, True, True', 'True, False, False, True, False']
"System Message:
        You are a logician with a background in mathematics that translates natural language
        reasoning text to Python3 code so that these natural language reasoning problems can be solved.
        During the translation, please pay close attention to defining variables and rules.
        Do not add any comments from you.
        Be guided by the following example:
        Example input text:
        Textual context: If the parameter A's value is at least 20, the lowest possible value of parameter B is 5.
If the parameter C's value is at least 20, the lowest possible value of parameter D is 40.
Parameter E's value cannot be less than parameter F's value.
Parameter G's value cannot be less than parameter H's value.
Parameter I's value cannot be less than parameter J's value.

        Example Python3 code:
        # If the parameter A's value is at least 20, the lowest possible value of parameter B is 5.
def r1(a: float, b: float) -> bool:
    if b / a >= 0.25:
        return True
    else:
        return False

# If the parameter C's value is at least 20, the lowest possible value of parameter D is 40.
def r2(c: float, d: float) -> bool:
    if d / c >= 2:
        return True
    else:
        return False

# Parameter E's value cannot be less than parameter F's value.
def r3(e: float, f: float) -> bool:
    if e >= f:
        return True
    else:
        return False

# Parameter G's value cannot be less than parameter H's value.
def r4(g: float, h: float) -> bool:
    if g >= h:
        return True
    else:
        return False

# Parameter I's value cannot be less than parameter J's value.
def r5(i: float, j: float) -> bool:
    if i >= j:
        return True
    else:
        return False


        
Input text:
Textual context: PTO operation time should be less than or equal to the total operation time.
The total operation duration must not be lower than the idle time.
PTO-engaged stops cannot exceed the total number of stops.
The payload must not exceed the load carried by axle 3.
Total operation time must be greater than or equal to the sum of PTO operation, idle, and driving times.";"PTO operation time should be less than or equal to the total operation time.
The total operation duration must not be lower than the idle time.
PTO-engaged stops cannot exceed the total number of stops.
The payload must not exceed the load carried by axle 3.
Total operation time must be greater than or equal to the sum of PTO operation, idle, and driving times.";5;[['PTO operation time', 'total operation time'], ['total operation time', 'idle time'], ['stops with PTO engaged', 'stops'], ['payload', 'axle 3 load'], ['total operation time', 'PTO operation time', 'idle time', 'driving time']];Llama-8;"def r1(pto: float, total_operation: float) -> bool:
    if pto <= total_operation:
        return True
    else:
        return False

def r2(total_operation: float, idle: float) -> bool:
    if total_operation >= idle:
        return True
    else:
        return False

def r3(pto_stops: int, total_stops: int) -> bool:
    if pto_stops <= total_stops:
        return True
    else:
        return False

def r4(payload: float, axle3_load: float) -> bool:
    if payload <= axle3_load:
        return True
    else:
        return False

def r5(total_operation: float, pto: float, idle: float, driving: float) -> bool:
    if total_operation >= pto + idle + driving:
        return True
    else:
        return False

def r6(arg1: float, arg2: float, arg3: float, arg4: float, arg5: float, arg6: float, arg7: float, arg8: float, arg9: float, arg10: float, arg11: float, arg12: float):
    return not(r1(arg1, arg2) and r2(arg3, arg4) and r3(arg5, arg6) and r4(arg7, arg8) and r5(arg9, arg10, arg11, arg12)), r1(arg1, arg2), r2(arg3, arg4), r3(arg5, arg6), r4(arg7, arg8), r5(arg9, arg10, arg11, arg12)";Correct syntax;['True, True, True, True, False, True', 'False, True, True, True, True, True', 'True, False, False, False, True, False'];['True, True, True, True, False, True', 'False, True, True, True, True, True', 'True, False, False, False, True, False']
"System Message:
        You are a logician with a background in mathematics that translates natural language
        reasoning text to Python3 code so that these natural language reasoning problems can be solved.
        During the translation, please pay close attention to defining variables and rules.
        Do not add any comments from you.
        Be guided by the following example:
        Example input text:
        Textual context: If the parameter A's value is at least 20, the lowest possible value of parameter B is 5.
If the parameter C's value is at least 20, the lowest possible value of parameter D is 40.
Parameter E's value cannot be less than parameter F's value.
Parameter G's value cannot be less than parameter H's value.
Parameter I's value cannot be less than parameter J's value.

        Example Python3 code:
        # If the parameter A's value is at least 20, the lowest possible value of parameter B is 5.
def r1(a: float, b: float) -> bool:
    if b / a >= 0.25:
        return True
    else:
        return False

# If the parameter C's value is at least 20, the lowest possible value of parameter D is 40.
def r2(c: float, d: float) -> bool:
    if d / c >= 2:
        return True
    else:
        return False

# Parameter E's value cannot be less than parameter F's value.
def r3(e: float, f: float) -> bool:
    if e >= f:
        return True
    else:
        return False

# Parameter G's value cannot be less than parameter H's value.
def r4(g: float, h: float) -> bool:
    if g >= h:
        return True
    else:
        return False

# Parameter I's value cannot be less than parameter J's value.
def r5(i: float, j: float) -> bool:
    if i >= j:
        return True
    else:
        return False


        
Input text:
Textual context: The total operation durationmust not be lower than the driving time.
The load on axle 1 must not surpass the load on axle 3.
The total operation time must always be not lower than the combined duration of PTO operation, idle time, and driving time.";"The total operation durationmust not be lower than the driving time.
The load on axle 1 must not surpass the load on axle 3.
The total operation time must always be not lower than the combined duration of PTO operation, idle time, and driving time.";3;[['total operation time', 'driving time'], ['axle 1 load', 'axle 3 load'], ['total operation time', 'PTO operation time', 'idle time', 'driving time']];Llama-8;"def r1(total_operation_time: float, driving_time: float) -> bool:
    if total_operation_time >= driving_time:
        return True
    else:
        return False

def r2(load_axle1: float, load_axle3: float) -> bool:
    if load_axle1 <= load_axle3:
        return True
    else:
        return False

def r3(total_operation_time: float, pto_operation_time: float, idle_time: float, driving_time: float) -> bool:
    if total_operation_time >= pto_operation_time + idle_time + driving_time:
        return True
    else:
        return False

def r4(arg1: float, arg2: float, arg3: float, arg4: float, arg5: float, arg6: float, arg7: float, arg8: float):
    return not(r1(arg1, arg2) and r2(arg3, arg4) and r3(arg5, arg6, arg7, arg8)), r1(arg1, arg2), r2(arg3, arg4), r3(arg5, arg6, arg7, arg8)";Correct syntax;['True, True, False, True', 'False, True, True, True', 'True, False, True, False'];['True, True, False, True', 'False, True, True, True', 'True, False, True, False']
"System Message:
        You are a logician with a background in mathematics that translates natural language
        reasoning text to Python3 code so that these natural language reasoning problems can be solved.
        During the translation, please pay close attention to defining variables and rules.
        Do not add any comments from you.
        Be guided by the following example:
        Example input text:
        Textual context: If the parameter A's value is at least 20, the lowest possible value of parameter B is 5.
If the parameter C's value is at least 20, the lowest possible value of parameter D is 40.
Parameter E's value cannot be less than parameter F's value.
Parameter G's value cannot be less than parameter H's value.
Parameter I's value cannot be less than parameter J's value.

        Example Python3 code:
        # If the parameter A's value is at least 20, the lowest possible value of parameter B is 5.
def r1(a: float, b: float) -> bool:
    if b / a >= 0.25:
        return True
    else:
        return False

# If the parameter C's value is at least 20, the lowest possible value of parameter D is 40.
def r2(c: float, d: float) -> bool:
    if d / c >= 2:
        return True
    else:
        return False

# Parameter E's value cannot be less than parameter F's value.
def r3(e: float, f: float) -> bool:
    if e >= f:
        return True
    else:
        return False

# Parameter G's value cannot be less than parameter H's value.
def r4(g: float, h: float) -> bool:
    if g >= h:
        return True
    else:
        return False

# Parameter I's value cannot be less than parameter J's value.
def r5(i: float, j: float) -> bool:
    if i >= j:
        return True
    else:
        return False


        
Input text:
Textual context: The total operation duration must not be lower than the idle time.
Driving time should be less than or equal to the total operation time.
The payload must not exceed the load carried by axle 3.
Total operation time should be at least the sum of PTO, idle, and driving times.";"The total operation duration must not be lower than the idle time.
Driving time should be less than or equal to the total operation time.
The payload must not exceed the load carried by axle 3.
Total operation time should be at least the sum of PTO, idle, and driving times.";4;[['total operation time', 'idle time'], ['driving time', 'total operation time'], ['payload', 'axle 3 load'], ['total operation time', 'PTO operation time', 'idle time', 'driving time']];Llama-8;"def r1(total_time: float, idle_time: float) -> bool:
    if total_time >= idle_time:
        return True
    else:
        return False

def r2(driving_time: float, total_time: float) -> bool:
    if driving_time <= total_time:
        return True
    else:
        return False

def r3(payload: float, axle3_load: float) -> bool:
    if payload <= axle3_load:
        return True
    else:
        return False

def r4(total_time: float, pto: float, idle_time: float, driving_time: float) -> bool:
    if total_time >= pto + idle_time + driving_time:
        return True
    else:
        return False

def r5(arg1: float, arg2: float, arg3: float, arg4: float, arg5: float, arg6: float, arg7: float, arg8: float, arg9: float, arg10: float):
    return not(r1(arg1, arg2) and r2(arg3, arg4) and r3(arg5, arg6) and r4(arg7, arg8, arg9, arg10)), r1(arg1, arg2), r2(arg3, arg4), r3(arg5, arg6), r4(arg7, arg8, arg9, arg10)";Correct syntax;['True, True, True, False, True', 'False, True, True, True, True', 'True, False, False, True, False'];['True, True, True, False, True', 'False, True, True, True, True', 'True, False, False, True, False']
"System Message:
        You are a logician with a background in mathematics that translates natural language
        reasoning text to Python3 code so that these natural language reasoning problems can be solved.
        During the translation, please pay close attention to defining variables and rules.
        Do not add any comments from you.
        Be guided by the following example:
        Example input text:
        Textual context: If the parameter A's value is at least 20, the lowest possible value of parameter B is 5.
If the parameter C's value is at least 20, the lowest possible value of parameter D is 40.
Parameter E's value cannot be less than parameter F's value.
Parameter G's value cannot be less than parameter H's value.
Parameter I's value cannot be less than parameter J's value.

        Example Python3 code:
        # If the parameter A's value is at least 20, the lowest possible value of parameter B is 5.
def r1(a: float, b: float) -> bool:
    if b / a >= 0.25:
        return True
    else:
        return False

# If the parameter C's value is at least 20, the lowest possible value of parameter D is 40.
def r2(c: float, d: float) -> bool:
    if d / c >= 2:
        return True
    else:
        return False

# Parameter E's value cannot be less than parameter F's value.
def r3(e: float, f: float) -> bool:
    if e >= f:
        return True
    else:
        return False

# Parameter G's value cannot be less than parameter H's value.
def r4(g: float, h: float) -> bool:
    if g >= h:
        return True
    else:
        return False

# Parameter I's value cannot be less than parameter J's value.
def r5(i: float, j: float) -> bool:
    if i >= j:
        return True
    else:
        return False


        
Input text:
Textual context: The total operation duration must not be lower than the idle time.
Total operation time should shouldn’t be lower than driving time.
The load carried by axle 1 must be smaller than or equal to the load on axle 2.
Payload must remain below or equal to the load carried by axle 3.";"The total operation duration must not be lower than the idle time.
Total operation time should shouldn’t be lower than driving time.
The load carried by axle 1 must be smaller than or equal to the load on axle 2.
Payload must remain below or equal to the load carried by axle 3.";4;[['total operation time', 'idle time'], ['total operation time', 'driving time'], ['axle 1 load', 'axle 2 load'], ['payload', 'axle 3 load']];Llama-8;"def r1(operation_duration: float, idle_time: float) -> bool:
    if operation_duration >= idle_time:
        return True
    else:
        return False

def r2(operation_time: float, driving_time: float) -> bool:
    if operation_time >= driving_time:
        return True
    else:
        return False

def r3(axle1_load: float, axle2_load: float) -> bool:
    if axle1_load <= axle2_load:
        return True
    else:
        return False

def r4(payload: float, axle3_load: float) -> bool:
    if payload <= axle3_load:
        return True
    else:
        return False

def r5(arg1: float, arg2: float, arg3: float, arg4: float, arg5: float, arg6: float, arg7: float, arg8: float):
    return not(r1(arg1, arg2) and r2(arg3, arg4) and r3(arg5, arg6) and r4(arg7, arg8)), r1(arg1, arg2), r2(arg3, arg4), r3(arg5, arg6), r4(arg7, arg8)";Correct syntax;['True, True, True, False, False', 'False, True, True, True, True', 'True, False, False, True, True'];['True, True, True, False, False', 'False, True, True, True, True', 'True, False, False, True, True']
"System Message:
        You are a logician with a background in mathematics that translates natural language
        reasoning text to Python3 code so that these natural language reasoning problems can be solved.
        During the translation, please pay close attention to defining variables and rules.
        Do not add any comments from you.
        Be guided by the following example:
        Example input text:
        Textual context: If the parameter A's value is at least 20, the lowest possible value of parameter B is 5.
If the parameter C's value is at least 20, the lowest possible value of parameter D is 40.
Parameter E's value cannot be less than parameter F's value.
Parameter G's value cannot be less than parameter H's value.
Parameter I's value cannot be less than parameter J's value.

        Example Python3 code:
        # If the parameter A's value is at least 20, the lowest possible value of parameter B is 5.
def r1(a: float, b: float) -> bool:
    if b / a >= 0.25:
        return True
    else:
        return False

# If the parameter C's value is at least 20, the lowest possible value of parameter D is 40.
def r2(c: float, d: float) -> bool:
    if d / c >= 2:
        return True
    else:
        return False

# Parameter E's value cannot be less than parameter F's value.
def r3(e: float, f: float) -> bool:
    if e >= f:
        return True
    else:
        return False

# Parameter G's value cannot be less than parameter H's value.
def r4(g: float, h: float) -> bool:
    if g >= h:
        return True
    else:
        return False

# Parameter I's value cannot be less than parameter J's value.
def r5(i: float, j: float) -> bool:
    if i >= j:
        return True
    else:
        return False


        
Input text:
Textual context: Driving time should be less than or equal to the total operation time.
Stops with PTO engaged should never outnumber total stops.
The payload must not exceed the load carried by axle 3.
Total operation time must be greater than or equal to the sum of PTO operation, idle, and driving times.";"Driving time should be less than or equal to the total operation time.
Stops with PTO engaged should never outnumber total stops.
The payload must not exceed the load carried by axle 3.
Total operation time must be greater than or equal to the sum of PTO operation, idle, and driving times.";4;[['driving time', 'total operation time'], ['stops with PTO engaged', 'stops'], ['payload', 'axle 3 load'], ['total operation time', 'PTO operation time', 'idle time', 'driving time']];Llama-8;"def r1(driving_time: float, total_operation_time: float) -> bool:
    if driving_time <= total_operation_time:
        return True
    else:
        return False

def r2(pto_stops: int, total_stops: int) -> bool:
    if pto_stops <= total_stops:
        return True
    else:
        return False

def r3(payload: float, axle3_load: float) -> bool:
    if payload <= axle3_load:
        return True
    else:
        return False

def r4(total_operation_time: float, pto_operation_time: float, idle_time: float, driving_time: float) -> bool:
    if total_operation_time >= pto_operation_time + idle_time + driving_time:
        return True
    else:
        return False

def r5(arg1: float, arg2: float, arg3: float, arg4: float, arg5: float, arg6: float, arg7: float, arg8: float, arg9: float, arg10: float):
    return not(r1(arg1, arg2) and r2(arg3, arg4) and r3(arg5, arg6) and r4(arg7, arg8, arg9, arg10)), r1(arg1, arg2), r2(arg3, arg4), r3(arg5, arg6), r4(arg7, arg8, arg9, arg10)";Correct syntax;['True, True, True, False, True', 'False, True, True, True, True', 'True, False, False, True, False'];['True, True, True, False, True', 'False, True, True, True, True', 'True, False, False, True, False']
"System Message:
        You are a logician with a background in mathematics that translates natural language
        reasoning text to Python3 code so that these natural language reasoning problems can be solved.
        During the translation, please pay close attention to defining variables and rules.
        Do not add any comments from you.
        Be guided by the following example:
        Example input text:
        Textual context: If the parameter A's value is at least 20, the lowest possible value of parameter B is 5.
If the parameter C's value is at least 20, the lowest possible value of parameter D is 40.
Parameter E's value cannot be less than parameter F's value.
Parameter G's value cannot be less than parameter H's value.
Parameter I's value cannot be less than parameter J's value.

        Example Python3 code:
        # If the parameter A's value is at least 20, the lowest possible value of parameter B is 5.
def r1(a: float, b: float) -> bool:
    if b / a >= 0.25:
        return True
    else:
        return False

# If the parameter C's value is at least 20, the lowest possible value of parameter D is 40.
def r2(c: float, d: float) -> bool:
    if d / c >= 2:
        return True
    else:
        return False

# Parameter E's value cannot be less than parameter F's value.
def r3(e: float, f: float) -> bool:
    if e >= f:
        return True
    else:
        return False

# Parameter G's value cannot be less than parameter H's value.
def r4(g: float, h: float) -> bool:
    if g >= h:
        return True
    else:
        return False

# Parameter I's value cannot be less than parameter J's value.
def r5(i: float, j: float) -> bool:
    if i >= j:
        return True
    else:
        return False


        
Input text:
Textual context: Driving time must always be less than or equal to the total operation time.
Stops with PTO engaged cannot outnumber the total stops.
The load on axle 1 must not surpass the load on axle 3.";"Driving time must always be less than or equal to the total operation time.
Stops with PTO engaged cannot outnumber the total stops.
The load on axle 1 must not surpass the load on axle 3.";3;[['driving time', 'total operation time'], ['stops with PTO engaged', 'stops'], ['axle 1 load', 'axle 3 load']];Llama-8;"def r1(driving_time: float, operation_time: float) -> bool:
    if driving_time <= operation_time:
        return True
    else:
        return False

def r2(total_stops: int, pto_stops: int) -> bool:
    if pto_stops <= total_stops:
        return True
    else:
        return False

def r3(axle1_load: float, axle3_load: float) -> bool:
    if axle1_load <= axle3_load:
        return True
    else:
        return False

def r4(arg1: float, arg2: float, arg3: float, arg4: float, arg5: float, arg6: float):
    return not(r1(arg1, arg2) and r2(arg3, arg4) and r3(arg5, arg6)), r1(arg1, arg2), r2(arg3, arg4), r3(arg5, arg6)";Correct syntax;['True, True, True, False', 'False, True, True, True', 'True, False, False, True'];['True, True, False, False', 'False, True, True, True', 'True, False, True, True']
"System Message:
You are an agent which task is to correct Python3 code implementing logical rules, generated by another large language model,
so that they throw no runtime errors during program execution and correspond to the logical assumptions expressed in natural language.
To perform this task you will receive a Python3 code with valid syntax, which not correspond to the logical premises and throw runtime errors,
and these logical premises expressed in natural language, which should be translated into rules in Python3 code.
Your task is to return a valid Python3 rules for a given premises, having corrected the runtime errors.
Improvements made should mainly include defining the correct number of arguments for each function according to corresponding premise
and using inside functions the proper variables, previously defined in the function declaration.
Do not make any corrections to the last function.
Please output only a valid Python code only with comments started with #.
Do not add any additional texts, tags and comments.
Be guided by the following examples:

Example 1
# If the parameter C's value is at least 20, the lowest possible value of parameter D is 40.
def r1(c: float, d: float) -> bool:
    if c >= 20 and d / c >= 0.4:
        return True
    else:
        return False

# Parameter W value should be at least the sum of parameter X, parameter Y and parameter Z.
def r2(x: float, y: float, z: float) -> bool:
    if x + y + z >= 0:
        return True
    else:
        return False

# To identify the day as abnormal, it is enough that even one or more conditions are violated.
def r3(arg1: float, arg2: float, arg3: float, arg4: float, arg5: float, arg6: float):
    return not(r1(arg1, arg2) and r2(arg3, arg4, arg5, arg6)), r1(arg1, arg2), r2(arg3, arg4, arg5, arg6)

It is supposed to translate the following example text into rules:
If the parameter C's value is at least 20, the lowest possible value of parameter D is 40.
Parameter W value should be at least the sum of parameter X, parameter Y and parameter Z.

Code after execution returns the following error:
Traceback (most recent call last):
  File ""/home/obywatelfg/Doktorat/Badania/Logic-LLM/LLM-logic/New_val_Adapt_Task2_outputs_python_no_final_rule/Llama-8/2/python_code/2_output_python.py"", line 18, in <module>
    print(r3(2226.8, 2432.3, 0.3, 0.9, 2.7, 1.0))
  File ""/home/obywatelfg/Doktorat/Badania/Logic-LLM/LLM-logic/New_val_Adapt_Task2_outputs_python_no_final_rule/Llama-8/2/python_code/2_output_python.py"", line 16, in r3
    return not(r1(arg1, arg2) and r2(arg3, arg4, arg5, arg6)), r1(arg1, arg2), r2(arg3, arg4, arg5, arg6)
TypeError: r2() takes 3 positional arguments but 4 were given

Please correct the code.

The corrected code should be the following:
# If the parameter C's value is at least 20, the lowest possible value of parameter D is 40.
def r1(c: float, d: float) -> bool:
    if c >= 20 and d / c >= 0.4:
        return True
    else:
        return False

# This function lack of parameter W in a function definition and a body, where logical rule should check the proportion between param W and sum of params x, y, z.
# Parameter W value should be at least the sum of parameter X, parameter Y and parameter Z.
def r2(x: float, y: float, z: float, w: float) -> bool:
    if x + y + z <= w:
        return True
    else:
        return False

# To identify the day as abnormal, it is enough that even one or more conditions are violated.
def r3(arg1: float, arg2: float, arg3: float, arg4: float, arg5: float, arg6: float):
    return not(r1(arg1, arg2) and r2(arg3, arg4, arg5, arg6)), r1(arg1, arg2), r2(arg3, arg4, arg5, arg6)


Example 2
# If the parameter C's value is at least 20, the lowest possible value of parameter D is 40.
def r1(c: float) -> bool:
    if c >= 40 and c >= 0.4:
        return True
    else:
        return False

# Parameter T's value shouldn't be lower than parameter P's value.
def r2(t: float, p: float) -> bool:
    if t >= p:
        return True
    else:
        return False

# To identify the day as abnormal, it is enough that even one or more conditions are violated.
def r3(arg1: float, arg2: float, arg3: float, arg4: float):
    return not(r1(arg1, arg2) and r2(arg3, arg4)), r1(arg1, arg2), r2(arg3, arg4)

It is supposed to translate the following example text into rules:
If the parameter C's value is at least 20, the lowest possible value of parameter D is 40.
Parameter T's value shouldn't be lower than parameter P's value.

Code after execution returns the following error:
Traceback (most recent call last):
  File ""/home/obywatelfg/Doktorat/Badania/Logic-LLM/LLM-logic/New_val_Adapt_Task2_outputs_python_no_final_rule/Llama-8/4/python_code/121_output_python.py"", line 32, in <module>
    print(r5(227.70000000000002, 75.9, 9.5, 1.9, 7203.1, 6652.3, 10268.5, 8400.7))
  File ""/home/obywatelfg/Doktorat/Badania/Logic-LLM/LLM-logic/New_val_Adapt_Task2_outputs_python_no_final_rule/Llama-8/4/python_code/121_output_python.py"", line 30, in r5
    return not(r1(arg1, arg2) and r2(arg3, arg4) and r3(arg5, arg6) and r4(arg7, arg8)), r1(arg1, arg2), r2(arg3, arg4), r3(arg5, arg6), r4(arg7, arg8)
TypeError: r1() takes 1 positional argument but 2 were given

Please correct the code.

The corrected code should be the following:
# If the parameter C's value is at least 20, the lowest possible value of parameter D is 40.
def r1(c: float, d: float) -> bool:
    if d / c >= 2:
        return True
    else:
        return False

# Parameter T's value shouldn't be lower than parameter P's value.
def r2(t: float, p: float) -> bool:
    if t >= p:
        return True
    else:
        return False

# To identify the day as abnormal, it is enough that even one or more conditions are violated.
def r3(arg1: float, arg2: float, arg3: float, arg4: float):
    return not(r1(arg1, arg2) and r2(arg3, arg4)), r1(arg1, arg2), r2(arg3, arg4)


The input for your task:
This is the Python3 code which not correspond to the given logical premises:
def r1(o: float, p: float) -> bool:
    if o <= p:
        return True
    else:
        return False

def r2(q: float, r: float) -> bool:
    if q >= r:
        return True
    else:
        return False

def r3(s: float, t: float) -> bool:
    if s <= t:
        return True
    else:
        return False

def r4(arg1: float, arg2: float, arg3: float, arg4: float, arg5: float, arg6: float, arg7: float, arg8: float):
    return not(r1(arg1, arg2) and r2(arg3, arg4) and r3(arg5, arg6, arg7, arg8)), r1(arg1, arg2), r2(arg3, arg4), r3(arg5, arg6, arg7, arg8)

It is supposed to translate the following text into rules:
The load on axle 1 must not surpass the load on axle 3.
Axle 2's load must always be equal to or greater than the payload.
The combined time for PTO operation, idle time, and driving time must not surpass the total operation time.

Code after execution returns the following error:
Traceback (most recent call last):
  File ""/home/frank/Doktorat/ExKLoP/saved_outputs/Task2_syntax_outputs/Llama-8/3/python_code/183_output_python.py"", line 22, in <module>
    print(r4(4270.1, 2362.5, 7.7, 51.6, 0.3, 1.0, 0.7, 2.1))
  File ""/home/frank/Doktorat/ExKLoP/saved_outputs/Task2_syntax_outputs/Llama-8/3/python_code/183_output_python.py"", line 20, in r4
    return not(r1(arg1, arg2) and r2(arg3, arg4) and r3(arg5, arg6, arg7, arg8)), r1(arg1, arg2), r2(arg3, arg4), r3(arg5, arg6, arg7, arg8)
TypeError: r3() takes 2 positional arguments but 4 were given


Please correct the code.   ";"The load on axle 1 must not surpass the load on axle 3.
Axle 2's load must always be equal to or greater than the payload.
The combined time for PTO operation, idle time, and driving time must not surpass the total operation time.";3;[['axle 1 load', 'axle 3 load'], ['axle 2 load', 'payload'], ['PTO operation time', 'idle time', 'driving time', 'total operation time']];Llama-8;"def r1(o: float, p: float) -> bool:
    if o <= p:
        return True
    else:
        return False

def r2(q: float, r: float) -> bool:
    if q >= r:
        return True
    else:
        return False

def r3(t: float, s: float) -> bool:
    if t + s <= s:
        return True
    else:
        return False

def r4(arg1: float, arg2: float, arg3: float, arg4: float, arg5: float, arg6: float, arg7: float, arg8: float):
    return not(r1(arg1, arg2) and r2(arg3, arg4) and r3(arg5, arg6, arg7, arg8)), r1(arg1, arg2), r2(arg3, arg4), r3(arg5, arg6, arg7, arg8)";Correct syntax;Error;"Traceback (most recent call last):
  File ""/home/frank/Doktorat/ExKLoP/saved_outputs/Task2_runtime_outputs/Llama-8/3/python_code/183_output_python.py"", line 22, in <module>
    print(r4(4270.1, 2362.5, 7.7, 51.6, 0.3, 1.0, 0.7, 2.1))
  File ""/home/frank/Doktorat/ExKLoP/saved_outputs/Task2_runtime_outputs/Llama-8/3/python_code/183_output_python.py"", line 20, in r4
    return not(r1(arg1, arg2) and r2(arg3, arg4) and r3(arg5, arg6, arg7, arg8)), r1(arg1, arg2), r2(arg3, arg4), r3(arg5, arg6, arg7, arg8)
TypeError: r3() takes 2 positional arguments but 4 were given
"
"System Message:
        You are a logician with a background in mathematics that translates natural language
        reasoning text to Python3 code so that these natural language reasoning problems can be solved.
        During the translation, please pay close attention to defining variables and rules.
        Do not add any comments from you.
        Be guided by the following example:
        Example input text:
        Textual context: If the parameter A's value is at least 20, the lowest possible value of parameter B is 5.
If the parameter C's value is at least 20, the lowest possible value of parameter D is 40.
Parameter E's value cannot be less than parameter F's value.
Parameter G's value cannot be less than parameter H's value.
Parameter I's value cannot be less than parameter J's value.

        Example Python3 code:
        # If the parameter A's value is at least 20, the lowest possible value of parameter B is 5.
def r1(a: float, b: float) -> bool:
    if b / a >= 0.25:
        return True
    else:
        return False

# If the parameter C's value is at least 20, the lowest possible value of parameter D is 40.
def r2(c: float, d: float) -> bool:
    if d / c >= 2:
        return True
    else:
        return False

# Parameter E's value cannot be less than parameter F's value.
def r3(e: float, f: float) -> bool:
    if e >= f:
        return True
    else:
        return False

# Parameter G's value cannot be less than parameter H's value.
def r4(g: float, h: float) -> bool:
    if g >= h:
        return True
    else:
        return False

# Parameter I's value cannot be less than parameter J's value.
def r5(i: float, j: float) -> bool:
    if i >= j:
        return True
    else:
        return False


        
Input text:
Textual context: The total operation duration must not be lower than the idle time.
The weight on axle 1 cannot surpass the weight on axle 2.
Axle 2's load must always be equal to or greater than the payload.";"The total operation duration must not be lower than the idle time.
The weight on axle 1 cannot surpass the weight on axle 2.
Axle 2's load must always be equal to or greater than the payload.";3;[['total operation time', 'idle time'], ['axle 1 load', 'axle 2 load'], ['axle 2 load', 'payload']];Llama-8;"def r1(operation: float, idle: float) -> bool:
    if operation >= idle:
        return True
    else:
        return False

def r2(axle1: float, axle2: float) -> bool:
    if axle1 <= axle2:
        return True
    else:
        return False

def r3(axle2: float, payload: float) -> bool:
    if axle2 >= payload:
        return True
    else:
        return False

def r4(arg1: float, arg2: float, arg3: float, arg4: float, arg5: float, arg6: float):
    return not(r1(arg1, arg2) and r2(arg3, arg4) and r3(arg5, arg6)), r1(arg1, arg2), r2(arg3, arg4), r3(arg5, arg6)";Correct syntax;['True, True, False, False', 'False, True, True, True', 'True, False, True, True'];['True, True, False, False', 'False, True, True, True', 'True, False, True, True']
"System Message:
        You are a logician with a background in mathematics that translates natural language
        reasoning text to Python3 code so that these natural language reasoning problems can be solved.
        During the translation, please pay close attention to defining variables and rules.
        Do not add any comments from you.
        Be guided by the following example:
        Example input text:
        Textual context: If the parameter A's value is at least 20, the lowest possible value of parameter B is 5.
If the parameter C's value is at least 20, the lowest possible value of parameter D is 40.
Parameter E's value cannot be less than parameter F's value.
Parameter G's value cannot be less than parameter H's value.
Parameter I's value cannot be less than parameter J's value.

        Example Python3 code:
        # If the parameter A's value is at least 20, the lowest possible value of parameter B is 5.
def r1(a: float, b: float) -> bool:
    if b / a >= 0.25:
        return True
    else:
        return False

# If the parameter C's value is at least 20, the lowest possible value of parameter D is 40.
def r2(c: float, d: float) -> bool:
    if d / c >= 2:
        return True
    else:
        return False

# Parameter E's value cannot be less than parameter F's value.
def r3(e: float, f: float) -> bool:
    if e >= f:
        return True
    else:
        return False

# Parameter G's value cannot be less than parameter H's value.
def r4(g: float, h: float) -> bool:
    if g >= h:
        return True
    else:
        return False

# Parameter I's value cannot be less than parameter J's value.
def r5(i: float, j: float) -> bool:
    if i >= j:
        return True
    else:
        return False


        
Input text:
Textual context: PTO operation time should be less than or equal to the total operation time.
Total operation time shouldn’t be lower than idle time.
The number of stops where PTO is engaged must not exceed the overall stop count.
The weight on axle 1 cannot surpass the weight on axle 2.";"PTO operation time should be less than or equal to the total operation time.
Total operation time shouldn’t be lower than idle time.
The number of stops where PTO is engaged must not exceed the overall stop count.
The weight on axle 1 cannot surpass the weight on axle 2.";4;[['PTO operation time', 'total operation time'], ['total operation time', 'idle time'], ['stops with PTO engaged', 'stops'], ['axle 1 load', 'axle 2 load']];Llama-8;"def r1(pto: float, total: float) -> bool:
    if pto <= total:
        return True
    else:
        return False

def r2(total: float, idle: float) -> bool:
    if total >= idle:
        return True
    else:
        return False

def r3(pto_stops: int, overall_stops: int) -> bool:
    if pto_stops <= overall_stops:
        return True
    else:
        return False

def r4(axle1: float, axle2: float) -> bool:
    if axle1 <= axle2:
        return True
    else:
        return False

def r5(arg1: float, arg2: float, arg3: float, arg4: float, arg5: float, arg6: float, arg7: float, arg8: float):
    return not(r1(arg1, arg2) and r2(arg3, arg4) and r3(arg5, arg6) and r4(arg7, arg8)), r1(arg1, arg2), r2(arg3, arg4), r3(arg5, arg6), r4(arg7, arg8)";Correct syntax;['True, True, True, True, False', 'False, True, True, True, True', 'True, False, False, False, True'];['True, True, True, True, False', 'False, True, True, True, True', 'True, False, False, False, True']
"System Message:
        You are a logician with a background in mathematics that translates natural language
        reasoning text to Python3 code so that these natural language reasoning problems can be solved.
        During the translation, please pay close attention to defining variables and rules.
        Do not add any comments from you.
        Be guided by the following example:
        Example input text:
        Textual context: If the parameter A's value is at least 20, the lowest possible value of parameter B is 5.
If the parameter C's value is at least 20, the lowest possible value of parameter D is 40.
Parameter E's value cannot be less than parameter F's value.
Parameter G's value cannot be less than parameter H's value.
Parameter I's value cannot be less than parameter J's value.

        Example Python3 code:
        # If the parameter A's value is at least 20, the lowest possible value of parameter B is 5.
def r1(a: float, b: float) -> bool:
    if b / a >= 0.25:
        return True
    else:
        return False

# If the parameter C's value is at least 20, the lowest possible value of parameter D is 40.
def r2(c: float, d: float) -> bool:
    if d / c >= 2:
        return True
    else:
        return False

# Parameter E's value cannot be less than parameter F's value.
def r3(e: float, f: float) -> bool:
    if e >= f:
        return True
    else:
        return False

# Parameter G's value cannot be less than parameter H's value.
def r4(g: float, h: float) -> bool:
    if g >= h:
        return True
    else:
        return False

# Parameter I's value cannot be less than parameter J's value.
def r5(i: float, j: float) -> bool:
    if i >= j:
        return True
    else:
        return False


        
Input text:
Textual context: Idle time must always be less than or equal to the total operation time.
Driving time must always be less than or equal to the total operation time.
The load supported by axle 1 cannot exceed that of axle 2.
The payload must not exceed the load carried by axle 2.";"Idle time must always be less than or equal to the total operation time.
Driving time must always be less than or equal to the total operation time.
The load supported by axle 1 cannot exceed that of axle 2.
The payload must not exceed the load carried by axle 2.";4;[['idle time', 'total operation time'], ['driving time', 'total operation time'], ['axle 1 load', 'axle 2 load'], ['payload', 'axle 2 load']];Llama-8;"def r1(idle_time: float, total_operation_time: float) -> bool:
    if idle_time <= total_operation_time:
        return True
    else:
        return False

def r2(driving_time: float, total_operation_time: float) -> bool:
    if driving_time <= total_operation_time:
        return True
    else:
        return False

def r3(axle1_load: float, axle2_load: float) -> bool:
    if axle1_load <= axle2_load:
        return True
    else:
        return False

def r4(payload: float, axle2_load: float) -> bool:
    if payload <= axle2_load:
        return True
    else:
        return False

def r5(arg1: float, arg2: float, arg3: float, arg4: float, arg5: float, arg6: float, arg7: float, arg8: float):
    return not(r1(arg1, arg2) and r2(arg3, arg4) and r3(arg5, arg6) and r4(arg7, arg8)), r1(arg1, arg2), r2(arg3, arg4), r3(arg5, arg6), r4(arg7, arg8)";Correct syntax;['True, True, True, False, False', 'False, True, True, True, True', 'True, False, False, True, True'];['True, True, True, False, False', 'False, True, True, True, True', 'True, False, False, True, True']
"System Message:
        You are a logician with a background in mathematics that translates natural language
        reasoning text to Python3 code so that these natural language reasoning problems can be solved.
        During the translation, please pay close attention to defining variables and rules.
        Do not add any comments from you.
        Be guided by the following example:
        Example input text:
        Textual context: If the parameter A's value is at least 20, the lowest possible value of parameter B is 5.
If the parameter C's value is at least 20, the lowest possible value of parameter D is 40.
Parameter E's value cannot be less than parameter F's value.
Parameter G's value cannot be less than parameter H's value.
Parameter I's value cannot be less than parameter J's value.

        Example Python3 code:
        # If the parameter A's value is at least 20, the lowest possible value of parameter B is 5.
def r1(a: float, b: float) -> bool:
    if b / a >= 0.25:
        return True
    else:
        return False

# If the parameter C's value is at least 20, the lowest possible value of parameter D is 40.
def r2(c: float, d: float) -> bool:
    if d / c >= 2:
        return True
    else:
        return False

# Parameter E's value cannot be less than parameter F's value.
def r3(e: float, f: float) -> bool:
    if e >= f:
        return True
    else:
        return False

# Parameter G's value cannot be less than parameter H's value.
def r4(g: float, h: float) -> bool:
    if g >= h:
        return True
    else:
        return False

# Parameter I's value cannot be less than parameter J's value.
def r5(i: float, j: float) -> bool:
    if i >= j:
        return True
    else:
        return False


        
Input text:
Textual context: Driving time should be less than or equal to the total operation time.
The total stop count must not be lower than the count of stops where PTO is engaged.
The load carried by axle 1 must be smaller than or equal to the load on axle 2.";"Driving time should be less than or equal to the total operation time.
The total stop count must not be lower than the count of stops where PTO is engaged.
The load carried by axle 1 must be smaller than or equal to the load on axle 2.";3;[['driving time', 'total operation time'], ['stops', 'stops with PTO engaged'], ['axle 1 load', 'axle 2 load']];Llama-8;"def r1(driving_time: float, operation_time: float) -> bool:
    if driving_time > operation_time:
        return False
    else:
        return True

def r2(total_stops: int, pto_stops: int) -> bool:
    if total_stops < pto_stops:
        return False
    else:
        return True

def r3(axle1_load: float, axle2_load: float) -> bool:
    if axle1_load > axle2_load:
        return False
    else:
        return True

def r4(arg1: float, arg2: float, arg3: float, arg4: float, arg5: float, arg6: float):
    return not(r1(arg1, arg2) and r2(arg3, arg4) and r3(arg5, arg6)), r1(arg1, arg2), r2(arg3, arg4), r3(arg5, arg6)";Correct syntax;['True, True, True, False', 'False, True, True, True', 'True, False, False, True'];['True, True, True, False', 'False, True, True, True', 'True, False, False, True']
"System Message:
        You are a logician with a background in mathematics that translates natural language
        reasoning text to Python3 code so that these natural language reasoning problems can be solved.
        During the translation, please pay close attention to defining variables and rules.
        Do not add any comments from you.
        Be guided by the following example:
        Example input text:
        Textual context: If the parameter A's value is at least 20, the lowest possible value of parameter B is 5.
If the parameter C's value is at least 20, the lowest possible value of parameter D is 40.
Parameter E's value cannot be less than parameter F's value.
Parameter G's value cannot be less than parameter H's value.
Parameter I's value cannot be less than parameter J's value.

        Example Python3 code:
        # If the parameter A's value is at least 20, the lowest possible value of parameter B is 5.
def r1(a: float, b: float) -> bool:
    if b / a >= 0.25:
        return True
    else:
        return False

# If the parameter C's value is at least 20, the lowest possible value of parameter D is 40.
def r2(c: float, d: float) -> bool:
    if d / c >= 2:
        return True
    else:
        return False

# Parameter E's value cannot be less than parameter F's value.
def r3(e: float, f: float) -> bool:
    if e >= f:
        return True
    else:
        return False

# Parameter G's value cannot be less than parameter H's value.
def r4(g: float, h: float) -> bool:
    if g >= h:
        return True
    else:
        return False

# Parameter I's value cannot be less than parameter J's value.
def r5(i: float, j: float) -> bool:
    if i >= j:
        return True
    else:
        return False


        
Input text:
Textual context: Idle time cannot be greater than the total operation time.
Driving time must always be less than or equal to the total operation time.
Stops with PTO engaged cannot outnumber the total stops.
Axle 2's load must always be equal to or greater than the payload.
The combined time for PTO operation, idle time, and driving time must not surpass the total operation time.";"Idle time cannot be greater than the total operation time.
Driving time must always be less than or equal to the total operation time.
Stops with PTO engaged cannot outnumber the total stops.
Axle 2's load must always be equal to or greater than the payload.
The combined time for PTO operation, idle time, and driving time must not surpass the total operation time.";5;[['idle time', 'total operation time'], ['driving time', 'total operation time'], ['stops with PTO engaged', 'stops'], ['axle 2 load', 'payload'], ['PTO operation time', 'idle time', 'driving time', 'total operation time']];Llama-8;"def r1(idle_time: float, total_operation_time: float) -> bool:
    if idle_time <= total_operation_time:
        return True
    else:
        return False

def r2(driving_time: float, total_operation_time: float) -> bool:
    if driving_time <= total_operation_time:
        return True
    else:
        return False

def r3(pto_stops: int, total_stops: int) -> bool:
    if pto_stops <= total_stops:
        return True
    else:
        return False

def r4(axle2_load: float, payload: float) -> bool:
    if axle2_load >= payload:
        return True
    else:
        return False

def r5(pto_operation_time: float, idle_time: float, driving_time: float, total_operation_time: float) -> bool:
    if pto_operation_time + idle_time + driving_time <= total_operation_time:
        return True
    else:
        return False

def r6(arg1: float, arg2: float, arg3: float, arg4: float, arg5: float, arg6: float, arg7: float, arg8: float, arg9: float, arg10: float, arg11: float, arg12: float):
    return not(r1(arg1, arg2) and r2(arg3, arg4) and r3(arg5, arg6) and r4(arg7, arg8) and r5(arg9, arg10, arg11, arg12)), r1(arg1, arg2), r2(arg3, arg4), r3(arg5, arg6), r4(arg7, arg8), r5(arg9, arg10, arg11, arg12)";Correct syntax;['True, True, True, True, False, True', 'False, True, True, True, True, True', 'True, False, False, False, True, False'];['True, True, True, True, False, True', 'False, True, True, True, True, True', 'True, False, False, False, True, False']
"System Message:
        You are a logician with a background in mathematics that translates natural language
        reasoning text to Python3 code so that these natural language reasoning problems can be solved.
        During the translation, please pay close attention to defining variables and rules.
        Do not add any comments from you.
        Be guided by the following example:
        Example input text:
        Textual context: If the parameter A's value is at least 20, the lowest possible value of parameter B is 5.
If the parameter C's value is at least 20, the lowest possible value of parameter D is 40.
Parameter E's value cannot be less than parameter F's value.
Parameter G's value cannot be less than parameter H's value.
Parameter I's value cannot be less than parameter J's value.

        Example Python3 code:
        # If the parameter A's value is at least 20, the lowest possible value of parameter B is 5.
def r1(a: float, b: float) -> bool:
    if b / a >= 0.25:
        return True
    else:
        return False

# If the parameter C's value is at least 20, the lowest possible value of parameter D is 40.
def r2(c: float, d: float) -> bool:
    if d / c >= 2:
        return True
    else:
        return False

# Parameter E's value cannot be less than parameter F's value.
def r3(e: float, f: float) -> bool:
    if e >= f:
        return True
    else:
        return False

# Parameter G's value cannot be less than parameter H's value.
def r4(g: float, h: float) -> bool:
    if g >= h:
        return True
    else:
        return False

# Parameter I's value cannot be less than parameter J's value.
def r5(i: float, j: float) -> bool:
    if i >= j:
        return True
    else:
        return False


        
Input text:
Textual context: The total operation duration must not be lower than the PTO operation time.
Driving time must always be less than or equal to the total operation time.
The payload cannot exceed the capacity of axle 3.
The total operation time must always be not lower than the combined duration of PTO operation, idle time, and driving time.";"The total operation duration must not be lower than the PTO operation time.
Driving time must always be less than or equal to the total operation time.
The payload cannot exceed the capacity of axle 3.
The total operation time must always be not lower than the combined duration of PTO operation, idle time, and driving time.";4;[['total operation time', 'PTO operation time'], ['driving time', 'total operation time'], ['payload', 'axle 3 load'], ['total operation time', 'PTO operation time', 'idle time', 'driving time']];Llama-8;"def r1(total_time: float, pto_time: float) -> bool:
    if total_time >= pto_time:
        return True
    else:
        return False

def r2(driving_time: float, total_time: float) -> bool:
    if driving_time <= total_time:
        return True
    else:
        return False

def r3(payload: float, axle3_capacity: float) -> bool:
    if payload <= axle3_capacity:
        return True
    else:
        return False

def r4(total_time: float, pto_time: float, idle_time: float, driving_time: float) -> bool:
    if total_time >= pto_time + idle_time + driving_time:
        return True
    else:
        return False

def r5(arg1: float, arg2: float, arg3: float, arg4: float, arg5: float, arg6: float, arg7: float, arg8: float, arg9: float, arg10: float):
    return not(r1(arg1, arg2) and r2(arg3, arg4) and r3(arg5, arg6) and r4(arg7, arg8, arg9, arg10)), r1(arg1, arg2), r2(arg3, arg4), r3(arg5, arg6), r4(arg7, arg8, arg9, arg10)";Correct syntax;['True, True, True, False, True', 'False, True, True, True, True', 'True, False, False, True, False'];['True, True, True, False, True', 'False, True, True, True, True', 'True, False, False, True, False']
"System Message:
        You are a logician with a background in mathematics that translates natural language
        reasoning text to Python3 code so that these natural language reasoning problems can be solved.
        During the translation, please pay close attention to defining variables and rules.
        Do not add any comments from you.
        Be guided by the following example:
        Example input text:
        Textual context: If the parameter A's value is at least 20, the lowest possible value of parameter B is 5.
If the parameter C's value is at least 20, the lowest possible value of parameter D is 40.
Parameter E's value cannot be less than parameter F's value.
Parameter G's value cannot be less than parameter H's value.
Parameter I's value cannot be less than parameter J's value.

        Example Python3 code:
        # If the parameter A's value is at least 20, the lowest possible value of parameter B is 5.
def r1(a: float, b: float) -> bool:
    if b / a >= 0.25:
        return True
    else:
        return False

# If the parameter C's value is at least 20, the lowest possible value of parameter D is 40.
def r2(c: float, d: float) -> bool:
    if d / c >= 2:
        return True
    else:
        return False

# Parameter E's value cannot be less than parameter F's value.
def r3(e: float, f: float) -> bool:
    if e >= f:
        return True
    else:
        return False

# Parameter G's value cannot be less than parameter H's value.
def r4(g: float, h: float) -> bool:
    if g >= h:
        return True
    else:
        return False

# Parameter I's value cannot be less than parameter J's value.
def r5(i: float, j: float) -> bool:
    if i >= j:
        return True
    else:
        return False


        
Input text:
Textual context: Total operation time shouldn’t be lower than PTO operation time.
Stops with PTO engaged should never outnumber total stops.
The weight on axle 1 cannot surpass the weight on axle 3.
Axle 2's load must always be equal to or greater than the payload.
Payload must remain below or equal to the load carried by axle 3.";"Total operation time shouldn’t be lower than PTO operation time.
Stops with PTO engaged should never outnumber total stops.
The weight on axle 1 cannot surpass the weight on axle 3.
Axle 2's load must always be equal to or greater than the payload.
Payload must remain below or equal to the load carried by axle 3.";5;[['total operation time', 'PTO operation time'], ['stops with PTO engaged', 'stops'], ['axle 1 load', 'axle 3 load'], ['axle 2 load', 'payload'], ['payload', 'axle 3 load']];Llama-8;"def r1(ot: float, pto: float) -> bool:
    if ot >= pto:
        return True
    else:
        return False

def r2(t: int, p: int) -> bool:
    if t >= p:
        return True
    else:
        return False

def r3(w1: float, w3: float) -> bool:
    if w1 <= w3:
        return True
    else:
        return False

def r4(l2: float, p: float) -> bool:
    if l2 >= p:
        return True
    else:
        return False

def r5(p: float, w3: float) -> bool:
    if p <= w3:
        return True
    else:
        return False

def r6(arg1: float, arg2: float, arg3: float, arg4: float, arg5: float, arg6: float, arg7: float, arg8: float, arg9: float, arg10: float):
    return not(r1(arg1, arg2) and r2(arg3, arg4) and r3(arg5, arg6) and r4(arg7, arg8) and r5(arg9, arg10)), r1(arg1, arg2), r2(arg3, arg4), r3(arg5, arg6), r4(arg7, arg8), r5(arg9, arg10)";Correct syntax;['True, True, True, False, False, False', 'False, True, True, True, True, True', 'True, False, False, True, True, True'];['True, True, False, False, False, False', 'False, True, True, True, True, True', 'True, False, True, True, True, True']
"System Message:
        You are a logician with a background in mathematics that translates natural language
        reasoning text to Python3 code so that these natural language reasoning problems can be solved.
        During the translation, please pay close attention to defining variables and rules.
        Do not add any comments from you.
        Be guided by the following example:
        Example input text:
        Textual context: If the parameter A's value is at least 20, the lowest possible value of parameter B is 5.
If the parameter C's value is at least 20, the lowest possible value of parameter D is 40.
Parameter E's value cannot be less than parameter F's value.
Parameter G's value cannot be less than parameter H's value.
Parameter I's value cannot be less than parameter J's value.

        Example Python3 code:
        # If the parameter A's value is at least 20, the lowest possible value of parameter B is 5.
def r1(a: float, b: float) -> bool:
    if b / a >= 0.25:
        return True
    else:
        return False

# If the parameter C's value is at least 20, the lowest possible value of parameter D is 40.
def r2(c: float, d: float) -> bool:
    if d / c >= 2:
        return True
    else:
        return False

# Parameter E's value cannot be less than parameter F's value.
def r3(e: float, f: float) -> bool:
    if e >= f:
        return True
    else:
        return False

# Parameter G's value cannot be less than parameter H's value.
def r4(g: float, h: float) -> bool:
    if g >= h:
        return True
    else:
        return False

# Parameter I's value cannot be less than parameter J's value.
def r5(i: float, j: float) -> bool:
    if i >= j:
        return True
    else:
        return False


        
Input text:
Textual context: Driving time should be less than or equal to the total operation time.
The number of stops where PTO is engaged must not exceed the overall stop count.
The payload must not exceed the load carried by axle 3.";"Driving time should be less than or equal to the total operation time.
The number of stops where PTO is engaged must not exceed the overall stop count.
The payload must not exceed the load carried by axle 3.";3;[['driving time', 'total operation time'], ['stops with PTO engaged', 'stops'], ['payload', 'axle 3 load']];Llama-8;"def r1(driving_time: float, operation_time: float) -> bool:
    if driving_time <= operation_time:
        return True
    else:
        return False

def r2(pto_stops: int, overall_stops: int) -> bool:
    if pto_stops <= overall_stops:
        return True
    else:
        return False

def r3(payload: float, axle3_load: float) -> bool:
    if payload <= axle3_load:
        return True
    else:
        return False

def r4(arg1: float, arg2: float, arg3: float, arg4: float, arg5: float, arg6: float):
    return not(r1(arg1, arg2) and r2(arg3, arg4) and r3(arg5, arg6)), r1(arg1, arg2), r2(arg3, arg4), r3(arg5, arg6)";Correct syntax;['True, True, True, False', 'False, True, True, True', 'True, False, False, True'];['True, True, True, False', 'False, True, True, True', 'True, False, False, True']
"System Message:
        You are a logician with a background in mathematics that translates natural language
        reasoning text to Python3 code so that these natural language reasoning problems can be solved.
        During the translation, please pay close attention to defining variables and rules.
        Do not add any comments from you.
        Be guided by the following example:
        Example input text:
        Textual context: If the parameter A's value is at least 20, the lowest possible value of parameter B is 5.
If the parameter C's value is at least 20, the lowest possible value of parameter D is 40.
Parameter E's value cannot be less than parameter F's value.
Parameter G's value cannot be less than parameter H's value.
Parameter I's value cannot be less than parameter J's value.

        Example Python3 code:
        # If the parameter A's value is at least 20, the lowest possible value of parameter B is 5.
def r1(a: float, b: float) -> bool:
    if b / a >= 0.25:
        return True
    else:
        return False

# If the parameter C's value is at least 20, the lowest possible value of parameter D is 40.
def r2(c: float, d: float) -> bool:
    if d / c >= 2:
        return True
    else:
        return False

# Parameter E's value cannot be less than parameter F's value.
def r3(e: float, f: float) -> bool:
    if e >= f:
        return True
    else:
        return False

# Parameter G's value cannot be less than parameter H's value.
def r4(g: float, h: float) -> bool:
    if g >= h:
        return True
    else:
        return False

# Parameter I's value cannot be less than parameter J's value.
def r5(i: float, j: float) -> bool:
    if i >= j:
        return True
    else:
        return False


        
Input text:
Textual context: Idle time must always be less than or equal to the total operation time.
Driving time must always be less than or equal to the total operation time.
Stops with PTO engaged cannot outnumber the total stops.
The weight on axle 1 cannot surpass the weight on axle 2.
The payload cannot exceed the capacity of axle 2.";"Idle time must always be less than or equal to the total operation time.
Driving time must always be less than or equal to the total operation time.
Stops with PTO engaged cannot outnumber the total stops.
The weight on axle 1 cannot surpass the weight on axle 2.
The payload cannot exceed the capacity of axle 2.";5;[['idle time', 'total operation time'], ['driving time', 'total operation time'], ['stops with PTO engaged', 'stops'], ['axle 1 load', 'axle 2 load'], ['payload', 'axle 2 load']];Llama-8;"def r1(idle_time: float, total_operation_time: float) -> bool:
    if idle_time <= total_operation_time:
        return True
    else:
        return False

def r2(driving_time: float, total_operation_time: float) -> bool:
    if driving_time <= total_operation_time:
        return True
    else:
        return False

def r3(pto_stops: int, total_stops: int) -> bool:
    if pto_stops <= total_stops:
        return True
    else:
        return False

def r4(axle1_weight: float, axle2_weight: float) -> bool:
    if axle1_weight <= axle2_weight:
        return True
    else:
        return False

def r5(payload: float, axle2_capacity: float) -> bool:
    if payload <= axle2_capacity:
        return True
    else:
        return False

def r6(arg1: float, arg2: float, arg3: float, arg4: float, arg5: float, arg6: float, arg7: float, arg8: float, arg9: float, arg10: float):
    return not(r1(arg1, arg2) and r2(arg3, arg4) and r3(arg5, arg6) and r4(arg7, arg8) and r5(arg9, arg10)), r1(arg1, arg2), r2(arg3, arg4), r3(arg5, arg6), r4(arg7, arg8), r5(arg9, arg10)";Correct syntax;['True, True, True, True, False, False', 'False, True, True, True, True, True', 'True, False, False, False, True, True'];['True, True, True, True, False, False', 'False, True, True, True, True, True', 'True, False, False, False, True, True']
"System Message:
        You are a logician with a background in mathematics that translates natural language
        reasoning text to Python3 code so that these natural language reasoning problems can be solved.
        During the translation, please pay close attention to defining variables and rules.
        Do not add any comments from you.
        Be guided by the following example:
        Example input text:
        Textual context: If the parameter A's value is at least 20, the lowest possible value of parameter B is 5.
If the parameter C's value is at least 20, the lowest possible value of parameter D is 40.
Parameter E's value cannot be less than parameter F's value.
Parameter G's value cannot be less than parameter H's value.
Parameter I's value cannot be less than parameter J's value.

        Example Python3 code:
        # If the parameter A's value is at least 20, the lowest possible value of parameter B is 5.
def r1(a: float, b: float) -> bool:
    if b / a >= 0.25:
        return True
    else:
        return False

# If the parameter C's value is at least 20, the lowest possible value of parameter D is 40.
def r2(c: float, d: float) -> bool:
    if d / c >= 2:
        return True
    else:
        return False

# Parameter E's value cannot be less than parameter F's value.
def r3(e: float, f: float) -> bool:
    if e >= f:
        return True
    else:
        return False

# Parameter G's value cannot be less than parameter H's value.
def r4(g: float, h: float) -> bool:
    if g >= h:
        return True
    else:
        return False

# Parameter I's value cannot be less than parameter J's value.
def r5(i: float, j: float) -> bool:
    if i >= j:
        return True
    else:
        return False


        
Input text:
Textual context: PTO operation time must be less than or equal to the total operation time.
Idle time must always be less than or equal to the total operation time.
Total operation time should shouldn’t be lower than driving time.
The payload must not exceed the load carried by axle 2.";"PTO operation time must be less than or equal to the total operation time.
Idle time must always be less than or equal to the total operation time.
Total operation time should shouldn’t be lower than driving time.
The payload must not exceed the load carried by axle 2.";4;[['PTO operation time', 'total operation time'], ['idle time', 'total operation time'], ['total operation time', 'driving time'], ['payload', 'axle 2 load']];Llama-8;"def r1(pto_time: float, total_time: float) -> bool:
    if pto_time <= total_time:
        return True
    else:
        return False

def r2(idle_time: float, total_time: float) -> bool:
    if idle_time <= total_time:
        return True
    else:
        return False

def r3(total_time: float, driving_time: float) -> bool:
    if total_time >= driving_time:
        return True
    else:
        return False

def r4(payload: float, axle2_load: float) -> bool:
    if payload <= axle2_load:
        return True
    else:
        return False

def r5(arg1: float, arg2: float, arg3: float, arg4: float, arg5: float, arg6: float, arg7: float, arg8: float):
    return not(r1(arg1, arg2) and r2(arg3, arg4) and r3(arg5, arg6) and r4(arg7, arg8)), r1(arg1, arg2), r2(arg3, arg4), r3(arg5, arg6), r4(arg7, arg8)";Correct syntax;['True, True, True, True, False', 'False, True, True, True, True', 'True, False, False, False, True'];['True, True, True, True, False', 'False, True, True, True, True', 'True, False, False, False, True']
"System Message:
        You are a logician with a background in mathematics that translates natural language
        reasoning text to Python3 code so that these natural language reasoning problems can be solved.
        During the translation, please pay close attention to defining variables and rules.
        Do not add any comments from you.
        Be guided by the following example:
        Example input text:
        Textual context: If the parameter A's value is at least 20, the lowest possible value of parameter B is 5.
If the parameter C's value is at least 20, the lowest possible value of parameter D is 40.
Parameter E's value cannot be less than parameter F's value.
Parameter G's value cannot be less than parameter H's value.
Parameter I's value cannot be less than parameter J's value.

        Example Python3 code:
        # If the parameter A's value is at least 20, the lowest possible value of parameter B is 5.
def r1(a: float, b: float) -> bool:
    if b / a >= 0.25:
        return True
    else:
        return False

# If the parameter C's value is at least 20, the lowest possible value of parameter D is 40.
def r2(c: float, d: float) -> bool:
    if d / c >= 2:
        return True
    else:
        return False

# Parameter E's value cannot be less than parameter F's value.
def r3(e: float, f: float) -> bool:
    if e >= f:
        return True
    else:
        return False

# Parameter G's value cannot be less than parameter H's value.
def r4(g: float, h: float) -> bool:
    if g >= h:
        return True
    else:
        return False

# Parameter I's value cannot be less than parameter J's value.
def r5(i: float, j: float) -> bool:
    if i >= j:
        return True
    else:
        return False


        
Input text:
Textual context: Total operation time shouldn’t be lower than PTO operation time.
The total operation durationmust not be lower than the driving time.
The load carried by axle 1 must be smaller than or equal to the load on axle 3.";"Total operation time shouldn’t be lower than PTO operation time.
The total operation durationmust not be lower than the driving time.
The load carried by axle 1 must be smaller than or equal to the load on axle 3.";3;[['total operation time', 'PTO operation time'], ['total operation time', 'driving time'], ['axle 1 load', 'axle 3 load']];Llama-8;"def r1(total_operation_time: float, pto_operation_time: float) -> bool:
    if total_operation_time < pto_operation_time:
        return False
    else:
        return True

def r2(total_operation_duration: float, driving_time: float) -> bool:
    if total_operation_duration < driving_time:
        return False
    else:
        return True

def r3(axle1_load: float, axle3_load: float) -> bool:
    if axle1_load > axle3_load:
        return False
    else:
        return True

def r4(arg1: float, arg2: float, arg3: float, arg4: float, arg5: float, arg6: float):
    return not(r1(arg1, arg2) and r2(arg3, arg4) and r3(arg5, arg6)), r1(arg1, arg2), r2(arg3, arg4), r3(arg5, arg6)";Correct syntax;['True, True, True, False', 'False, True, True, True', 'True, False, False, True'];['True, True, True, False', 'False, True, True, True', 'True, False, False, True']
"System Message:
        You are a logician with a background in mathematics that translates natural language
        reasoning text to Python3 code so that these natural language reasoning problems can be solved.
        During the translation, please pay close attention to defining variables and rules.
        Do not add any comments from you.
        Be guided by the following example:
        Example input text:
        Textual context: If the parameter A's value is at least 20, the lowest possible value of parameter B is 5.
If the parameter C's value is at least 20, the lowest possible value of parameter D is 40.
Parameter E's value cannot be less than parameter F's value.
Parameter G's value cannot be less than parameter H's value.
Parameter I's value cannot be less than parameter J's value.

        Example Python3 code:
        # If the parameter A's value is at least 20, the lowest possible value of parameter B is 5.
def r1(a: float, b: float) -> bool:
    if b / a >= 0.25:
        return True
    else:
        return False

# If the parameter C's value is at least 20, the lowest possible value of parameter D is 40.
def r2(c: float, d: float) -> bool:
    if d / c >= 2:
        return True
    else:
        return False

# Parameter E's value cannot be less than parameter F's value.
def r3(e: float, f: float) -> bool:
    if e >= f:
        return True
    else:
        return False

# Parameter G's value cannot be less than parameter H's value.
def r4(g: float, h: float) -> bool:
    if g >= h:
        return True
    else:
        return False

# Parameter I's value cannot be less than parameter J's value.
def r5(i: float, j: float) -> bool:
    if i >= j:
        return True
    else:
        return False


        
Input text:
Textual context: PTO operation time should be less than or equal to the total operation time.
Driving time cannot be greater than the total operation time.
The combined time for PTO operation, idle time, and driving time must not surpass the total operation time.";"PTO operation time should be less than or equal to the total operation time.
Driving time cannot be greater than the total operation time.
The combined time for PTO operation, idle time, and driving time must not surpass the total operation time.";3;[['PTO operation time', 'total operation time'], ['driving time', 'total operation time'], ['PTO operation time', 'idle time', 'driving time', 'total operation time']];Llama-8;"def r1(o: float, p: float) -> bool:
    if o <= p:
        return True
    else:
        return False

def r2(q: float, r: float) -> bool:
    if q <= r:
        return True
    else:
        return False

def r3(s: float, t: float, u: float, v: float) -> bool:
    if s + t + u <= v:
        return True
    else:
        return False

def r4(arg1: float, arg2: float, arg3: float, arg4: float, arg5: float, arg6: float, arg7: float, arg8: float):
    return not(r1(arg1, arg2) and r2(arg3, arg4) and r3(arg5, arg6, arg7, arg8)), r1(arg1, arg2), r2(arg3, arg4), r3(arg5, arg6, arg7, arg8)";Correct syntax;['False, True, True, True', 'False, True, True, True', 'True, False, False, False'];['False, True, True, True', 'False, True, True, True', 'True, False, False, False']
"System Message:
        You are a logician with a background in mathematics that translates natural language
        reasoning text to Python3 code so that these natural language reasoning problems can be solved.
        During the translation, please pay close attention to defining variables and rules.
        Do not add any comments from you.
        Be guided by the following example:
        Example input text:
        Textual context: If the parameter A's value is at least 20, the lowest possible value of parameter B is 5.
If the parameter C's value is at least 20, the lowest possible value of parameter D is 40.
Parameter E's value cannot be less than parameter F's value.
Parameter G's value cannot be less than parameter H's value.
Parameter I's value cannot be less than parameter J's value.

        Example Python3 code:
        # If the parameter A's value is at least 20, the lowest possible value of parameter B is 5.
def r1(a: float, b: float) -> bool:
    if b / a >= 0.25:
        return True
    else:
        return False

# If the parameter C's value is at least 20, the lowest possible value of parameter D is 40.
def r2(c: float, d: float) -> bool:
    if d / c >= 2:
        return True
    else:
        return False

# Parameter E's value cannot be less than parameter F's value.
def r3(e: float, f: float) -> bool:
    if e >= f:
        return True
    else:
        return False

# Parameter G's value cannot be less than parameter H's value.
def r4(g: float, h: float) -> bool:
    if g >= h:
        return True
    else:
        return False

# Parameter I's value cannot be less than parameter J's value.
def r5(i: float, j: float) -> bool:
    if i >= j:
        return True
    else:
        return False


        
Input text:
Textual context: PTO operation time cannot be greater than the total operation time.
Axle 1's load cannot exceed Axle 2's load.
The weight on axle 1 cannot surpass the weight on axle 3.
Total operation time must be greater than or equal to the sum of PTO operation, idle, and driving times.";"PTO operation time cannot be greater than the total operation time.
Axle 1's load cannot exceed Axle 2's load.
The weight on axle 1 cannot surpass the weight on axle 3.
Total operation time must be greater than or equal to the sum of PTO operation, idle, and driving times.";4;[['PTO operation time', 'total operation time'], ['axle 1 load', 'axle 2 load'], ['axle 1 load', 'axle 3 load'], ['total operation time', 'PTO operation time', 'idle time', 'driving time']];Llama-8;"def r1(pto: float, total: float) -> bool:
    if pto <= total:
        return True
    else:
        return False

def r2(axle1: float, axle2: float) -> bool:
    if axle1 <= axle2:
        return True
    else:
        return False

def r3(axle1: float, axle3: float) -> bool:
    if axle1 <= axle3:
        return True
    else:
        return False

def r4(total: float, pto: float, idle: float, driving: float) -> bool:
    if total >= pto + idle + driving:
        return True
    else:
        return False

def r5(arg1: float, arg2: float, arg3: float, arg4: float, arg5: float, arg6: float, arg7: float, arg8: float, arg9: float, arg10: float):
    return not(r1(arg1, arg2) and r2(arg3, arg4) and r3(arg5, arg6) and r4(arg7, arg8, arg9, arg10)), r1(arg1, arg2), r2(arg3, arg4), r3(arg5, arg6), r4(arg7, arg8, arg9, arg10)";Correct syntax;['True, True, False, False, True', 'False, True, True, True, True', 'True, False, True, True, False'];['True, True, False, False, True', 'False, True, True, True, True', 'True, False, True, True, False']
"System Message:
        You are a logician with a background in mathematics that translates natural language
        reasoning text to Python3 code so that these natural language reasoning problems can be solved.
        During the translation, please pay close attention to defining variables and rules.
        Do not add any comments from you.
        Be guided by the following example:
        Example input text:
        Textual context: If the parameter A's value is at least 20, the lowest possible value of parameter B is 5.
If the parameter C's value is at least 20, the lowest possible value of parameter D is 40.
Parameter E's value cannot be less than parameter F's value.
Parameter G's value cannot be less than parameter H's value.
Parameter I's value cannot be less than parameter J's value.

        Example Python3 code:
        # If the parameter A's value is at least 20, the lowest possible value of parameter B is 5.
def r1(a: float, b: float) -> bool:
    if b / a >= 0.25:
        return True
    else:
        return False

# If the parameter C's value is at least 20, the lowest possible value of parameter D is 40.
def r2(c: float, d: float) -> bool:
    if d / c >= 2:
        return True
    else:
        return False

# Parameter E's value cannot be less than parameter F's value.
def r3(e: float, f: float) -> bool:
    if e >= f:
        return True
    else:
        return False

# Parameter G's value cannot be less than parameter H's value.
def r4(g: float, h: float) -> bool:
    if g >= h:
        return True
    else:
        return False

# Parameter I's value cannot be less than parameter J's value.
def r5(i: float, j: float) -> bool:
    if i >= j:
        return True
    else:
        return False


        
Input text:
Textual context: Idle time must always be less than or equal to the total operation time.
Driving time should be less than or equal to the total operation time.
Axle 1's load cannot exceed Axle 3's load.
The combined time for PTO operation, idle time, and driving time must not surpass the total operation time.";"Idle time must always be less than or equal to the total operation time.
Driving time should be less than or equal to the total operation time.
Axle 1's load cannot exceed Axle 3's load.
The combined time for PTO operation, idle time, and driving time must not surpass the total operation time.";4;[['idle time', 'total operation time'], ['driving time', 'total operation time'], ['axle 1 load', 'axle 3 load'], ['PTO operation time', 'idle time', 'driving time', 'total operation time']];Llama-8;"def r1(idle_time: float, total_operation_time: float) -> bool:
    if idle_time <= total_operation_time:
        return True
    else:
        return False

def r2(driving_time: float, total_operation_time: float) -> bool:
    if driving_time <= total_operation_time:
        return True
    else:
        return False

def r3(axle1_load: float, axle3_load: float) -> bool:
    if axle1_load <= axle3_load:
        return True
    else:
        return False

def r4(pto_operation_time: float, idle_time: float, driving_time: float, total_operation_time: float) -> bool:
    if pto_operation_time + idle_time + driving_time <= total_operation_time:
        return True
    else:
        return False

def r5(arg1: float, arg2: float, arg3: float, arg4: float, arg5: float, arg6: float, arg7: float, arg8: float, arg9: float, arg10: float):
    return not(r1(arg1, arg2) and r2(arg3, arg4) and r3(arg5, arg6) and r4(arg7, arg8, arg9, arg10)), r1(arg1, arg2), r2(arg3, arg4), r3(arg5, arg6), r4(arg7, arg8, arg9, arg10)";Correct syntax;['True, True, True, False, True', 'False, True, True, True, True', 'True, False, False, True, False'];['True, True, True, False, True', 'False, True, True, True, True', 'True, False, False, True, False']
"System Message:
You are an agent which task is to correct Python3 code implementing logical rules, generated by another large language model,
so that they throw no runtime errors during program execution and correspond to the logical assumptions expressed in natural language.
To perform this task you will receive a Python3 code with valid syntax, which not correspond to the logical premises and throw runtime errors,
and these logical premises expressed in natural language, which should be translated into rules in Python3 code.
Your task is to return a valid Python3 rules for a given premises, having corrected the runtime errors.
Improvements made should mainly include defining the correct number of arguments for each function according to corresponding premise
and using inside functions the proper variables, previously defined in the function declaration.
Do not make any corrections to the last function.
Please output only a valid Python code only with comments started with #.
Do not add any additional texts, tags and comments.
Be guided by the following examples:

Example 1
# If the parameter C's value is at least 20, the lowest possible value of parameter D is 40.
def r1(c: float, d: float) -> bool:
    if c >= 20 and d / c >= 0.4:
        return True
    else:
        return False

# Parameter W value should be at least the sum of parameter X, parameter Y and parameter Z.
def r2(x: float, y: float, z: float) -> bool:
    if x + y + z >= 0:
        return True
    else:
        return False

# To identify the day as abnormal, it is enough that even one or more conditions are violated.
def r3(arg1: float, arg2: float, arg3: float, arg4: float, arg5: float, arg6: float):
    return not(r1(arg1, arg2) and r2(arg3, arg4, arg5, arg6)), r1(arg1, arg2), r2(arg3, arg4, arg5, arg6)

It is supposed to translate the following example text into rules:
If the parameter C's value is at least 20, the lowest possible value of parameter D is 40.
Parameter W value should be at least the sum of parameter X, parameter Y and parameter Z.

Code after execution returns the following error:
Traceback (most recent call last):
  File ""/home/obywatelfg/Doktorat/Badania/Logic-LLM/LLM-logic/New_val_Adapt_Task2_outputs_python_no_final_rule/Llama-8/2/python_code/2_output_python.py"", line 18, in <module>
    print(r3(2226.8, 2432.3, 0.3, 0.9, 2.7, 1.0))
  File ""/home/obywatelfg/Doktorat/Badania/Logic-LLM/LLM-logic/New_val_Adapt_Task2_outputs_python_no_final_rule/Llama-8/2/python_code/2_output_python.py"", line 16, in r3
    return not(r1(arg1, arg2) and r2(arg3, arg4, arg5, arg6)), r1(arg1, arg2), r2(arg3, arg4, arg5, arg6)
TypeError: r2() takes 3 positional arguments but 4 were given

Please correct the code.

The corrected code should be the following:
# If the parameter C's value is at least 20, the lowest possible value of parameter D is 40.
def r1(c: float, d: float) -> bool:
    if c >= 20 and d / c >= 0.4:
        return True
    else:
        return False

# This function lack of parameter W in a function definition and a body, where logical rule should check the proportion between param W and sum of params x, y, z.
# Parameter W value should be at least the sum of parameter X, parameter Y and parameter Z.
def r2(x: float, y: float, z: float, w: float) -> bool:
    if x + y + z <= w:
        return True
    else:
        return False

# To identify the day as abnormal, it is enough that even one or more conditions are violated.
def r3(arg1: float, arg2: float, arg3: float, arg4: float, arg5: float, arg6: float):
    return not(r1(arg1, arg2) and r2(arg3, arg4, arg5, arg6)), r1(arg1, arg2), r2(arg3, arg4, arg5, arg6)


Example 2
# If the parameter C's value is at least 20, the lowest possible value of parameter D is 40.
def r1(c: float) -> bool:
    if c >= 40 and c >= 0.4:
        return True
    else:
        return False

# Parameter T's value shouldn't be lower than parameter P's value.
def r2(t: float, p: float) -> bool:
    if t >= p:
        return True
    else:
        return False

# To identify the day as abnormal, it is enough that even one or more conditions are violated.
def r3(arg1: float, arg2: float, arg3: float, arg4: float):
    return not(r1(arg1, arg2) and r2(arg3, arg4)), r1(arg1, arg2), r2(arg3, arg4)

It is supposed to translate the following example text into rules:
If the parameter C's value is at least 20, the lowest possible value of parameter D is 40.
Parameter T's value shouldn't be lower than parameter P's value.

Code after execution returns the following error:
Traceback (most recent call last):
  File ""/home/obywatelfg/Doktorat/Badania/Logic-LLM/LLM-logic/New_val_Adapt_Task2_outputs_python_no_final_rule/Llama-8/4/python_code/121_output_python.py"", line 32, in <module>
    print(r5(227.70000000000002, 75.9, 9.5, 1.9, 7203.1, 6652.3, 10268.5, 8400.7))
  File ""/home/obywatelfg/Doktorat/Badania/Logic-LLM/LLM-logic/New_val_Adapt_Task2_outputs_python_no_final_rule/Llama-8/4/python_code/121_output_python.py"", line 30, in r5
    return not(r1(arg1, arg2) and r2(arg3, arg4) and r3(arg5, arg6) and r4(arg7, arg8)), r1(arg1, arg2), r2(arg3, arg4), r3(arg5, arg6), r4(arg7, arg8)
TypeError: r1() takes 1 positional argument but 2 were given

Please correct the code.

The corrected code should be the following:
# If the parameter C's value is at least 20, the lowest possible value of parameter D is 40.
def r1(c: float, d: float) -> bool:
    if d / c >= 2:
        return True
    else:
        return False

# Parameter T's value shouldn't be lower than parameter P's value.
def r2(t: float, p: float) -> bool:
    if t >= p:
        return True
    else:
        return False

# To identify the day as abnormal, it is enough that even one or more conditions are violated.
def r3(arg1: float, arg2: float, arg3: float, arg4: float):
    return not(r1(arg1, arg2) and r2(arg3, arg4)), r1(arg1, arg2), r2(arg3, arg4)


The input for your task:
This is the Python3 code which not correspond to the given logical premises:
def r1(a: float, b: float) -> bool:
    if a >= b:
        return True
    else:
        return False

def r2(c: float, d: float) -> bool:
    if c >= d:
        return True
    else:
        return False

def r3(e: float, f: float) -> bool:
    if e <= f:
        return True
    else:
        return False

def r4(a: float, b: float, c: float) -> bool:
    if a >= b + c:
        return True
    else:
        return False

def r5(arg1: float, arg2: float, arg3: float, arg4: float, arg5: float, arg6: float, arg7: float, arg8: float, arg9: float, arg10: float):
    return not(r1(arg1, arg2) and r2(arg3, arg4) and r3(arg5, arg6) and r4(arg7, arg8, arg9, arg10)), r1(arg1, arg2), r2(arg3, arg4), r3(arg5, arg6), r4(arg7, arg8, arg9, arg10)

It is supposed to translate the following text into rules:
The total operation duration must not be lower than the PTO operation time.
Total operation time should shouldn’t be lower than driving time.
Stops with PTO engaged should never outnumber total stops.
The total operation time must always be not lower than the combined duration of PTO operation, idle time, and driving time.

Code after execution returns the following error:
Traceback (most recent call last):
  File ""/home/frank/Doktorat/ExKLoP/saved_outputs/Task2_syntax_outputs/Llama-8/4/python_code/198_output_python.py"", line 28, in <module>
    print(r5(5.7, 4.0, 8.6, 3.2, 110, 171, 2.1, 0.3, 1.0, 0.7))
  File ""/home/frank/Doktorat/ExKLoP/saved_outputs/Task2_syntax_outputs/Llama-8/4/python_code/198_output_python.py"", line 26, in r5
    return not(r1(arg1, arg2) and r2(arg3, arg4) and r3(arg5, arg6) and r4(arg7, arg8, arg9, arg10)), r1(arg1, arg2), r2(arg3, arg4), r3(arg5, arg6), r4(arg7, arg8, arg9, arg10)
TypeError: r4() takes 3 positional arguments but 4 were given


Please correct the code.   ";"The total operation duration must not be lower than the PTO operation time.
Total operation time should shouldn’t be lower than driving time.
Stops with PTO engaged should never outnumber total stops.
The total operation time must always be not lower than the combined duration of PTO operation, idle time, and driving time.";4;[['total operation time', 'PTO operation time'], ['total operation time', 'driving time'], ['stops with PTO engaged', 'stops'], ['total operation time', 'PTO operation time', 'idle time', 'driving time']];Llama-8;"def r1(a: float, b: float) -> bool:
    if a >= b:
        return True
    else:
        return False

def r2(c: float, d: float) -> bool:
    if c >= d:
        return True
    else:
        return False

def r3(e: float, f: float) -> bool:
    if e <= f:
        return True
    else:
        return False

def r4(a: float, b: float, c: float, d: float) -> bool:
    if a >= b + c + d:
        return True
    else:
        return False

def r5(arg1: float, arg2: float, arg3: float, arg4: float, arg5: float, arg6: float, arg7: float, arg8: float, arg9: float, arg10: float):
    return not(r1(arg1, arg2) and r2(arg3, arg4) and r3(arg5, arg6) and r4(arg7, arg8, arg9, arg10)), r1(arg1, arg2), r2(arg3, arg4), r3(arg5, arg6), r4(arg7, arg8, arg9, arg10)";Correct syntax;['False, True, True, True, True', 'False, True, True, True, True', 'True, False, False, False, False'];['False, True, True, True, True', 'False, True, True, True, True', 'True, False, False, False, False']
"System Message:
        You are a logician with a background in mathematics that translates natural language
        reasoning text to Python3 code so that these natural language reasoning problems can be solved.
        During the translation, please pay close attention to defining variables and rules.
        Do not add any comments from you.
        Be guided by the following example:
        Example input text:
        Textual context: If the parameter A's value is at least 20, the lowest possible value of parameter B is 5.
If the parameter C's value is at least 20, the lowest possible value of parameter D is 40.
Parameter E's value cannot be less than parameter F's value.
Parameter G's value cannot be less than parameter H's value.
Parameter I's value cannot be less than parameter J's value.
Parameter K's value cannot be less than parameter L's value.

        Example Python3 code:
        # If the parameter A's value is at least 20, the lowest possible value of parameter B is 5.
def r1(a: float, b: float) -> bool:
    if b / a >= 0.25:
        return True
    else:
        return False

# If the parameter C's value is at least 20, the lowest possible value of parameter D is 40.
def r2(c: float, d: float) -> bool:
    if d / c >= 2:
        return True
    else:
        return False

# Parameter E's value cannot be less than parameter F's value.
def r3(e: float, f: float) -> bool:
    if e >= f:
        return True
    else:
        return False

# Parameter G's value cannot be less than parameter H's value.
def r4(g: float, h: float) -> bool:
    if g >= h:
        return True
    else:
        return False

# Parameter I's value cannot be less than parameter J's value.
def r5(i: float, j: float) -> bool:
    if i >= j:
        return True
    else:
        return False

# Parameter K's value cannot be less than parameter L's value.
def r6(k: float, l: float) -> bool:
    if k >= l:
        return True
    else:
        return False


        
Input text:
Textual context: Total operation time shouldn’t be lower than PTO operation time.
Total operation time shouldn’t be lower than idle time.
Driving time must always be less than or equal to the total operation time.
The number of stops where PTO is engaged must not exceed the overall stop count.
Total operation time should be at least the sum of PTO, idle, and driving times.";"Total operation time shouldn’t be lower than PTO operation time.
Total operation time shouldn’t be lower than idle time.
Driving time must always be less than or equal to the total operation time.
The number of stops where PTO is engaged must not exceed the overall stop count.
Total operation time should be at least the sum of PTO, idle, and driving times.";5;[['total operation time', 'PTO operation time'], ['total operation time', 'idle time'], ['driving time', 'total operation time'], ['stops with PTO engaged', 'stops'], ['total operation time', 'PTO operation time', 'idle time', 'driving time']];Llama-8;"def r1(total_operation_time: float, pto_operation_time: float) -> bool:
    if total_operation_time >= pto_operation_time:
        return True
    else:
        return False

def r2(total_operation_time: float, idle_time: float) -> bool:
    if total_operation_time >= idle_time:
        return True
    else:
        return False

def r3(driving_time: float, total_operation_time: float) -> bool:
    if driving_time <= total_operation_time:
        return True
    else:
        return False

def r4(pto_stops: int, overall_stops: int) -> bool:
    if pto_stops <= overall_stops:
        return True
    else:
        return False

def r5(total_operation_time: float, pto_operation_time: float, idle_time: float, driving_time: float) -> bool:
    if total_operation_time >= pto_operation_time + idle_time + driving_time:
        return True
    else:
        return False

def r6(arg1: float, arg2: float, arg3: float, arg4: float, arg5: float, arg6: float, arg7: float, arg8: float, arg9: float, arg10: float, arg11: float, arg12: float):
    return not(r1(arg1, arg2) and r2(arg3, arg4) and r3(arg5, arg6) and r4(arg7, arg8) and r5(arg9, arg10, arg11, arg12)), r1(arg1, arg2), r2(arg3, arg4), r3(arg5, arg6), r4(arg7, arg8), r5(arg9, arg10, arg11, arg12)";Correct syntax;['False, True, True, True, True, True', 'False, True, True, True, True, True', 'True, False, False, False, False, False'];['False, True, True, True, True, True', 'False, True, True, True, True, True', 'True, False, False, False, False, False']
"System Message:
        You are a logician with a background in mathematics that translates natural language
        reasoning text to Python3 code so that these natural language reasoning problems can be solved.
        During the translation, please pay close attention to defining variables and rules.
        Do not add any comments from you.
        Be guided by the following example:
        Example input text:
        Textual context: If the parameter A's value is at least 20, the lowest possible value of parameter B is 5.
If the parameter C's value is at least 20, the lowest possible value of parameter D is 40.
Parameter E's value cannot be less than parameter F's value.
Parameter G's value cannot be less than parameter H's value.
Parameter I's value cannot be less than parameter J's value.
Parameter K's value cannot be less than parameter L's value.

        Example Python3 code:
        # If the parameter A's value is at least 20, the lowest possible value of parameter B is 5.
def r1(a: float, b: float) -> bool:
    if b / a >= 0.25:
        return True
    else:
        return False

# If the parameter C's value is at least 20, the lowest possible value of parameter D is 40.
def r2(c: float, d: float) -> bool:
    if d / c >= 2:
        return True
    else:
        return False

# Parameter E's value cannot be less than parameter F's value.
def r3(e: float, f: float) -> bool:
    if e >= f:
        return True
    else:
        return False

# Parameter G's value cannot be less than parameter H's value.
def r4(g: float, h: float) -> bool:
    if g >= h:
        return True
    else:
        return False

# Parameter I's value cannot be less than parameter J's value.
def r5(i: float, j: float) -> bool:
    if i >= j:
        return True
    else:
        return False

# Parameter K's value cannot be less than parameter L's value.
def r6(k: float, l: float) -> bool:
    if k >= l:
        return True
    else:
        return False


        
Input text:
Textual context: Total operation time shouldn’t be lower than PTO operation time.
Idle time cannot be greater than the total operation time.
Axle 1's load cannot exceed Axle 2's load.
Axle 1's load cannot exceed Axle 3's load.
Axle 3's load must always be equal to or greater than the payload.
The total operation duration must always be greater than or equal to the combined time for PTO, idle, and driving.";"Total operation time shouldn’t be lower than PTO operation time.
Idle time cannot be greater than the total operation time.
Axle 1's load cannot exceed Axle 2's load.
Axle 1's load cannot exceed Axle 3's load.
Axle 3's load must always be equal to or greater than the payload.
The total operation duration must always be greater than or equal to the combined time for PTO, idle, and driving.";6;[['total operation time', 'PTO operation time'], ['idle time', 'total operation time'], ['axle 1 load', 'axle 2 load'], ['axle 1 load', 'axle 3 load'], ['axle 3 load', 'payload'], ['total operation time', 'PTO operation time', 'idle time', 'driving time']];Llama-8;"def r1(pto: float, tot: float) -> bool:
    if tot >= pto:
        return True
    else:
        return False

def r2(idle: float, tot: float) -> bool:
    if idle <= tot:
        return True
    else:
        return False

def r3(axle1: float, axle2: float) -> bool:
    if axle1 <= axle2:
        return True
    else:
        return False

def r4(axle1: float, axle3: float) -> bool:
    if axle1 <= axle3:
        return True
    else:
        return False

def r5(axle3: float, payload: float) -> bool:
    if axle3 >= payload:
        return True
    else:
        return False

def r6(tot: float, pto: float, idle: float, driving: float) -> bool:
    if tot >= pto + idle + driving:
        return True
    else:
        return False

def r7(arg1: float, arg2: float, arg3: float, arg4: float, arg5: float, arg6: float, arg7: float, arg8: float, arg9: float, arg10: float, arg11: float, arg12: float, arg13: float, arg14: float):
    return not(r1(arg1, arg2) and r2(arg3, arg4) and r3(arg5, arg6) and r4(arg7, arg8) and r5(arg9, arg10) and r6(arg11, arg12, arg13, arg14)), r1(arg1, arg2), r2(arg3, arg4), r3(arg5, arg6), r4(arg7, arg8), r5(arg9, arg10), r6(arg11, arg12, arg13, arg14)";Correct syntax;['True, True, True, False, False, False, True', 'False, True, True, True, True, True, True', 'True, False, False, True, True, True, False'];['True, False, True, False, False, False, True', 'False, True, True, True, True, True, True', 'True, True, False, True, True, True, False']
"System Message:
        You are a logician with a background in mathematics that translates natural language
        reasoning text to Python3 code so that these natural language reasoning problems can be solved.
        During the translation, please pay close attention to defining variables and rules.
        Do not add any comments from you.
        Be guided by the following example:
        Example input text:
        Textual context: If the parameter A's value is at least 20, the lowest possible value of parameter B is 5.
If the parameter C's value is at least 20, the lowest possible value of parameter D is 40.
Parameter E's value cannot be less than parameter F's value.
Parameter G's value cannot be less than parameter H's value.
Parameter I's value cannot be less than parameter J's value.
Parameter K's value cannot be less than parameter L's value.

        Example Python3 code:
        # If the parameter A's value is at least 20, the lowest possible value of parameter B is 5.
def r1(a: float, b: float) -> bool:
    if b / a >= 0.25:
        return True
    else:
        return False

# If the parameter C's value is at least 20, the lowest possible value of parameter D is 40.
def r2(c: float, d: float) -> bool:
    if d / c >= 2:
        return True
    else:
        return False

# Parameter E's value cannot be less than parameter F's value.
def r3(e: float, f: float) -> bool:
    if e >= f:
        return True
    else:
        return False

# Parameter G's value cannot be less than parameter H's value.
def r4(g: float, h: float) -> bool:
    if g >= h:
        return True
    else:
        return False

# Parameter I's value cannot be less than parameter J's value.
def r5(i: float, j: float) -> bool:
    if i >= j:
        return True
    else:
        return False

# Parameter K's value cannot be less than parameter L's value.
def r6(k: float, l: float) -> bool:
    if k >= l:
        return True
    else:
        return False


        
Input text:
Textual context: PTO operation time must be less than or equal to the total operation time.
Total operation time shouldn’t be lower than idle time.
Driving time cannot be greater than the total operation time.
The payload must not exceed the load carried by axle 2.
The total operation duration must always be greater than or equal to the combined time for PTO, idle, and driving.";"PTO operation time must be less than or equal to the total operation time.
Total operation time shouldn’t be lower than idle time.
Driving time cannot be greater than the total operation time.
The payload must not exceed the load carried by axle 2.
The total operation duration must always be greater than or equal to the combined time for PTO, idle, and driving.";5;[['PTO operation time', 'total operation time'], ['total operation time', 'idle time'], ['driving time', 'total operation time'], ['payload', 'axle 2 load'], ['total operation time', 'PTO operation time', 'idle time', 'driving time']];Llama-8;"def r1(pto: float, total: float) -> bool:
    if pto <= total:
        return True
    else:
        return False

def r2(total: float, idle: float) -> bool:
    if total >= idle:
        return True
    else:
        return False

def r3(driving: float, total: float) -> bool:
    if driving <= total:
        return True
    else:
        return False

def r4(payload: float, axle2: float) -> bool:
    if payload <= axle2:
        return True
    else:
        return False

def r5(total: float, pto: float, idle: float, driving: float) -> bool:
    if total >= pto + idle + driving:
        return True
    else:
        return False

def r6(arg1: float, arg2: float, arg3: float, arg4: float, arg5: float, arg6: float, arg7: float, arg8: float, arg9: float, arg10: float, arg11: float, arg12: float):
    return not(r1(arg1, arg2) and r2(arg3, arg4) and r3(arg5, arg6) and r4(arg7, arg8) and r5(arg9, arg10, arg11, arg12)), r1(arg1, arg2), r2(arg3, arg4), r3(arg5, arg6), r4(arg7, arg8), r5(arg9, arg10, arg11, arg12)";Correct syntax;['True, True, True, True, False, True', 'False, True, True, True, True, True', 'True, False, False, False, True, False'];['True, True, True, True, False, True', 'False, True, True, True, True, True', 'True, False, False, False, True, False']
"System Message:
        You are a logician with a background in mathematics that translates natural language
        reasoning text to Python3 code so that these natural language reasoning problems can be solved.
        During the translation, please pay close attention to defining variables and rules.
        Do not add any comments from you.
        Be guided by the following example:
        Example input text:
        Textual context: If the parameter A's value is at least 20, the lowest possible value of parameter B is 5.
If the parameter C's value is at least 20, the lowest possible value of parameter D is 40.
Parameter E's value cannot be less than parameter F's value.
Parameter G's value cannot be less than parameter H's value.
Parameter I's value cannot be less than parameter J's value.
Parameter K's value cannot be less than parameter L's value.

        Example Python3 code:
        # If the parameter A's value is at least 20, the lowest possible value of parameter B is 5.
def r1(a: float, b: float) -> bool:
    if b / a >= 0.25:
        return True
    else:
        return False

# If the parameter C's value is at least 20, the lowest possible value of parameter D is 40.
def r2(c: float, d: float) -> bool:
    if d / c >= 2:
        return True
    else:
        return False

# Parameter E's value cannot be less than parameter F's value.
def r3(e: float, f: float) -> bool:
    if e >= f:
        return True
    else:
        return False

# Parameter G's value cannot be less than parameter H's value.
def r4(g: float, h: float) -> bool:
    if g >= h:
        return True
    else:
        return False

# Parameter I's value cannot be less than parameter J's value.
def r5(i: float, j: float) -> bool:
    if i >= j:
        return True
    else:
        return False

# Parameter K's value cannot be less than parameter L's value.
def r6(k: float, l: float) -> bool:
    if k >= l:
        return True
    else:
        return False


        
Input text:
Textual context: PTO operation time should be less than or equal to the total operation time.
Idle time must always be less than or equal to the total operation time.
Driving time should be less than or equal to the total operation time.
The payload must not exceed the load carried by axle 2.
Total operation time should be at least the sum of PTO, idle, and driving times.";"PTO operation time should be less than or equal to the total operation time.
Idle time must always be less than or equal to the total operation time.
Driving time should be less than or equal to the total operation time.
The payload must not exceed the load carried by axle 2.
Total operation time should be at least the sum of PTO, idle, and driving times.";5;[['PTO operation time', 'total operation time'], ['idle time', 'total operation time'], ['driving time', 'total operation time'], ['payload', 'axle 2 load'], ['total operation time', 'PTO operation time', 'idle time', 'driving time']];Llama-8;"def r1(pto_time: float, total_time: float) -> bool:
    if pto_time <= total_time:
        return True
    else:
        return False

def r2(idle_time: float, total_time: float) -> bool:
    if idle_time <= total_time:
        return True
    else:
        return False

def r3(driving_time: float, total_time: float) -> bool:
    if driving_time <= total_time:
        return True
    else:
        return False

def r4(payload: float, load_axle2: float) -> bool:
    if payload <= load_axle2:
        return True
    else:
        return False

def r5(total_time: float, pto_time: float, idle_time: float, driving_time: float) -> bool:
    if total_time >= pto_time + idle_time + driving_time:
        return True
    else:
        return False

def r6(arg1: float, arg2: float, arg3: float, arg4: float, arg5: float, arg6: float, arg7: float, arg8: float, arg9: float, arg10: float, arg11: float, arg12: float):
    return not(r1(arg1, arg2) and r2(arg3, arg4) and r3(arg5, arg6) and r4(arg7, arg8) and r5(arg9, arg10, arg11, arg12)), r1(arg1, arg2), r2(arg3, arg4), r3(arg5, arg6), r4(arg7, arg8), r5(arg9, arg10, arg11, arg12)";Correct syntax;['True, True, True, True, False, True', 'False, True, True, True, True, True', 'True, False, False, False, True, False'];['True, True, True, True, False, True', 'False, True, True, True, True, True', 'True, False, False, False, True, False']
"System Message:
        You are a logician with a background in mathematics that translates natural language
        reasoning text to Python3 code so that these natural language reasoning problems can be solved.
        During the translation, please pay close attention to defining variables and rules.
        Do not add any comments from you.
        Be guided by the following example:
        Example input text:
        Textual context: If the parameter A's value is at least 20, the lowest possible value of parameter B is 5.
If the parameter C's value is at least 20, the lowest possible value of parameter D is 40.
Parameter E's value cannot be less than parameter F's value.
Parameter G's value cannot be less than parameter H's value.
Parameter I's value cannot be less than parameter J's value.
Parameter K's value cannot be less than parameter L's value.

        Example Python3 code:
        # If the parameter A's value is at least 20, the lowest possible value of parameter B is 5.
def r1(a: float, b: float) -> bool:
    if b / a >= 0.25:
        return True
    else:
        return False

# If the parameter C's value is at least 20, the lowest possible value of parameter D is 40.
def r2(c: float, d: float) -> bool:
    if d / c >= 2:
        return True
    else:
        return False

# Parameter E's value cannot be less than parameter F's value.
def r3(e: float, f: float) -> bool:
    if e >= f:
        return True
    else:
        return False

# Parameter G's value cannot be less than parameter H's value.
def r4(g: float, h: float) -> bool:
    if g >= h:
        return True
    else:
        return False

# Parameter I's value cannot be less than parameter J's value.
def r5(i: float, j: float) -> bool:
    if i >= j:
        return True
    else:
        return False

# Parameter K's value cannot be less than parameter L's value.
def r6(k: float, l: float) -> bool:
    if k >= l:
        return True
    else:
        return False


        
Input text:
Textual context: The total operation duration must not be lower than the PTO operation time.
Idle time must always be less than or equal to the total operation time.
The weight on axle 1 cannot surpass the weight on axle 3.
The payload must always be smaller than or equal to the load on axle 3.";"The total operation duration must not be lower than the PTO operation time.
Idle time must always be less than or equal to the total operation time.
The weight on axle 1 cannot surpass the weight on axle 3.
The payload must always be smaller than or equal to the load on axle 3.";4;[['total operation time', 'PTO operation time'], ['idle time', 'total operation time'], ['axle 1 load', 'axle 3 load'], ['payload', 'axle 3 load']];Llama-8;"def r1(total_operation_duration: float, pto_operation_time: float) -> bool:
    if total_operation_duration < pto_operation_time:
        return False
    else:
        return True

def r2(idle_time: float, total_operation_duration: float) -> bool:
    if idle_time > total_operation_duration:
        return False
    else:
        return True

def r3(axle1_weight: float, axle3_weight: float) -> bool:
    if axle1_weight > axle3_weight:
        return False
    else:
        return True

def r4(payload: float, axle3_load: float) -> bool:
    if payload > axle3_load:
        return False
    else:
        return True

def r5(arg1: float, arg2: float, arg3: float, arg4: float, arg5: float, arg6: float, arg7: float, arg8: float):
    return not(r1(arg1, arg2) and r2(arg3, arg4) and r3(arg5, arg6) and r4(arg7, arg8)), r1(arg1, arg2), r2(arg3, arg4), r3(arg5, arg6), r4(arg7, arg8)";Correct syntax;['True, True, True, False, False', 'False, True, True, True, True', 'True, False, False, True, True'];['True, True, True, False, False', 'False, True, True, True, True', 'True, False, False, True, True']
"System Message:
        You are a logician with a background in mathematics that translates natural language
        reasoning text to Python3 code so that these natural language reasoning problems can be solved.
        During the translation, please pay close attention to defining variables and rules.
        Do not add any comments from you.
        Be guided by the following example:
        Example input text:
        Textual context: If the parameter A's value is at least 20, the lowest possible value of parameter B is 5.
If the parameter C's value is at least 20, the lowest possible value of parameter D is 40.
Parameter E's value cannot be less than parameter F's value.
Parameter G's value cannot be less than parameter H's value.
Parameter I's value cannot be less than parameter J's value.
Parameter K's value cannot be less than parameter L's value.

        Example Python3 code:
        # If the parameter A's value is at least 20, the lowest possible value of parameter B is 5.
def r1(a: float, b: float) -> bool:
    if b / a >= 0.25:
        return True
    else:
        return False

# If the parameter C's value is at least 20, the lowest possible value of parameter D is 40.
def r2(c: float, d: float) -> bool:
    if d / c >= 2:
        return True
    else:
        return False

# Parameter E's value cannot be less than parameter F's value.
def r3(e: float, f: float) -> bool:
    if e >= f:
        return True
    else:
        return False

# Parameter G's value cannot be less than parameter H's value.
def r4(g: float, h: float) -> bool:
    if g >= h:
        return True
    else:
        return False

# Parameter I's value cannot be less than parameter J's value.
def r5(i: float, j: float) -> bool:
    if i >= j:
        return True
    else:
        return False

# Parameter K's value cannot be less than parameter L's value.
def r6(k: float, l: float) -> bool:
    if k >= l:
        return True
    else:
        return False


        
Input text:
Textual context: Idle time cannot be greater than the total operation time.
Stops with PTO engaged should never outnumber total stops.
Axle 1's load cannot exceed Axle 3's load.
The payload must not exceed the load carried by axle 3.
The combined time for PTO operation, idle time, and driving time must not surpass the total operation time.";"Idle time cannot be greater than the total operation time.
Stops with PTO engaged should never outnumber total stops.
Axle 1's load cannot exceed Axle 3's load.
The payload must not exceed the load carried by axle 3.
The combined time for PTO operation, idle time, and driving time must not surpass the total operation time.";5;[['idle time', 'total operation time'], ['stops with PTO engaged', 'stops'], ['axle 1 load', 'axle 3 load'], ['payload', 'axle 3 load'], ['PTO operation time', 'idle time', 'driving time', 'total operation time']];Llama-8;"def r1(i: float, t: float) -> bool:
    if i <= t:
        return True
    else:
        return False

def r2(s: int, t: int) -> bool:
    if s <= t:
        return True
    else:
        return False

def r3(l1: float, l3: float) -> bool:
    if l1 <= l3:
        return True
    else:
        return False

def r4(p: float, l3: float) -> bool:
    if p <= l3:
        return True
    else:
        return False

def r5(p: float, i: float, d: float, t: float) -> bool:
    if p + i + d <= t:
        return True
    else:
        return False

def r6(arg1: float, arg2: float, arg3: float, arg4: float, arg5: float, arg6: float, arg7: float, arg8: float, arg9: float, arg10: float, arg11: float, arg12: float):
    return not(r1(arg1, arg2) and r2(arg3, arg4) and r3(arg5, arg6) and r4(arg7, arg8) and r5(arg9, arg10, arg11, arg12)), r1(arg1, arg2), r2(arg3, arg4), r3(arg5, arg6), r4(arg7, arg8), r5(arg9, arg10, arg11, arg12)";Correct syntax;['True, True, True, False, False, True', 'False, True, True, True, True, True', 'True, False, False, True, True, False'];['True, True, True, False, False, True', 'False, True, True, True, True, True', 'True, False, False, True, True, False']
"System Message:
        You are a logician with a background in mathematics that translates natural language
        reasoning text to Python3 code so that these natural language reasoning problems can be solved.
        During the translation, please pay close attention to defining variables and rules.
        Do not add any comments from you.
        Be guided by the following example:
        Example input text:
        Textual context: If the parameter A's value is at least 20, the lowest possible value of parameter B is 5.
If the parameter C's value is at least 20, the lowest possible value of parameter D is 40.
Parameter E's value cannot be less than parameter F's value.
Parameter G's value cannot be less than parameter H's value.
Parameter I's value cannot be less than parameter J's value.
Parameter K's value cannot be less than parameter L's value.

        Example Python3 code:
        # If the parameter A's value is at least 20, the lowest possible value of parameter B is 5.
def r1(a: float, b: float) -> bool:
    if b / a >= 0.25:
        return True
    else:
        return False

# If the parameter C's value is at least 20, the lowest possible value of parameter D is 40.
def r2(c: float, d: float) -> bool:
    if d / c >= 2:
        return True
    else:
        return False

# Parameter E's value cannot be less than parameter F's value.
def r3(e: float, f: float) -> bool:
    if e >= f:
        return True
    else:
        return False

# Parameter G's value cannot be less than parameter H's value.
def r4(g: float, h: float) -> bool:
    if g >= h:
        return True
    else:
        return False

# Parameter I's value cannot be less than parameter J's value.
def r5(i: float, j: float) -> bool:
    if i >= j:
        return True
    else:
        return False

# Parameter K's value cannot be less than parameter L's value.
def r6(k: float, l: float) -> bool:
    if k >= l:
        return True
    else:
        return False


        
Input text:
Textual context: PTO operation time cannot be greater than the total operation time.
The total operation durationmust not be lower than the driving time.
The payload cannot exceed the capacity of axle 2.
The payload must always be smaller than or equal to the load on axle 3.";"PTO operation time cannot be greater than the total operation time.
The total operation durationmust not be lower than the driving time.
The payload cannot exceed the capacity of axle 2.
The payload must always be smaller than or equal to the load on axle 3.";4;[['PTO operation time', 'total operation time'], ['total operation time', 'driving time'], ['payload', 'axle 2 load'], ['payload', 'axle 3 load']];Llama-8;"def r1(pto_operation_time: float, total_operation_time: float) -> bool:
    if pto_operation_time > total_operation_time:
        return False
    else:
        return True

def r2(total_operation_time: float, driving_time: float) -> bool:
    if total_operation_time < driving_time:
        return False
    else:
        return True

def r3(payload: float, axle2_capacity: float) -> bool:
    if payload > axle2_capacity:
        return False
    else:
        return True

def r4(payload: float, axle3_load: float) -> bool:
    if payload > axle3_load:
        return False
    else:
        return True

def r5(arg1: float, arg2: float, arg3: float, arg4: float, arg5: float, arg6: float, arg7: float, arg8: float):
    return not(r1(arg1, arg2) and r2(arg3, arg4) and r3(arg5, arg6) and r4(arg7, arg8)), r1(arg1, arg2), r2(arg3, arg4), r3(arg5, arg6), r4(arg7, arg8)";Correct syntax;['True, True, True, False, False', 'False, True, True, True, True', 'True, False, False, True, True'];['True, True, True, False, False', 'False, True, True, True, True', 'True, False, False, True, True']
"System Message:
        You are a logician with a background in mathematics that translates natural language
        reasoning text to Python3 code so that these natural language reasoning problems can be solved.
        During the translation, please pay close attention to defining variables and rules.
        Do not add any comments from you.
        Be guided by the following example:
        Example input text:
        Textual context: If the parameter A's value is at least 20, the lowest possible value of parameter B is 5.
If the parameter C's value is at least 20, the lowest possible value of parameter D is 40.
Parameter E's value cannot be less than parameter F's value.
Parameter G's value cannot be less than parameter H's value.
Parameter I's value cannot be less than parameter J's value.
Parameter K's value cannot be less than parameter L's value.

        Example Python3 code:
        # If the parameter A's value is at least 20, the lowest possible value of parameter B is 5.
def r1(a: float, b: float) -> bool:
    if b / a >= 0.25:
        return True
    else:
        return False

# If the parameter C's value is at least 20, the lowest possible value of parameter D is 40.
def r2(c: float, d: float) -> bool:
    if d / c >= 2:
        return True
    else:
        return False

# Parameter E's value cannot be less than parameter F's value.
def r3(e: float, f: float) -> bool:
    if e >= f:
        return True
    else:
        return False

# Parameter G's value cannot be less than parameter H's value.
def r4(g: float, h: float) -> bool:
    if g >= h:
        return True
    else:
        return False

# Parameter I's value cannot be less than parameter J's value.
def r5(i: float, j: float) -> bool:
    if i >= j:
        return True
    else:
        return False

# Parameter K's value cannot be less than parameter L's value.
def r6(k: float, l: float) -> bool:
    if k >= l:
        return True
    else:
        return False


        
Input text:
Textual context: The total operation duration must not be lower than the PTO operation time.
Driving time must always be less than or equal to the total operation time.
Stops with PTO engaged should never outnumber total stops.
The load supported by axle 1 cannot exceed that of axle 3.";"The total operation duration must not be lower than the PTO operation time.
Driving time must always be less than or equal to the total operation time.
Stops with PTO engaged should never outnumber total stops.
The load supported by axle 1 cannot exceed that of axle 3.";4;[['total operation time', 'PTO operation time'], ['driving time', 'total operation time'], ['stops with PTO engaged', 'stops'], ['axle 1 load', 'axle 3 load']];Llama-8;"def r1(total_operation_time: float, pto_operation_time: float) -> bool:
    if total_operation_time >= pto_operation_time:
        return True
    else:
        return False

def r2(driving_time: float, total_operation_time: float) -> bool:
    if driving_time <= total_operation_time:
        return True
    else:
        return False

def r3(pto_stops: int, total_stops: int) -> bool:
    if pto_stops <= total_stops:
        return True
    else:
        return False

def r4(axle1_load: float, axle3_load: float) -> bool:
    if axle1_load <= axle3_load:
        return True
    else:
        return False

def r5(arg1: float, arg2: float, arg3: float, arg4: float, arg5: float, arg6: float, arg7: float, arg8: float):
    return not(r1(arg1, arg2) and r2(arg3, arg4) and r3(arg5, arg6) and r4(arg7, arg8)), r1(arg1, arg2), r2(arg3, arg4), r3(arg5, arg6), r4(arg7, arg8)";Correct syntax;['True, True, True, True, False', 'False, True, True, True, True', 'True, False, False, False, True'];['True, True, True, True, False', 'False, True, True, True, True', 'True, False, False, False, True']
"System Message:
        You are a logician with a background in mathematics that translates natural language
        reasoning text to Python3 code so that these natural language reasoning problems can be solved.
        During the translation, please pay close attention to defining variables and rules.
        Do not add any comments from you.
        Be guided by the following example:
        Example input text:
        Textual context: If the parameter A's value is at least 20, the lowest possible value of parameter B is 5.
If the parameter C's value is at least 20, the lowest possible value of parameter D is 40.
Parameter E's value cannot be less than parameter F's value.
Parameter G's value cannot be less than parameter H's value.
Parameter I's value cannot be less than parameter J's value.
Parameter K's value cannot be less than parameter L's value.

        Example Python3 code:
        # If the parameter A's value is at least 20, the lowest possible value of parameter B is 5.
def r1(a: float, b: float) -> bool:
    if b / a >= 0.25:
        return True
    else:
        return False

# If the parameter C's value is at least 20, the lowest possible value of parameter D is 40.
def r2(c: float, d: float) -> bool:
    if d / c >= 2:
        return True
    else:
        return False

# Parameter E's value cannot be less than parameter F's value.
def r3(e: float, f: float) -> bool:
    if e >= f:
        return True
    else:
        return False

# Parameter G's value cannot be less than parameter H's value.
def r4(g: float, h: float) -> bool:
    if g >= h:
        return True
    else:
        return False

# Parameter I's value cannot be less than parameter J's value.
def r5(i: float, j: float) -> bool:
    if i >= j:
        return True
    else:
        return False

# Parameter K's value cannot be less than parameter L's value.
def r6(k: float, l: float) -> bool:
    if k >= l:
        return True
    else:
        return False


        
Input text:
Textual context: The total operation durationmust not be lower than the driving time.
The number of stops where PTO is engaged must not exceed the overall stop count.
The weight on axle 1 cannot surpass the weight on axle 3.
The payload must always be smaller than or equal to the load on axle 3.";"The total operation durationmust not be lower than the driving time.
The number of stops where PTO is engaged must not exceed the overall stop count.
The weight on axle 1 cannot surpass the weight on axle 3.
The payload must always be smaller than or equal to the load on axle 3.";4;[['total operation time', 'driving time'], ['stops with PTO engaged', 'stops'], ['axle 1 load', 'axle 3 load'], ['payload', 'axle 3 load']];Llama-8;"def r1(operation_duration: float, driving_time: float) -> bool:
    if operation_duration >= driving_time:
        return True
    else:
        return False

def r2(pto_stops: int, overall_stops: int) -> bool:
    if pto_stops <= overall_stops:
        return True
    else:
        return False

def r3(axle1_weight: float, axle3_weight: float) -> bool:
    if axle1_weight <= axle3_weight:
        return True
    else:
        return False

def r4(payload: float, axle3_load: float) -> bool:
    if payload <= axle3_load:
        return True
    else:
        return False

def r5(arg1: float, arg2: float, arg3: float, arg4: float, arg5: float, arg6: float, arg7: float, arg8: float):
    return not(r1(arg1, arg2) and r2(arg3, arg4) and r3(arg5, arg6) and r4(arg7, arg8)), r1(arg1, arg2), r2(arg3, arg4), r3(arg5, arg6), r4(arg7, arg8)";Correct syntax;['True, True, True, False, False', 'False, True, True, True, True', 'True, False, False, True, True'];['True, True, True, False, False', 'False, True, True, True, True', 'True, False, False, True, True']
"System Message:
        You are a logician with a background in mathematics that translates natural language
        reasoning text to Python3 code so that these natural language reasoning problems can be solved.
        During the translation, please pay close attention to defining variables and rules.
        Do not add any comments from you.
        Be guided by the following example:
        Example input text:
        Textual context: If the parameter A's value is at least 20, the lowest possible value of parameter B is 5.
If the parameter C's value is at least 20, the lowest possible value of parameter D is 40.
Parameter E's value cannot be less than parameter F's value.
Parameter G's value cannot be less than parameter H's value.
Parameter I's value cannot be less than parameter J's value.
Parameter K's value cannot be less than parameter L's value.

        Example Python3 code:
        # If the parameter A's value is at least 20, the lowest possible value of parameter B is 5.
def r1(a: float, b: float) -> bool:
    if b / a >= 0.25:
        return True
    else:
        return False

# If the parameter C's value is at least 20, the lowest possible value of parameter D is 40.
def r2(c: float, d: float) -> bool:
    if d / c >= 2:
        return True
    else:
        return False

# Parameter E's value cannot be less than parameter F's value.
def r3(e: float, f: float) -> bool:
    if e >= f:
        return True
    else:
        return False

# Parameter G's value cannot be less than parameter H's value.
def r4(g: float, h: float) -> bool:
    if g >= h:
        return True
    else:
        return False

# Parameter I's value cannot be less than parameter J's value.
def r5(i: float, j: float) -> bool:
    if i >= j:
        return True
    else:
        return False

# Parameter K's value cannot be less than parameter L's value.
def r6(k: float, l: float) -> bool:
    if k >= l:
        return True
    else:
        return False


        
Input text:
Textual context: PTO operation time should be less than or equal to the total operation time.
Idle time must always be less than or equal to the total operation time.
The total operation durationmust not be lower than the driving time.
Total operation time must be greater than or equal to the sum of PTO operation, idle, and driving times.";"PTO operation time should be less than or equal to the total operation time.
Idle time must always be less than or equal to the total operation time.
The total operation durationmust not be lower than the driving time.
Total operation time must be greater than or equal to the sum of PTO operation, idle, and driving times.";4;[['PTO operation time', 'total operation time'], ['idle time', 'total operation time'], ['total operation time', 'driving time'], ['total operation time', 'PTO operation time', 'idle time', 'driving time']];Llama-8;"def r1(pto_operation_time: float, total_operation_time: float) -> bool:
    if pto_operation_time <= total_operation_time:
        return True
    else:
        return False

def r2(idle_time: float, total_operation_time: float) -> bool:
    if idle_time <= total_operation_time:
        return True
    else:
        return False

def r3(total_operation_time: float, driving_time: float) -> bool:
    if total_operation_time >= driving_time:
        return True
    else:
        return False

def r4(total_operation_time: float, pto_operation_time: float, idle_time: float, driving_time: float) -> bool:
    if total_operation_time >= pto_operation_time + idle_time + driving_time:
        return True
    else:
        return False

def r5(arg1: float, arg2: float, arg3: float, arg4: float, arg5: float, arg6: float, arg7: float, arg8: float, arg9: float, arg10: float):
    return not(r1(arg1, arg2) and r2(arg3, arg4) and r3(arg5, arg6) and r4(arg7, arg8, arg9, arg10)), r1(arg1, arg2), r2(arg3, arg4), r3(arg5, arg6), r4(arg7, arg8, arg9, arg10)";Correct syntax;['False, True, True, True, True', 'False, True, True, True, True', 'True, False, False, False, False'];['False, True, True, True, True', 'False, True, True, True, True', 'True, False, False, False, False']
"System Message:
        You are a logician with a background in mathematics that translates natural language
        reasoning text to Python3 code so that these natural language reasoning problems can be solved.
        During the translation, please pay close attention to defining variables and rules.
        Do not add any comments from you.
        Be guided by the following example:
        Example input text:
        Textual context: If the parameter A's value is at least 20, the lowest possible value of parameter B is 5.
If the parameter C's value is at least 20, the lowest possible value of parameter D is 40.
Parameter E's value cannot be less than parameter F's value.
Parameter G's value cannot be less than parameter H's value.
Parameter I's value cannot be less than parameter J's value.
Parameter K's value cannot be less than parameter L's value.

        Example Python3 code:
        # If the parameter A's value is at least 20, the lowest possible value of parameter B is 5.
def r1(a: float, b: float) -> bool:
    if b / a >= 0.25:
        return True
    else:
        return False

# If the parameter C's value is at least 20, the lowest possible value of parameter D is 40.
def r2(c: float, d: float) -> bool:
    if d / c >= 2:
        return True
    else:
        return False

# Parameter E's value cannot be less than parameter F's value.
def r3(e: float, f: float) -> bool:
    if e >= f:
        return True
    else:
        return False

# Parameter G's value cannot be less than parameter H's value.
def r4(g: float, h: float) -> bool:
    if g >= h:
        return True
    else:
        return False

# Parameter I's value cannot be less than parameter J's value.
def r5(i: float, j: float) -> bool:
    if i >= j:
        return True
    else:
        return False

# Parameter K's value cannot be less than parameter L's value.
def r6(k: float, l: float) -> bool:
    if k >= l:
        return True
    else:
        return False


        
Input text:
Textual context: PTO operation time must be less than or equal to the total operation time.
Total operation time shouldn’t be lower than idle time.
The number of stops where PTO is engaged must not exceed the overall stop count.
The load supported by axle 1 cannot exceed that of axle 3.
The payload must not exceed the load carried by axle 3.";"PTO operation time must be less than or equal to the total operation time.
Total operation time shouldn’t be lower than idle time.
The number of stops where PTO is engaged must not exceed the overall stop count.
The load supported by axle 1 cannot exceed that of axle 3.
The payload must not exceed the load carried by axle 3.";5;[['PTO operation time', 'total operation time'], ['total operation time', 'idle time'], ['stops with PTO engaged', 'stops'], ['axle 1 load', 'axle 3 load'], ['payload', 'axle 3 load']];Llama-8;"def r1(pto_operation_time: float, total_operation_time: float) -> bool:
    if pto_operation_time <= total_operation_time:
        return True
    else:
        return False

def r2(total_operation_time: float, idle_time: float) -> bool:
    if total_operation_time >= idle_time:
        return True
    else:
        return False

def r3(pto_stops: int, overall_stops: int) -> bool:
    if pto_stops <= overall_stops:
        return True
    else:
        return False

def r4(axle1_load: float, axle3_load: float) -> bool:
    if axle1_load <= axle3_load:
        return True
    else:
        return False

def r5(payload: float, axle3_load: float) -> bool:
    if payload <= axle3_load:
        return True
    else:
        return False

def r6(arg1: float, arg2: float, arg3: float, arg4: float, arg5: float, arg6: float, arg7: float, arg8: float, arg9: float, arg10: float):
    return not(r1(arg1, arg2) and r2(arg3, arg4) and r3(arg5, arg6) and r4(arg7, arg8) and r5(arg9, arg10)), r1(arg1, arg2), r2(arg3, arg4), r3(arg5, arg6), r4(arg7, arg8), r5(arg9, arg10)";Correct syntax;['True, True, True, True, False, False', 'False, True, True, True, True, True', 'True, False, False, False, True, True'];['True, True, True, True, False, False', 'False, True, True, True, True, True', 'True, False, False, False, True, True']
"System Message:
        You are a logician with a background in mathematics that translates natural language
        reasoning text to Python3 code so that these natural language reasoning problems can be solved.
        During the translation, please pay close attention to defining variables and rules.
        Do not add any comments from you.
        Be guided by the following example:
        Example input text:
        Textual context: If the parameter A's value is at least 20, the lowest possible value of parameter B is 5.
If the parameter C's value is at least 20, the lowest possible value of parameter D is 40.
Parameter E's value cannot be less than parameter F's value.
Parameter G's value cannot be less than parameter H's value.
Parameter I's value cannot be less than parameter J's value.
Parameter K's value cannot be less than parameter L's value.

        Example Python3 code:
        # If the parameter A's value is at least 20, the lowest possible value of parameter B is 5.
def r1(a: float, b: float) -> bool:
    if b / a >= 0.25:
        return True
    else:
        return False

# If the parameter C's value is at least 20, the lowest possible value of parameter D is 40.
def r2(c: float, d: float) -> bool:
    if d / c >= 2:
        return True
    else:
        return False

# Parameter E's value cannot be less than parameter F's value.
def r3(e: float, f: float) -> bool:
    if e >= f:
        return True
    else:
        return False

# Parameter G's value cannot be less than parameter H's value.
def r4(g: float, h: float) -> bool:
    if g >= h:
        return True
    else:
        return False

# Parameter I's value cannot be less than parameter J's value.
def r5(i: float, j: float) -> bool:
    if i >= j:
        return True
    else:
        return False

# Parameter K's value cannot be less than parameter L's value.
def r6(k: float, l: float) -> bool:
    if k >= l:
        return True
    else:
        return False


        
Input text:
Textual context: PTO-engaged stops cannot exceed the total number of stops.
Payload must remain below or equal to the load carried by axle 2.
The payload must not exceed the load carried by axle 3.
The combined time for PTO operation, idle time, and driving time must not surpass the total operation time.";"PTO-engaged stops cannot exceed the total number of stops.
Payload must remain below or equal to the load carried by axle 2.
The payload must not exceed the load carried by axle 3.
The combined time for PTO operation, idle time, and driving time must not surpass the total operation time.";4;[['stops with PTO engaged', 'stops'], ['payload', 'axle 2 load'], ['payload', 'axle 3 load'], ['PTO operation time', 'idle time', 'driving time', 'total operation time']];Llama-8;"def r1(pto_stops: int, total_stops: int) -> bool:
    if pto_stops > total_stops:
        return False
    else:
        return True

def r2(payload: float, load_axle2: float) -> bool:
    if payload > load_axle2:
        return False
    else:
        return True

def r3(payload: float, load_axle3: float) -> bool:
    if payload > load_axle3:
        return False
    else:
        return True

def r4(pto_time: float, idle_time: float, driving_time: float, total_time: float) -> bool:
    if pto_time + idle_time + driving_time > total_time:
        return False
    else:
        return True

def r5(arg1: float, arg2: float, arg3: float, arg4: float, arg5: float, arg6: float, arg7: float, arg8: float, arg9: float, arg10: float):
    return not(r1(arg1, arg2) and r2(arg3, arg4) and r3(arg5, arg6) and r4(arg7, arg8, arg9, arg10)), r1(arg1, arg2), r2(arg3, arg4), r3(arg5, arg6), r4(arg7, arg8, arg9, arg10)";Correct syntax;['True, True, False, False, True', 'False, True, True, True, True', 'True, False, True, True, False'];['True, True, False, False, True', 'False, True, True, True, True', 'True, False, True, True, False']
"System Message:
        You are a logician with a background in mathematics that translates natural language
        reasoning text to Python3 code so that these natural language reasoning problems can be solved.
        During the translation, please pay close attention to defining variables and rules.
        Do not add any comments from you.
        Be guided by the following example:
        Example input text:
        Textual context: If the parameter A's value is at least 20, the lowest possible value of parameter B is 5.
If the parameter C's value is at least 20, the lowest possible value of parameter D is 40.
Parameter E's value cannot be less than parameter F's value.
Parameter G's value cannot be less than parameter H's value.
Parameter I's value cannot be less than parameter J's value.
Parameter K's value cannot be less than parameter L's value.

        Example Python3 code:
        # If the parameter A's value is at least 20, the lowest possible value of parameter B is 5.
def r1(a: float, b: float) -> bool:
    if b / a >= 0.25:
        return True
    else:
        return False

# If the parameter C's value is at least 20, the lowest possible value of parameter D is 40.
def r2(c: float, d: float) -> bool:
    if d / c >= 2:
        return True
    else:
        return False

# Parameter E's value cannot be less than parameter F's value.
def r3(e: float, f: float) -> bool:
    if e >= f:
        return True
    else:
        return False

# Parameter G's value cannot be less than parameter H's value.
def r4(g: float, h: float) -> bool:
    if g >= h:
        return True
    else:
        return False

# Parameter I's value cannot be less than parameter J's value.
def r5(i: float, j: float) -> bool:
    if i >= j:
        return True
    else:
        return False

# Parameter K's value cannot be less than parameter L's value.
def r6(k: float, l: float) -> bool:
    if k >= l:
        return True
    else:
        return False


        
Input text:
Textual context: PTO operation time must be less than or equal to the total operation time.
Idle time should be less than or equal to the total operation time.
The total stop count must not be lower than the count of stops where PTO is engaged.
Axle 2's load must always be equal to or greater than the payload.
Axle 3's load must always be equal to or greater than the payload.";"PTO operation time must be less than or equal to the total operation time.
Idle time should be less than or equal to the total operation time.
The total stop count must not be lower than the count of stops where PTO is engaged.
Axle 2's load must always be equal to or greater than the payload.
Axle 3's load must always be equal to or greater than the payload.";5;[['PTO operation time', 'total operation time'], ['idle time', 'total operation time'], ['stops', 'stops with PTO engaged'], ['axle 2 load', 'payload'], ['axle 3 load', 'payload']];Llama-8;"def r1(pto_time: float, total_time: float) -> bool:
    if pto_time <= total_time:
        return True
    else:
        return False

def r2(idle_time: float, total_time: float) -> bool:
    if idle_time <= total_time:
        return True
    else:
        return False

def r3(total_stops: int, pto_stops: int) -> bool:
    if total_stops >= pto_stops:
        return True
    else:
        return False

def r4(axle2_load: float, payload: float) -> bool:
    if axle2_load >= payload:
        return True
    else:
        return False

def r5(axle3_load: float, payload: float) -> bool:
    if axle3_load >= payload:
        return True
    else:
        return False

def r6(arg1: float, arg2: float, arg3: float, arg4: float, arg5: float, arg6: float, arg7: float, arg8: float, arg9: float, arg10: float):
    return not(r1(arg1, arg2) and r2(arg3, arg4) and r3(arg5, arg6) and r4(arg7, arg8) and r5(arg9, arg10)), r1(arg1, arg2), r2(arg3, arg4), r3(arg5, arg6), r4(arg7, arg8), r5(arg9, arg10)";Correct syntax;['True, True, True, True, False, False', 'False, True, True, True, True, True', 'True, False, False, False, True, True'];['True, True, True, True, False, False', 'False, True, True, True, True, True', 'True, False, False, False, True, True']
"System Message:
        You are a logician with a background in mathematics that translates natural language
        reasoning text to Python3 code so that these natural language reasoning problems can be solved.
        During the translation, please pay close attention to defining variables and rules.
        Do not add any comments from you.
        Be guided by the following example:
        Example input text:
        Textual context: If the parameter A's value is at least 20, the lowest possible value of parameter B is 5.
If the parameter C's value is at least 20, the lowest possible value of parameter D is 40.
Parameter E's value cannot be less than parameter F's value.
Parameter G's value cannot be less than parameter H's value.
Parameter I's value cannot be less than parameter J's value.
Parameter K's value cannot be less than parameter L's value.

        Example Python3 code:
        # If the parameter A's value is at least 20, the lowest possible value of parameter B is 5.
def r1(a: float, b: float) -> bool:
    if b / a >= 0.25:
        return True
    else:
        return False

# If the parameter C's value is at least 20, the lowest possible value of parameter D is 40.
def r2(c: float, d: float) -> bool:
    if d / c >= 2:
        return True
    else:
        return False

# Parameter E's value cannot be less than parameter F's value.
def r3(e: float, f: float) -> bool:
    if e >= f:
        return True
    else:
        return False

# Parameter G's value cannot be less than parameter H's value.
def r4(g: float, h: float) -> bool:
    if g >= h:
        return True
    else:
        return False

# Parameter I's value cannot be less than parameter J's value.
def r5(i: float, j: float) -> bool:
    if i >= j:
        return True
    else:
        return False

# Parameter K's value cannot be less than parameter L's value.
def r6(k: float, l: float) -> bool:
    if k >= l:
        return True
    else:
        return False


        
Input text:
Textual context: PTO operation time cannot be greater than the total operation time.
Driving time must always be less than or equal to the total operation time.
The total stop count must not be lower than the count of stops where PTO is engaged.
Payload must remain below or equal to the load carried by axle 2.
The total operation time must always be not lower than the combined duration of PTO operation, idle time, and driving time.";"PTO operation time cannot be greater than the total operation time.
Driving time must always be less than or equal to the total operation time.
The total stop count must not be lower than the count of stops where PTO is engaged.
Payload must remain below or equal to the load carried by axle 2.
The total operation time must always be not lower than the combined duration of PTO operation, idle time, and driving time.";5;[['PTO operation time', 'total operation time'], ['driving time', 'total operation time'], ['stops', 'stops with PTO engaged'], ['payload', 'axle 2 load'], ['total operation time', 'PTO operation time', 'idle time', 'driving time']];Llama-8;"def r1(pto_operation_time: float, total_operation_time: float) -> bool:
    if pto_operation_time > total_operation_time:
        return False
    else:
        return True

def r2(driving_time: float, total_operation_time: float) -> bool:
    if driving_time > total_operation_time:
        return False
    else:
        return True

def r3(total_stop_count: int, pto_stop_count: int) -> bool:
    if total_stop_count < pto_stop_count:
        return False
    else:
        return True

def r4(payload: float, axle2_load: float) -> bool:
    if payload > axle2_load:
        return False
    else:
        return True

def r5(total_operation_time: float, pto_operation_time: float, idle_time: float, driving_time: float) -> bool:
    if total_operation_time < pto_operation_time + idle_time + driving_time:
        return False
    else:
        return True

def r6(arg1: float, arg2: float, arg3: float, arg4: float, arg5: float, arg6: float, arg7: float, arg8: float, arg9: float, arg10: float, arg11: float, arg12: float):
    return not(r1(arg1, arg2) and r2(arg3, arg4) and r3(arg5, arg6) and r4(arg7, arg8) and r5(arg9, arg10, arg11, arg12)), r1(arg1, arg2), r2(arg3, arg4), r3(arg5, arg6), r4(arg7, arg8), r5(arg9, arg10, arg11, arg12)";Correct syntax;['True, True, True, True, False, True', 'False, True, True, True, True, True', 'True, False, False, False, True, False'];['True, True, True, True, False, True', 'False, True, True, True, True, True', 'True, False, False, False, True, False']
"System Message:
        You are a logician with a background in mathematics that translates natural language
        reasoning text to Python3 code so that these natural language reasoning problems can be solved.
        During the translation, please pay close attention to defining variables and rules.
        Do not add any comments from you.
        Be guided by the following example:
        Example input text:
        Textual context: If the parameter A's value is at least 20, the lowest possible value of parameter B is 5.
If the parameter C's value is at least 20, the lowest possible value of parameter D is 40.
Parameter E's value cannot be less than parameter F's value.
Parameter G's value cannot be less than parameter H's value.
Parameter I's value cannot be less than parameter J's value.
Parameter K's value cannot be less than parameter L's value.

        Example Python3 code:
        # If the parameter A's value is at least 20, the lowest possible value of parameter B is 5.
def r1(a: float, b: float) -> bool:
    if b / a >= 0.25:
        return True
    else:
        return False

# If the parameter C's value is at least 20, the lowest possible value of parameter D is 40.
def r2(c: float, d: float) -> bool:
    if d / c >= 2:
        return True
    else:
        return False

# Parameter E's value cannot be less than parameter F's value.
def r3(e: float, f: float) -> bool:
    if e >= f:
        return True
    else:
        return False

# Parameter G's value cannot be less than parameter H's value.
def r4(g: float, h: float) -> bool:
    if g >= h:
        return True
    else:
        return False

# Parameter I's value cannot be less than parameter J's value.
def r5(i: float, j: float) -> bool:
    if i >= j:
        return True
    else:
        return False

# Parameter K's value cannot be less than parameter L's value.
def r6(k: float, l: float) -> bool:
    if k >= l:
        return True
    else:
        return False


        
Input text:
Textual context: Total operation time shouldn’t be lower than PTO operation time.
Idle time should be less than or equal to the total operation time.
The total stop count must not be lower than the count of stops where PTO is engaged.
The load carried by axle 1 must be smaller than or equal to the load on axle 2.
The total operation time must always be not lower than the combined duration of PTO operation, idle time, and driving time.";"Total operation time shouldn’t be lower than PTO operation time.
Idle time should be less than or equal to the total operation time.
The total stop count must not be lower than the count of stops where PTO is engaged.
The load carried by axle 1 must be smaller than or equal to the load on axle 2.
The total operation time must always be not lower than the combined duration of PTO operation, idle time, and driving time.";5;[['total operation time', 'PTO operation time'], ['idle time', 'total operation time'], ['stops', 'stops with PTO engaged'], ['axle 1 load', 'axle 2 load'], ['total operation time', 'PTO operation time', 'idle time', 'driving time']];Llama-8;"def r1(tot: float, pto: float) -> bool:
    if tot >= pto:
        return True
    else:
        return False

def r2(idle: float, tot: float) -> bool:
    if idle <= tot:
        return True
    else:
        return False

def r3(stops: int, pto_stops: int) -> bool:
    if stops >= pto_stops:
        return True
    else:
        return False

def r4(axle1: float, axle2: float) -> bool:
    if axle1 <= axle2:
        return True
    else:
        return False

def r5(tot: float, pto: float, idle: float, driving: float) -> bool:
    if tot >= pto + idle + driving:
        return True
    else:
        return False

def r6(arg1: float, arg2: float, arg3: float, arg4: float, arg5: float, arg6: float, arg7: float, arg8: float, arg9: float, arg10: float, arg11: float, arg12: float):
    return not(r1(arg1, arg2) and r2(arg3, arg4) and r3(arg5, arg6) and r4(arg7, arg8) and r5(arg9, arg10, arg11, arg12)), r1(arg1, arg2), r2(arg3, arg4), r3(arg5, arg6), r4(arg7, arg8), r5(arg9, arg10, arg11, arg12)";Correct syntax;['True, True, True, True, False, True', 'False, True, True, True, True, True', 'True, False, False, False, True, False'];['True, True, True, True, False, True', 'False, True, True, True, True, True', 'True, False, False, False, True, False']
"System Message:
        You are a logician with a background in mathematics that translates natural language
        reasoning text to Python3 code so that these natural language reasoning problems can be solved.
        During the translation, please pay close attention to defining variables and rules.
        Do not add any comments from you.
        Be guided by the following example:
        Example input text:
        Textual context: If the parameter A's value is at least 20, the lowest possible value of parameter B is 5.
If the parameter C's value is at least 20, the lowest possible value of parameter D is 40.
Parameter E's value cannot be less than parameter F's value.
Parameter G's value cannot be less than parameter H's value.
Parameter I's value cannot be less than parameter J's value.
Parameter K's value cannot be less than parameter L's value.

        Example Python3 code:
        # If the parameter A's value is at least 20, the lowest possible value of parameter B is 5.
def r1(a: float, b: float) -> bool:
    if b / a >= 0.25:
        return True
    else:
        return False

# If the parameter C's value is at least 20, the lowest possible value of parameter D is 40.
def r2(c: float, d: float) -> bool:
    if d / c >= 2:
        return True
    else:
        return False

# Parameter E's value cannot be less than parameter F's value.
def r3(e: float, f: float) -> bool:
    if e >= f:
        return True
    else:
        return False

# Parameter G's value cannot be less than parameter H's value.
def r4(g: float, h: float) -> bool:
    if g >= h:
        return True
    else:
        return False

# Parameter I's value cannot be less than parameter J's value.
def r5(i: float, j: float) -> bool:
    if i >= j:
        return True
    else:
        return False

# Parameter K's value cannot be less than parameter L's value.
def r6(k: float, l: float) -> bool:
    if k >= l:
        return True
    else:
        return False


        
Input text:
Textual context: The total operation duration must not be lower than the PTO operation time.
The total operation duration must not be lower than the idle time.
Driving time cannot be greater than the total operation time.
The weight on axle 1 cannot surpass the weight on axle 2.
The combined time for PTO operation, idle time, and driving time must not surpass the total operation time.";"The total operation duration must not be lower than the PTO operation time.
The total operation duration must not be lower than the idle time.
Driving time cannot be greater than the total operation time.
The weight on axle 1 cannot surpass the weight on axle 2.
The combined time for PTO operation, idle time, and driving time must not surpass the total operation time.";5;[['total operation time', 'PTO operation time'], ['total operation time', 'idle time'], ['driving time', 'total operation time'], ['axle 1 load', 'axle 2 load'], ['PTO operation time', 'idle time', 'driving time', 'total operation time']];Llama-8;"def r1(total_operation_time: float, pto_operation_time: float) -> bool:
    if total_operation_time >= pto_operation_time:
        return True
    else:
        return False

def r2(total_operation_time: float, idle_time: float) -> bool:
    if total_operation_time >= idle_time:
        return True
    else:
        return False

def r3(driving_time: float, total_operation_time: float) -> bool:
    if driving_time <= total_operation_time:
        return True
    else:
        return False

def r4(axle1_weight: float, axle2_weight: float) -> bool:
    if axle1_weight <= axle2_weight:
        return True
    else:
        return False

def r5(pto_operation_time: float, idle_time: float, driving_time: float, total_operation_time: float) -> bool:
    if pto_operation_time + idle_time + driving_time <= total_operation_time:
        return True
    else:
        return False

def r6(arg1: float, arg2: float, arg3: float, arg4: float, arg5: float, arg6: float, arg7: float, arg8: float, arg9: float, arg10: float, arg11: float, arg12: float):
    return not(r1(arg1, arg2) and r2(arg3, arg4) and r3(arg5, arg6) and r4(arg7, arg8) and r5(arg9, arg10, arg11, arg12)), r1(arg1, arg2), r2(arg3, arg4), r3(arg5, arg6), r4(arg7, arg8), r5(arg9, arg10, arg11, arg12)";Correct syntax;['True, True, True, True, False, True', 'False, True, True, True, True, True', 'True, False, False, False, True, False'];['True, True, True, True, False, True', 'False, True, True, True, True, True', 'True, False, False, False, True, False']
"System Message:
        You are a logician with a background in mathematics that translates natural language
        reasoning text to Python3 code so that these natural language reasoning problems can be solved.
        During the translation, please pay close attention to defining variables and rules.
        Do not add any comments from you.
        Be guided by the following example:
        Example input text:
        Textual context: If the parameter A's value is at least 20, the lowest possible value of parameter B is 5.
If the parameter C's value is at least 20, the lowest possible value of parameter D is 40.
Parameter E's value cannot be less than parameter F's value.
Parameter G's value cannot be less than parameter H's value.
Parameter I's value cannot be less than parameter J's value.
Parameter K's value cannot be less than parameter L's value.

        Example Python3 code:
        # If the parameter A's value is at least 20, the lowest possible value of parameter B is 5.
def r1(a: float, b: float) -> bool:
    if b / a >= 0.25:
        return True
    else:
        return False

# If the parameter C's value is at least 20, the lowest possible value of parameter D is 40.
def r2(c: float, d: float) -> bool:
    if d / c >= 2:
        return True
    else:
        return False

# Parameter E's value cannot be less than parameter F's value.
def r3(e: float, f: float) -> bool:
    if e >= f:
        return True
    else:
        return False

# Parameter G's value cannot be less than parameter H's value.
def r4(g: float, h: float) -> bool:
    if g >= h:
        return True
    else:
        return False

# Parameter I's value cannot be less than parameter J's value.
def r5(i: float, j: float) -> bool:
    if i >= j:
        return True
    else:
        return False

# Parameter K's value cannot be less than parameter L's value.
def r6(k: float, l: float) -> bool:
    if k >= l:
        return True
    else:
        return False


        
Input text:
Textual context: The total operation duration must not be lower than the PTO operation time.
The total operation duration must not be lower than the idle time.
Total operation time should shouldn’t be lower than driving time.
Stops with PTO engaged should never outnumber total stops.
The payload must not exceed the load carried by axle 3.
Total operation time must be greater than or equal to the sum of PTO operation, idle, and driving times.";"The total operation duration must not be lower than the PTO operation time.
The total operation duration must not be lower than the idle time.
Total operation time should shouldn’t be lower than driving time.
Stops with PTO engaged should never outnumber total stops.
The payload must not exceed the load carried by axle 3.
Total operation time must be greater than or equal to the sum of PTO operation, idle, and driving times.";6;[['total operation time', 'PTO operation time'], ['total operation time', 'idle time'], ['total operation time', 'driving time'], ['stops with PTO engaged', 'stops'], ['payload', 'axle 3 load'], ['total operation time', 'PTO operation time', 'idle time', 'driving time']];Llama-8;"def r1(total_operation_time: float, pto_operation_time: float) -> bool:
    if total_operation_time >= pto_operation_time:
        return True
    else:
        return False

def r2(total_operation_time: float, idle_time: float) -> bool:
    if total_operation_time >= idle_time:
        return True
    else:
        return False

def r3(total_operation_time: float, driving_time: float) -> bool:
    if total_operation_time >= driving_time:
        return True
    else:
        return False

def r4(pto_stops: int, total_stops: int) -> bool:
    if pto_stops <= total_stops:
        return True
    else:
        return False

def r5(payload: float, load_axle3: float) -> bool:
    if payload <= load_axle3:
        return True
    else:
        return False

def r6(total_operation_time: float, pto_operation_time: float, idle_time: float, driving_time: float) -> bool:
    if total_operation_time >= pto_operation_time + idle_time + driving_time:
        return True
    else:
        return False

def r7(arg1: float, arg2: float, arg3: float, arg4: float, arg5: float, arg6: float, arg7: float, arg8: float, arg9: float, arg10: float, arg11: float, arg12: float, arg13: float, arg14: float):
    return not(r1(arg1, arg2) and r2(arg3, arg4) and r3(arg5, arg6) and r4(arg7, arg8) and r5(arg9, arg10) and r6(arg11, arg12, arg13, arg14)), r1(arg1, arg2), r2(arg3, arg4), r3(arg5, arg6), r4(arg7, arg8), r5(arg9, arg10), r6(arg11, arg12, arg13, arg14)";Correct syntax;['True, True, True, True, True, False, True', 'False, True, True, True, True, True, True', 'True, False, False, False, False, True, False'];['True, True, True, True, True, False, True', 'False, True, True, True, True, True, True', 'True, False, False, False, False, True, False']
"System Message:
        You are a logician with a background in mathematics that translates natural language
        reasoning text to Python3 code so that these natural language reasoning problems can be solved.
        During the translation, please pay close attention to defining variables and rules.
        Do not add any comments from you.
        Be guided by the following example:
        Example input text:
        Textual context: If the parameter A's value is at least 20, the lowest possible value of parameter B is 5.
If the parameter C's value is at least 20, the lowest possible value of parameter D is 40.
Parameter E's value cannot be less than parameter F's value.
Parameter G's value cannot be less than parameter H's value.
Parameter I's value cannot be less than parameter J's value.
Parameter K's value cannot be less than parameter L's value.

        Example Python3 code:
        # If the parameter A's value is at least 20, the lowest possible value of parameter B is 5.
def r1(a: float, b: float) -> bool:
    if b / a >= 0.25:
        return True
    else:
        return False

# If the parameter C's value is at least 20, the lowest possible value of parameter D is 40.
def r2(c: float, d: float) -> bool:
    if d / c >= 2:
        return True
    else:
        return False

# Parameter E's value cannot be less than parameter F's value.
def r3(e: float, f: float) -> bool:
    if e >= f:
        return True
    else:
        return False

# Parameter G's value cannot be less than parameter H's value.
def r4(g: float, h: float) -> bool:
    if g >= h:
        return True
    else:
        return False

# Parameter I's value cannot be less than parameter J's value.
def r5(i: float, j: float) -> bool:
    if i >= j:
        return True
    else:
        return False

# Parameter K's value cannot be less than parameter L's value.
def r6(k: float, l: float) -> bool:
    if k >= l:
        return True
    else:
        return False


        
Input text:
Textual context: PTO operation time should be less than or equal to the total operation time.
Total operation time should shouldn’t be lower than driving time.
Stops with PTO engaged cannot outnumber the total stops.
The payload must always be smaller than or equal to the load on axle 2.
The payload must always be smaller than or equal to the load on axle 3.";"PTO operation time should be less than or equal to the total operation time.
Total operation time should shouldn’t be lower than driving time.
Stops with PTO engaged cannot outnumber the total stops.
The payload must always be smaller than or equal to the load on axle 2.
The payload must always be smaller than or equal to the load on axle 3.";5;[['PTO operation time', 'total operation time'], ['total operation time', 'driving time'], ['stops with PTO engaged', 'stops'], ['payload', 'axle 2 load'], ['payload', 'axle 3 load']];Llama-8;"def r1(pto_operation_time: float, total_operation_time: float) -> bool:
    if pto_operation_time <= total_operation_time:
        return True
    else:
        return False

def r2(total_operation_time: float, driving_time: float) -> bool:
    if total_operation_time >= driving_time:
        return True
    else:
        return False

def r3(pto_stops: int, total_stops: int) -> bool:
    if pto_stops <= total_stops:
        return True
    else:
        return False

def r4(payload: float, load_axle2: float) -> bool:
    if payload <= load_axle2:
        return True
    else:
        return False

def r5(payload: float, load_axle3: float) -> bool:
    if payload <= load_axle3:
        return True
    else:
        return False

def r6(arg1: float, arg2: float, arg3: float, arg4: float, arg5: float, arg6: float, arg7: float, arg8: float, arg9: float, arg10: float):
    return not(r1(arg1, arg2) and r2(arg3, arg4) and r3(arg5, arg6) and r4(arg7, arg8) and r5(arg9, arg10)), r1(arg1, arg2), r2(arg3, arg4), r3(arg5, arg6), r4(arg7, arg8), r5(arg9, arg10)";Correct syntax;['True, True, True, True, False, False', 'False, True, True, True, True, True', 'True, False, False, False, True, True'];['True, True, True, True, False, False', 'False, True, True, True, True, True', 'True, False, False, False, True, True']
"System Message:
        You are a logician with a background in mathematics that translates natural language
        reasoning text to Python3 code so that these natural language reasoning problems can be solved.
        During the translation, please pay close attention to defining variables and rules.
        Do not add any comments from you.
        Be guided by the following example:
        Example input text:
        Textual context: If the parameter A's value is at least 20, the lowest possible value of parameter B is 5.
If the parameter C's value is at least 20, the lowest possible value of parameter D is 40.
Parameter E's value cannot be less than parameter F's value.
Parameter G's value cannot be less than parameter H's value.
Parameter I's value cannot be less than parameter J's value.
Parameter K's value cannot be less than parameter L's value.

        Example Python3 code:
        # If the parameter A's value is at least 20, the lowest possible value of parameter B is 5.
def r1(a: float, b: float) -> bool:
    if b / a >= 0.25:
        return True
    else:
        return False

# If the parameter C's value is at least 20, the lowest possible value of parameter D is 40.
def r2(c: float, d: float) -> bool:
    if d / c >= 2:
        return True
    else:
        return False

# Parameter E's value cannot be less than parameter F's value.
def r3(e: float, f: float) -> bool:
    if e >= f:
        return True
    else:
        return False

# Parameter G's value cannot be less than parameter H's value.
def r4(g: float, h: float) -> bool:
    if g >= h:
        return True
    else:
        return False

# Parameter I's value cannot be less than parameter J's value.
def r5(i: float, j: float) -> bool:
    if i >= j:
        return True
    else:
        return False

# Parameter K's value cannot be less than parameter L's value.
def r6(k: float, l: float) -> bool:
    if k >= l:
        return True
    else:
        return False


        
Input text:
Textual context: PTO operation time must be less than or equal to the total operation time.
Idle time must always be less than or equal to the total operation time.
The total operation durationmust not be lower than the driving time.
The load supported by axle 1 cannot exceed that of axle 3.
The payload must always be smaller than or equal to the load on axle 2.
Total operation time should be at least the sum of PTO, idle, and driving times.";"PTO operation time must be less than or equal to the total operation time.
Idle time must always be less than or equal to the total operation time.
The total operation durationmust not be lower than the driving time.
The load supported by axle 1 cannot exceed that of axle 3.
The payload must always be smaller than or equal to the load on axle 2.
Total operation time should be at least the sum of PTO, idle, and driving times.";6;[['PTO operation time', 'total operation time'], ['idle time', 'total operation time'], ['total operation time', 'driving time'], ['axle 1 load', 'axle 3 load'], ['payload', 'axle 2 load'], ['total operation time', 'PTO operation time', 'idle time', 'driving time']];Llama-8;"def r1(pto: float, total_operation_time: float) -> bool:
    if pto <= total_operation_time:
        return True
    else:
        return False

def r2(idle: float, total_operation_time: float) -> bool:
    if idle <= total_operation_time:
        return True
    else:
        return False

def r3(total_operation_time: float, driving_time: float) -> bool:
    if total_operation_time >= driving_time:
        return True
    else:
        return False

def r4(axle1: float, axle3: float) -> bool:
    if axle1 <= axle3:
        return True
    else:
        return False

def r5(payload: float, axle2: float) -> bool:
    if payload <= axle2:
        return True
    else:
        return False

def r6(total_operation_time: float, pto: float, idle: float, driving_time: float) -> bool:
    if total_operation_time >= pto + idle + driving_time:
        return True
    else:
        return False

def r7(arg1: float, arg2: float, arg3: float, arg4: float, arg5: float, arg6: float, arg7: float, arg8: float, arg9: float, arg10: float, arg11: float, arg12: float, arg13: float, arg14: float):
    return not(r1(arg1, arg2) and r2(arg3, arg4) and r3(arg5, arg6) and r4(arg7, arg8) and r5(arg9, arg10) and r6(arg11, arg12, arg13, arg14)), r1(arg1, arg2), r2(arg3, arg4), r3(arg5, arg6), r4(arg7, arg8), r5(arg9, arg10), r6(arg11, arg12, arg13, arg14)";Correct syntax;['True, True, True, True, False, False, True', 'False, True, True, True, True, True, True', 'True, False, False, False, True, True, False'];['True, True, True, True, False, False, True', 'False, True, True, True, True, True, True', 'True, False, False, False, True, True, False']
"System Message:
        You are a logician with a background in mathematics that translates natural language
        reasoning text to Python3 code so that these natural language reasoning problems can be solved.
        During the translation, please pay close attention to defining variables and rules.
        Do not add any comments from you.
        Be guided by the following example:
        Example input text:
        Textual context: If the parameter A's value is at least 20, the lowest possible value of parameter B is 5.
If the parameter C's value is at least 20, the lowest possible value of parameter D is 40.
Parameter E's value cannot be less than parameter F's value.
Parameter G's value cannot be less than parameter H's value.
Parameter I's value cannot be less than parameter J's value.
Parameter K's value cannot be less than parameter L's value.

        Example Python3 code:
        # If the parameter A's value is at least 20, the lowest possible value of parameter B is 5.
def r1(a: float, b: float) -> bool:
    if b / a >= 0.25:
        return True
    else:
        return False

# If the parameter C's value is at least 20, the lowest possible value of parameter D is 40.
def r2(c: float, d: float) -> bool:
    if d / c >= 2:
        return True
    else:
        return False

# Parameter E's value cannot be less than parameter F's value.
def r3(e: float, f: float) -> bool:
    if e >= f:
        return True
    else:
        return False

# Parameter G's value cannot be less than parameter H's value.
def r4(g: float, h: float) -> bool:
    if g >= h:
        return True
    else:
        return False

# Parameter I's value cannot be less than parameter J's value.
def r5(i: float, j: float) -> bool:
    if i >= j:
        return True
    else:
        return False

# Parameter K's value cannot be less than parameter L's value.
def r6(k: float, l: float) -> bool:
    if k >= l:
        return True
    else:
        return False


        
Input text:
Textual context: The total operation duration must not be lower than the idle time.
Driving time cannot be greater than the total operation time.
Stops with PTO engaged should never outnumber total stops.
The weight on axle 1 cannot surpass the weight on axle 2.
The weight on axle 1 cannot surpass the weight on axle 3.
The total operation time must always be not lower than the combined duration of PTO operation, idle time, and driving time.";"The total operation duration must not be lower than the idle time.
Driving time cannot be greater than the total operation time.
Stops with PTO engaged should never outnumber total stops.
The weight on axle 1 cannot surpass the weight on axle 2.
The weight on axle 1 cannot surpass the weight on axle 3.
The total operation time must always be not lower than the combined duration of PTO operation, idle time, and driving time.";6;[['total operation time', 'idle time'], ['driving time', 'total operation time'], ['stops with PTO engaged', 'stops'], ['axle 1 load', 'axle 2 load'], ['axle 1 load', 'axle 3 load'], ['total operation time', 'PTO operation time', 'idle time', 'driving time']];Llama-8;"def r1(total_operation_time: float, idle_time: float) -> bool:
    if total_operation_time >= idle_time:
        return True
    else:
        return False

def r2(driving_time: float, total_operation_time: float) -> bool:
    if driving_time <= total_operation_time:
        return True
    else:
        return False

def r3(pto_stops: int, total_stops: int) -> bool:
    if pto_stops <= total_stops:
        return True
    else:
        return False

def r4(axle1_weight: float, axle2_weight: float) -> bool:
    if axle1_weight <= axle2_weight:
        return True
    else:
        return False

def r5(axle1_weight: float, axle3_weight: float) -> bool:
    if axle1_weight <= axle3_weight:
        return True
    else:
        return False

def r6(total_operation_time: float, pto_operation_time: float, idle_time: float, driving_time: float) -> bool:
    if total_operation_time >= pto_operation_time + idle_time + driving_time:
        return True
    else:
        return False

def r7(arg1: float, arg2: float, arg3: float, arg4: float, arg5: float, arg6: float, arg7: float, arg8: float, arg9: float, arg10: float, arg11: float, arg12: float, arg13: float, arg14: float):
    return not(r1(arg1, arg2) and r2(arg3, arg4) and r3(arg5, arg6) and r4(arg7, arg8) and r5(arg9, arg10) and r6(arg11, arg12, arg13, arg14)), r1(arg1, arg2), r2(arg3, arg4), r3(arg5, arg6), r4(arg7, arg8), r5(arg9, arg10), r6(arg11, arg12, arg13, arg14)";Correct syntax;['True, True, True, True, False, False, True', 'False, True, True, True, True, True, True', 'True, False, False, False, True, True, False'];['True, True, True, True, False, False, True', 'False, True, True, True, True, True, True', 'True, False, False, False, True, True, False']
"System Message:
        You are a logician with a background in mathematics that translates natural language
        reasoning text to Python3 code so that these natural language reasoning problems can be solved.
        During the translation, please pay close attention to defining variables and rules.
        Do not add any comments from you.
        Be guided by the following example:
        Example input text:
        Textual context: If the parameter A's value is at least 20, the lowest possible value of parameter B is 5.
If the parameter C's value is at least 20, the lowest possible value of parameter D is 40.
Parameter E's value cannot be less than parameter F's value.
Parameter G's value cannot be less than parameter H's value.
Parameter I's value cannot be less than parameter J's value.
Parameter K's value cannot be less than parameter L's value.

        Example Python3 code:
        # If the parameter A's value is at least 20, the lowest possible value of parameter B is 5.
def r1(a: float, b: float) -> bool:
    if b / a >= 0.25:
        return True
    else:
        return False

# If the parameter C's value is at least 20, the lowest possible value of parameter D is 40.
def r2(c: float, d: float) -> bool:
    if d / c >= 2:
        return True
    else:
        return False

# Parameter E's value cannot be less than parameter F's value.
def r3(e: float, f: float) -> bool:
    if e >= f:
        return True
    else:
        return False

# Parameter G's value cannot be less than parameter H's value.
def r4(g: float, h: float) -> bool:
    if g >= h:
        return True
    else:
        return False

# Parameter I's value cannot be less than parameter J's value.
def r5(i: float, j: float) -> bool:
    if i >= j:
        return True
    else:
        return False

# Parameter K's value cannot be less than parameter L's value.
def r6(k: float, l: float) -> bool:
    if k >= l:
        return True
    else:
        return False


        
Input text:
Textual context: Idle time cannot be greater than the total operation time.
Driving time should be less than or equal to the total operation time.
The load carried by axle 1 must be smaller than or equal to the load on axle 2.
The load on axle 1 must not surpass the load on axle 3.
Payload must remain below or equal to the load carried by axle 2.
The payload must always be smaller than or equal to the load on axle 3.";"Idle time cannot be greater than the total operation time.
Driving time should be less than or equal to the total operation time.
The load carried by axle 1 must be smaller than or equal to the load on axle 2.
The load on axle 1 must not surpass the load on axle 3.
Payload must remain below or equal to the load carried by axle 2.
The payload must always be smaller than or equal to the load on axle 3.";6;[['idle time', 'total operation time'], ['driving time', 'total operation time'], ['axle 1 load', 'axle 2 load'], ['axle 1 load', 'axle 3 load'], ['payload', 'axle 2 load'], ['payload', 'axle 3 load']];Llama-8;"def r1(idle_time: float, total_operation_time: float) -> bool:
    if idle_time <= total_operation_time:
        return True
    else:
        return False

def r2(driving_time: float, total_operation_time: float) -> bool:
    if driving_time <= total_operation_time:
        return True
    else:
        return False

def r3(axle1_load: float, axle2_load: float) -> bool:
    if axle1_load <= axle2_load:
        return True
    else:
        return False

def r4(axle1_load: float, axle3_load: float) -> bool:
    if axle1_load <= axle3_load:
        return True
    else:
        return False

def r5(payload: float, axle2_load: float) -> bool:
    if payload <= axle2_load:
        return True
    else:
        return False

def r6(payload: float, axle3_load: float) -> bool:
    if payload <= axle3_load:
        return True
    else:
        return False

def r7(arg1: float, arg2: float, arg3: float, arg4: float, arg5: float, arg6: float, arg7: float, arg8: float, arg9: float, arg10: float, arg11: float, arg12: float):
    return not(r1(arg1, arg2) and r2(arg3, arg4) and r3(arg5, arg6) and r4(arg7, arg8) and r5(arg9, arg10) and r6(arg11, arg12)), r1(arg1, arg2), r2(arg3, arg4), r3(arg5, arg6), r4(arg7, arg8), r5(arg9, arg10), r6(arg11, arg12)";Correct syntax;['True, True, True, False, False, False, False', 'False, True, True, True, True, True, True', 'True, False, False, True, True, True, True'];['True, True, True, False, False, False, False', 'False, True, True, True, True, True, True', 'True, False, False, True, True, True, True']
"System Message:
        You are a logician with a background in mathematics that translates natural language
        reasoning text to Python3 code so that these natural language reasoning problems can be solved.
        During the translation, please pay close attention to defining variables and rules.
        Do not add any comments from you.
        Be guided by the following example:
        Example input text:
        Textual context: If the parameter A's value is at least 20, the lowest possible value of parameter B is 5.
If the parameter C's value is at least 20, the lowest possible value of parameter D is 40.
Parameter E's value cannot be less than parameter F's value.
Parameter G's value cannot be less than parameter H's value.
Parameter I's value cannot be less than parameter J's value.
Parameter K's value cannot be less than parameter L's value.

        Example Python3 code:
        # If the parameter A's value is at least 20, the lowest possible value of parameter B is 5.
def r1(a: float, b: float) -> bool:
    if b / a >= 0.25:
        return True
    else:
        return False

# If the parameter C's value is at least 20, the lowest possible value of parameter D is 40.
def r2(c: float, d: float) -> bool:
    if d / c >= 2:
        return True
    else:
        return False

# Parameter E's value cannot be less than parameter F's value.
def r3(e: float, f: float) -> bool:
    if e >= f:
        return True
    else:
        return False

# Parameter G's value cannot be less than parameter H's value.
def r4(g: float, h: float) -> bool:
    if g >= h:
        return True
    else:
        return False

# Parameter I's value cannot be less than parameter J's value.
def r5(i: float, j: float) -> bool:
    if i >= j:
        return True
    else:
        return False

# Parameter K's value cannot be less than parameter L's value.
def r6(k: float, l: float) -> bool:
    if k >= l:
        return True
    else:
        return False


        
Input text:
Textual context: Total operation time should shouldn’t be lower than driving time.
The number of stops where PTO is engaged must not exceed the overall stop count.
The weight on axle 1 cannot surpass the weight on axle 3.
Payload must remain below or equal to the load carried by axle 2.
Payload must remain below or equal to the load carried by axle 3.";"Total operation time should shouldn’t be lower than driving time.
The number of stops where PTO is engaged must not exceed the overall stop count.
The weight on axle 1 cannot surpass the weight on axle 3.
Payload must remain below or equal to the load carried by axle 2.
Payload must remain below or equal to the load carried by axle 3.";5;[['total operation time', 'driving time'], ['stops with PTO engaged', 'stops'], ['axle 1 load', 'axle 3 load'], ['payload', 'axle 2 load'], ['payload', 'axle 3 load']];Llama-8;"def r1(operation_time: float, driving_time: float) -> bool:
    if operation_time >= driving_time:
        return True
    else:
        return False

def r2(pto_stops: int, overall_stops: int) -> bool:
    if pto_stops <= overall_stops:
        return True
    else:
        return False

def r3(axle1: float, axle3: float) -> bool:
    if axle1 <= axle3:
        return True
    else:
        return False

def r4(payload: float, axle2: float) -> bool:
    if payload <= axle2:
        return True
    else:
        return False

def r5(payload: float, axle3: float) -> bool:
    if payload <= axle3:
        return True
    else:
        return False

def r6(arg1: float, arg2: float, arg3: float, arg4: float, arg5: float, arg6: float, arg7: float, arg8: float, arg9: float, arg10: float):
    return not(r1(arg1, arg2) and r2(arg3, arg4) and r3(arg5, arg6) and r4(arg7, arg8) and r5(arg9, arg10)), r1(arg1, arg2), r2(arg3, arg4), r3(arg5, arg6), r4(arg7, arg8), r5(arg9, arg10)";Correct syntax;['True, True, True, False, False, False', 'False, True, True, True, True, True', 'True, False, False, True, True, True'];['True, True, True, False, False, False', 'False, True, True, True, True, True', 'True, False, False, True, True, True']
"System Message:
You are an agent which task is to correct Python3 code implementing logical rules, generated by another large language model,
so that they throw no runtime errors during program execution and correspond to the logical assumptions expressed in natural language.
To perform this task you will receive a Python3 code with valid syntax, which not correspond to the logical premises and throw runtime errors,
and these logical premises expressed in natural language, which should be translated into rules in Python3 code.
Your task is to return a valid Python3 rules for a given premises, having corrected the runtime errors.
Improvements made should mainly include defining the correct number of arguments for each function according to corresponding premise
and using inside functions the proper variables, previously defined in the function declaration.
Do not make any corrections to the last function.
Please output only a valid Python code only with comments started with #.
Do not add any additional texts, tags and comments.
Be guided by the following examples:

Example 1
# If the parameter C's value is at least 20, the lowest possible value of parameter D is 40.
def r1(c: float, d: float) -> bool:
    if c >= 20 and d / c >= 0.4:
        return True
    else:
        return False

# Parameter W value should be at least the sum of parameter X, parameter Y and parameter Z.
def r2(x: float, y: float, z: float) -> bool:
    if x + y + z >= 0:
        return True
    else:
        return False

# To identify the day as abnormal, it is enough that even one or more conditions are violated.
def r3(arg1: float, arg2: float, arg3: float, arg4: float, arg5: float, arg6: float):
    return not(r1(arg1, arg2) and r2(arg3, arg4, arg5, arg6)), r1(arg1, arg2), r2(arg3, arg4, arg5, arg6)

It is supposed to translate the following example text into rules:
If the parameter C's value is at least 20, the lowest possible value of parameter D is 40.
Parameter W value should be at least the sum of parameter X, parameter Y and parameter Z.

Code after execution returns the following error:
Traceback (most recent call last):
  File ""/home/obywatelfg/Doktorat/Badania/Logic-LLM/LLM-logic/New_val_Adapt_Task2_outputs_python_no_final_rule/Llama-8/2/python_code/2_output_python.py"", line 18, in <module>
    print(r3(2226.8, 2432.3, 0.3, 0.9, 2.7, 1.0))
  File ""/home/obywatelfg/Doktorat/Badania/Logic-LLM/LLM-logic/New_val_Adapt_Task2_outputs_python_no_final_rule/Llama-8/2/python_code/2_output_python.py"", line 16, in r3
    return not(r1(arg1, arg2) and r2(arg3, arg4, arg5, arg6)), r1(arg1, arg2), r2(arg3, arg4, arg5, arg6)
TypeError: r2() takes 3 positional arguments but 4 were given

Please correct the code.

The corrected code should be the following:
# If the parameter C's value is at least 20, the lowest possible value of parameter D is 40.
def r1(c: float, d: float) -> bool:
    if c >= 20 and d / c >= 0.4:
        return True
    else:
        return False

# This function lack of parameter W in a function definition and a body, where logical rule should check the proportion between param W and sum of params x, y, z.
# Parameter W value should be at least the sum of parameter X, parameter Y and parameter Z.
def r2(x: float, y: float, z: float, w: float) -> bool:
    if x + y + z <= w:
        return True
    else:
        return False

# To identify the day as abnormal, it is enough that even one or more conditions are violated.
def r3(arg1: float, arg2: float, arg3: float, arg4: float, arg5: float, arg6: float):
    return not(r1(arg1, arg2) and r2(arg3, arg4, arg5, arg6)), r1(arg1, arg2), r2(arg3, arg4, arg5, arg6)


Example 2
# If the parameter C's value is at least 20, the lowest possible value of parameter D is 40.
def r1(c: float) -> bool:
    if c >= 40 and c >= 0.4:
        return True
    else:
        return False

# Parameter T's value shouldn't be lower than parameter P's value.
def r2(t: float, p: float) -> bool:
    if t >= p:
        return True
    else:
        return False

# To identify the day as abnormal, it is enough that even one or more conditions are violated.
def r3(arg1: float, arg2: float, arg3: float, arg4: float):
    return not(r1(arg1, arg2) and r2(arg3, arg4)), r1(arg1, arg2), r2(arg3, arg4)

It is supposed to translate the following example text into rules:
If the parameter C's value is at least 20, the lowest possible value of parameter D is 40.
Parameter T's value shouldn't be lower than parameter P's value.

Code after execution returns the following error:
Traceback (most recent call last):
  File ""/home/obywatelfg/Doktorat/Badania/Logic-LLM/LLM-logic/New_val_Adapt_Task2_outputs_python_no_final_rule/Llama-8/4/python_code/121_output_python.py"", line 32, in <module>
    print(r5(227.70000000000002, 75.9, 9.5, 1.9, 7203.1, 6652.3, 10268.5, 8400.7))
  File ""/home/obywatelfg/Doktorat/Badania/Logic-LLM/LLM-logic/New_val_Adapt_Task2_outputs_python_no_final_rule/Llama-8/4/python_code/121_output_python.py"", line 30, in r5
    return not(r1(arg1, arg2) and r2(arg3, arg4) and r3(arg5, arg6) and r4(arg7, arg8)), r1(arg1, arg2), r2(arg3, arg4), r3(arg5, arg6), r4(arg7, arg8)
TypeError: r1() takes 1 positional argument but 2 were given

Please correct the code.

The corrected code should be the following:
# If the parameter C's value is at least 20, the lowest possible value of parameter D is 40.
def r1(c: float, d: float) -> bool:
    if d / c >= 2:
        return True
    else:
        return False

# Parameter T's value shouldn't be lower than parameter P's value.
def r2(t: float, p: float) -> bool:
    if t >= p:
        return True
    else:
        return False

# To identify the day as abnormal, it is enough that even one or more conditions are violated.
def r3(arg1: float, arg2: float, arg3: float, arg4: float):
    return not(r1(arg1, arg2) and r2(arg3, arg4)), r1(arg1, arg2), r2(arg3, arg4)


The input for your task:
This is the Python3 code which not correspond to the given logical premises:
def r1(total_operation_time: float, pto_operation_time: float) -> bool:
    if total_operation_time < pto_operation_time:
        return False
    else:
        return True

def r2(pto_engaged_stops: float, total_stops: float) -> bool:
    if ptos_stops > total_stops:
        return False
    else:
        return True

def r3(load_axle1: float, load_axle2: float) -> bool:
    if load_axle1 > load_axle2:
        return False
    else:
        return True

def r4(weight_axle1: float, weight_axle3: float) -> bool:
    if weight_axle1 > weight_axle3:
        return False
    else:
        return True

def r5(total_operation_time: float, pto_operation_time: float, idle_operation_time: float, driving_operation_time: float) -> bool:
    if total_operation_time < pto_operation_time + idle_operation_time + driving_operation_time:
        return False
    else:
        return True

def r6(arg1: float, arg2: float, arg3: float, arg4: float, arg5: float, arg6: float, arg7: float, arg8: float, arg9: float, arg10: float, arg11: float, arg12: float):
    return not(r1(arg1, arg2) and r2(arg3, arg4) and r3(arg5, arg6) and r4(arg7, arg8) and r5(arg9, arg10, arg11, arg12)), r1(arg1, arg2), r2(arg3, arg4), r3(arg5, arg6), r4(arg7, arg8), r5(arg9, arg10, arg11, arg12)

It is supposed to translate the following text into rules:
Total operation time shouldn’t be lower than PTO operation time.
PTO-engaged stops cannot exceed the total number of stops.
The load on axle 1 must not surpass the load on axle 2.
The weight on axle 1 cannot surpass the weight on axle 3.
Total operation time should be at least the sum of PTO, idle, and driving times.

Code after execution returns the following error:
Traceback (most recent call last):
  File ""/home/frank/Doktorat/ExKLoP/saved_outputs/Task2_syntax_outputs/Llama-8/5/python_code/221_output_python.py"", line 34, in <module>
    print(r6(5.7, 4.0, 110, 171, 3241.2, 3010.4, 4270.1, 2362.5, 2.1, 0.3, 1.0, 0.7))
  File ""/home/frank/Doktorat/ExKLoP/saved_outputs/Task2_syntax_outputs/Llama-8/5/python_code/221_output_python.py"", line 32, in r6
    return not(r1(arg1, arg2) and r2(arg3, arg4) and r3(arg5, arg6) and r4(arg7, arg8) and r5(arg9, arg10, arg11, arg12)), r1(arg1, arg2), r2(arg3, arg4), r3(arg5, arg6), r4(arg7, arg8), r5(arg9, arg10, arg11, arg12)
  File ""/home/frank/Doktorat/ExKLoP/saved_outputs/Task2_syntax_outputs/Llama-8/5/python_code/221_output_python.py"", line 8, in r2
    if ptos_stops > total_stops:
NameError: name 'ptos_stops' is not defined. Did you mean: 'total_stops'?


Please correct the code.   ";"Total operation time shouldn’t be lower than PTO operation time.
PTO-engaged stops cannot exceed the total number of stops.
The load on axle 1 must not surpass the load on axle 2.
The weight on axle 1 cannot surpass the weight on axle 3.
Total operation time should be at least the sum of PTO, idle, and driving times.";5;[['total operation time', 'PTO operation time'], ['stops with PTO engaged', 'stops'], ['axle 1 load', 'axle 2 load'], ['axle 1 load', 'axle 3 load'], ['total operation time', 'PTO operation time', 'idle time', 'driving time']];Llama-8;"def r1(total_operation_time: float, pto_operation_time: float) -> bool:
    if total_operation_time < pto_operation_time:
        return False
    else:
        return True

def r2(pto_engaged_stops: float, total_stops: float) -> bool:
    if pto_engaged_stops <= total_stops:
        return True
    else:
        return False

def r3(load_axle1: float, load_axle2: float) -> bool:
    if load_axle1 <= load_axle2:
        return True
    else:
        return False

def r4(weight_axle1: float, weight_axle3: float) -> bool:
    if weight_axle1 <= weight_axle3:
        return True
    else:
        return False

def r5(pto_operation_time: float, idle_operation_time: float, driving_operation_time: float) -> bool:
    if pto_operation_time + idle_operation_time + driving_operation_time <= total_operation_time:
        return True
    else:
        return False

def r6(arg1: float, arg2: float, arg3: float, arg4: float, arg5: float, arg6: float, arg7: float, arg8: float, arg9: float, arg10: float, arg11: float, arg12: float):
    return not(r1(arg1, arg2) and r2(arg3, arg4) and r3(arg5, arg6) and r4(arg7, arg8) and r5(arg9, arg10, arg11, arg12)), r1(arg1, arg2), r2(arg3, arg4), r3(arg5, arg6), r4(arg7, arg8), r5(arg9, arg10, arg11, arg12)";Correct syntax;Error;"Traceback (most recent call last):
  File ""/home/frank/Doktorat/ExKLoP/saved_outputs/Task2_runtime_outputs/Llama-8/5/python_code/221_output_python.py"", line 34, in <module>
    print(r6(5.7, 4.0, 110, 171, 3241.2, 3010.4, 4270.1, 2362.5, 2.1, 0.3, 1.0, 0.7))
  File ""/home/frank/Doktorat/ExKLoP/saved_outputs/Task2_runtime_outputs/Llama-8/5/python_code/221_output_python.py"", line 32, in r6
    return not(r1(arg1, arg2) and r2(arg3, arg4) and r3(arg5, arg6) and r4(arg7, arg8) and r5(arg9, arg10, arg11, arg12)), r1(arg1, arg2), r2(arg3, arg4), r3(arg5, arg6), r4(arg7, arg8), r5(arg9, arg10, arg11, arg12)
TypeError: r5() takes 3 positional arguments but 4 were given
"
"System Message:
        You are a logician with a background in mathematics that translates natural language
        reasoning text to Python3 code so that these natural language reasoning problems can be solved.
        During the translation, please pay close attention to defining variables and rules.
        Do not add any comments from you.
        Be guided by the following example:
        Example input text:
        Textual context: If the parameter A's value is at least 20, the lowest possible value of parameter B is 5.
If the parameter C's value is at least 20, the lowest possible value of parameter D is 40.
Parameter E's value cannot be less than parameter F's value.
Parameter G's value cannot be less than parameter H's value.
Parameter I's value cannot be less than parameter J's value.
Parameter K's value cannot be less than parameter L's value.

        Example Python3 code:
        # If the parameter A's value is at least 20, the lowest possible value of parameter B is 5.
def r1(a: float, b: float) -> bool:
    if b / a >= 0.25:
        return True
    else:
        return False

# If the parameter C's value is at least 20, the lowest possible value of parameter D is 40.
def r2(c: float, d: float) -> bool:
    if d / c >= 2:
        return True
    else:
        return False

# Parameter E's value cannot be less than parameter F's value.
def r3(e: float, f: float) -> bool:
    if e >= f:
        return True
    else:
        return False

# Parameter G's value cannot be less than parameter H's value.
def r4(g: float, h: float) -> bool:
    if g >= h:
        return True
    else:
        return False

# Parameter I's value cannot be less than parameter J's value.
def r5(i: float, j: float) -> bool:
    if i >= j:
        return True
    else:
        return False

# Parameter K's value cannot be less than parameter L's value.
def r6(k: float, l: float) -> bool:
    if k >= l:
        return True
    else:
        return False


        
Input text:
Textual context: PTO operation time must be less than or equal to the total operation time.
Idle time should be less than or equal to the total operation time.
The weight on axle 1 cannot surpass the weight on axle 3.
Axle 2's load must always be equal to or greater than the payload.";"PTO operation time must be less than or equal to the total operation time.
Idle time should be less than or equal to the total operation time.
The weight on axle 1 cannot surpass the weight on axle 3.
Axle 2's load must always be equal to or greater than the payload.";4;[['PTO operation time', 'total operation time'], ['idle time', 'total operation time'], ['axle 1 load', 'axle 3 load'], ['axle 2 load', 'payload']];Llama-8;"def r1(pto_operation_time: float, total_operation_time: float) -> bool:
    if pto_operation_time > total_operation_time:
        return False
    else:
        return True

def r2(idle_time: float, total_operation_time: float) -> bool:
    if idle_time > total_operation_time:
        return False
    else:
        return True

def r3(axle1_weight: float, axle3_weight: float) -> bool:
    if axle1_weight > axle3_weight:
        return False
    else:
        return True

def r4(axle2_load: float, payload: float) -> bool:
    if axle2_load < payload:
        return False
    else:
        return True

def r5(arg1: float, arg2: float, arg3: float, arg4: float, arg5: float, arg6: float, arg7: float, arg8: float):
    return not(r1(arg1, arg2) and r2(arg3, arg4) and r3(arg5, arg6) and r4(arg7, arg8)), r1(arg1, arg2), r2(arg3, arg4), r3(arg5, arg6), r4(arg7, arg8)";Correct syntax;['True, True, True, False, False', 'False, True, True, True, True', 'True, False, False, True, True'];['True, True, True, False, False', 'False, True, True, True, True', 'True, False, False, True, True']
"System Message:
        You are a logician with a background in mathematics that translates natural language
        reasoning text to Python3 code so that these natural language reasoning problems can be solved.
        During the translation, please pay close attention to defining variables and rules.
        Do not add any comments from you.
        Be guided by the following example:
        Example input text:
        Textual context: If the parameter A's value is at least 20, the lowest possible value of parameter B is 5.
If the parameter C's value is at least 20, the lowest possible value of parameter D is 40.
Parameter E's value cannot be less than parameter F's value.
Parameter G's value cannot be less than parameter H's value.
Parameter I's value cannot be less than parameter J's value.
Parameter K's value cannot be less than parameter L's value.

        Example Python3 code:
        # If the parameter A's value is at least 20, the lowest possible value of parameter B is 5.
def r1(a: float, b: float) -> bool:
    if b / a >= 0.25:
        return True
    else:
        return False

# If the parameter C's value is at least 20, the lowest possible value of parameter D is 40.
def r2(c: float, d: float) -> bool:
    if d / c >= 2:
        return True
    else:
        return False

# Parameter E's value cannot be less than parameter F's value.
def r3(e: float, f: float) -> bool:
    if e >= f:
        return True
    else:
        return False

# Parameter G's value cannot be less than parameter H's value.
def r4(g: float, h: float) -> bool:
    if g >= h:
        return True
    else:
        return False

# Parameter I's value cannot be less than parameter J's value.
def r5(i: float, j: float) -> bool:
    if i >= j:
        return True
    else:
        return False

# Parameter K's value cannot be less than parameter L's value.
def r6(k: float, l: float) -> bool:
    if k >= l:
        return True
    else:
        return False


        
Input text:
Textual context: Axle 1's load cannot exceed Axle 3's load.
Payload must remain below or equal to the load carried by axle 2.
The payload must always be smaller than or equal to the load on axle 3.
Total operation time must be greater than or equal to the sum of PTO operation, idle, and driving times.";"Axle 1's load cannot exceed Axle 3's load.
Payload must remain below or equal to the load carried by axle 2.
The payload must always be smaller than or equal to the load on axle 3.
Total operation time must be greater than or equal to the sum of PTO operation, idle, and driving times.";4;[['axle 1 load', 'axle 3 load'], ['payload', 'axle 2 load'], ['payload', 'axle 3 load'], ['total operation time', 'PTO operation time', 'idle time', 'driving time']];Llama-8;"def r1(axle1: float, axle3: float) -> bool:
    if axle1 <= axle3:
        return True
    else:
        return False

def r2(payload: float, axle2: float) -> bool:
    if payload <= axle2:
        return True
    else:
        return False

def r3(payload: float, axle3: float) -> bool:
    if payload <= axle3:
        return True
    else:
        return False

def r4(total_time: float, pto_time: float, idle_time: float, driving_time: float) -> bool:
    if total_time >= pto_time + idle_time + driving_time:
        return True
    else:
        return False

def r5(arg1: float, arg2: float, arg3: float, arg4: float, arg5: float, arg6: float, arg7: float, arg8: float, arg9: float, arg10: float):
    return not(r1(arg1, arg2) and r2(arg3, arg4) and r3(arg5, arg6) and r4(arg7, arg8, arg9, arg10)), r1(arg1, arg2), r2(arg3, arg4), r3(arg5, arg6), r4(arg7, arg8, arg9, arg10)";Correct syntax;['True, False, False, False, True', 'False, True, True, True, True', 'True, True, True, True, False'];['True, False, False, False, True', 'False, True, True, True, True', 'True, True, True, True, False']
"System Message:
You are an agent which task is to correct Python3 code implementing logical rules, generated by another large language model,
so that they throw no runtime errors during program execution and correspond to the logical assumptions expressed in natural language.
To perform this task you will receive a Python3 code with valid syntax, which not correspond to the logical premises and throw runtime errors,
and these logical premises expressed in natural language, which should be translated into rules in Python3 code.
Your task is to return a valid Python3 rules for a given premises, having corrected the runtime errors.
Improvements made should mainly include defining the correct number of arguments for each function according to corresponding premise
and using inside functions the proper variables, previously defined in the function declaration.
Do not make any corrections to the last function.
Please output only a valid Python code only with comments started with #.
Do not add any additional texts, tags and comments.
Be guided by the following examples:

Example 1
# If the parameter C's value is at least 20, the lowest possible value of parameter D is 40.
def r1(c: float, d: float) -> bool:
    if c >= 20 and d / c >= 0.4:
        return True
    else:
        return False

# Parameter W value should be at least the sum of parameter X, parameter Y and parameter Z.
def r2(x: float, y: float, z: float) -> bool:
    if x + y + z >= 0:
        return True
    else:
        return False

# To identify the day as abnormal, it is enough that even one or more conditions are violated.
def r3(arg1: float, arg2: float, arg3: float, arg4: float, arg5: float, arg6: float):
    return not(r1(arg1, arg2) and r2(arg3, arg4, arg5, arg6)), r1(arg1, arg2), r2(arg3, arg4, arg5, arg6)

It is supposed to translate the following example text into rules:
If the parameter C's value is at least 20, the lowest possible value of parameter D is 40.
Parameter W value should be at least the sum of parameter X, parameter Y and parameter Z.

Code after execution returns the following error:
Traceback (most recent call last):
  File ""/home/obywatelfg/Doktorat/Badania/Logic-LLM/LLM-logic/New_val_Adapt_Task2_outputs_python_no_final_rule/Llama-8/2/python_code/2_output_python.py"", line 18, in <module>
    print(r3(2226.8, 2432.3, 0.3, 0.9, 2.7, 1.0))
  File ""/home/obywatelfg/Doktorat/Badania/Logic-LLM/LLM-logic/New_val_Adapt_Task2_outputs_python_no_final_rule/Llama-8/2/python_code/2_output_python.py"", line 16, in r3
    return not(r1(arg1, arg2) and r2(arg3, arg4, arg5, arg6)), r1(arg1, arg2), r2(arg3, arg4, arg5, arg6)
TypeError: r2() takes 3 positional arguments but 4 were given

Please correct the code.

The corrected code should be the following:
# If the parameter C's value is at least 20, the lowest possible value of parameter D is 40.
def r1(c: float, d: float) -> bool:
    if c >= 20 and d / c >= 0.4:
        return True
    else:
        return False

# This function lack of parameter W in a function definition and a body, where logical rule should check the proportion between param W and sum of params x, y, z.
# Parameter W value should be at least the sum of parameter X, parameter Y and parameter Z.
def r2(x: float, y: float, z: float, w: float) -> bool:
    if x + y + z <= w:
        return True
    else:
        return False

# To identify the day as abnormal, it is enough that even one or more conditions are violated.
def r3(arg1: float, arg2: float, arg3: float, arg4: float, arg5: float, arg6: float):
    return not(r1(arg1, arg2) and r2(arg3, arg4, arg5, arg6)), r1(arg1, arg2), r2(arg3, arg4, arg5, arg6)


Example 2
# If the parameter C's value is at least 20, the lowest possible value of parameter D is 40.
def r1(c: float) -> bool:
    if c >= 40 and c >= 0.4:
        return True
    else:
        return False

# Parameter T's value shouldn't be lower than parameter P's value.
def r2(t: float, p: float) -> bool:
    if t >= p:
        return True
    else:
        return False

# To identify the day as abnormal, it is enough that even one or more conditions are violated.
def r3(arg1: float, arg2: float, arg3: float, arg4: float):
    return not(r1(arg1, arg2) and r2(arg3, arg4)), r1(arg1, arg2), r2(arg3, arg4)

It is supposed to translate the following example text into rules:
If the parameter C's value is at least 20, the lowest possible value of parameter D is 40.
Parameter T's value shouldn't be lower than parameter P's value.

Code after execution returns the following error:
Traceback (most recent call last):
  File ""/home/obywatelfg/Doktorat/Badania/Logic-LLM/LLM-logic/New_val_Adapt_Task2_outputs_python_no_final_rule/Llama-8/4/python_code/121_output_python.py"", line 32, in <module>
    print(r5(227.70000000000002, 75.9, 9.5, 1.9, 7203.1, 6652.3, 10268.5, 8400.7))
  File ""/home/obywatelfg/Doktorat/Badania/Logic-LLM/LLM-logic/New_val_Adapt_Task2_outputs_python_no_final_rule/Llama-8/4/python_code/121_output_python.py"", line 30, in r5
    return not(r1(arg1, arg2) and r2(arg3, arg4) and r3(arg5, arg6) and r4(arg7, arg8)), r1(arg1, arg2), r2(arg3, arg4), r3(arg5, arg6), r4(arg7, arg8)
TypeError: r1() takes 1 positional argument but 2 were given

Please correct the code.

The corrected code should be the following:
# If the parameter C's value is at least 20, the lowest possible value of parameter D is 40.
def r1(c: float, d: float) -> bool:
    if d / c >= 2:
        return True
    else:
        return False

# Parameter T's value shouldn't be lower than parameter P's value.
def r2(t: float, p: float) -> bool:
    if t >= p:
        return True
    else:
        return False

# To identify the day as abnormal, it is enough that even one or more conditions are violated.
def r3(arg1: float, arg2: float, arg3: float, arg4: float):
    return not(r1(arg1, arg2) and r2(arg3, arg4)), r1(arg1, arg2), r2(arg3, arg4)


The input for your task:
This is the Python3 code which not correspond to the given logical premises:
def r1(t1: float, t2: float) -> bool:
    if t1 <= t2:
        return True
    else:
        return False

def r2(i: float, t2: float) -> bool:
    if i <= t2:
        return True
    else:
        return False

def r3(l1: float, l2: float) -> bool:
    if l1 <= l2:
        return True
    else:
        return False

def r4(l1: float, l3: float) -> bool:
    if l1 <= l3:
        return True
    else:
        return False

def r5(t1: float, i: float, t2: float) -> bool:
    if t1 + i <= t2:
        return True
    else:
        return False

def r6(arg1: float, arg2: float, arg3: float, arg4: float, arg5: float, arg6: float, arg7: float, arg8: float, arg9: float, arg10: float, arg11: float, arg12: float):
    return not(r1(arg1, arg2) and r2(arg3, arg4) and r3(arg5, arg6) and r4(arg7, arg8) and r5(arg9, arg10, arg11, arg12)), r1(arg1, arg2), r2(arg3, arg4), r3(arg5, arg6), r4(arg7, arg8), r5(arg9, arg10, arg11, arg12)

It is supposed to translate the following text into rules:
PTO operation time should be less than or equal to the total operation time.
Idle time should be less than or equal to the total operation time.
The load carried by axle 1 must be smaller than or equal to the load on axle 2.
The weight on axle 1 cannot surpass the weight on axle 3.
The combined time for PTO operation, idle time, and driving time must not surpass the total operation time.

Code after execution returns the following error:
Traceback (most recent call last):
  File ""/home/frank/Doktorat/ExKLoP/saved_outputs/Task2_syntax_outputs/Llama-8/5/python_code/224_output_python.py"", line 34, in <module>
    print(r6(4.0, 5.7, 2.0, 3.8, 3241.2, 3010.4, 4270.1, 2362.5, 0.3, 1.0, 0.7, 2.1))
  File ""/home/frank/Doktorat/ExKLoP/saved_outputs/Task2_syntax_outputs/Llama-8/5/python_code/224_output_python.py"", line 32, in r6
    return not(r1(arg1, arg2) and r2(arg3, arg4) and r3(arg5, arg6) and r4(arg7, arg8) and r5(arg9, arg10, arg11, arg12)), r1(arg1, arg2), r2(arg3, arg4), r3(arg5, arg6), r4(arg7, arg8), r5(arg9, arg10, arg11, arg12)
TypeError: r5() takes 3 positional arguments but 4 were given


Please correct the code.   ";"PTO operation time should be less than or equal to the total operation time.
Idle time should be less than or equal to the total operation time.
The load carried by axle 1 must be smaller than or equal to the load on axle 2.
The weight on axle 1 cannot surpass the weight on axle 3.
The combined time for PTO operation, idle time, and driving time must not surpass the total operation time.";5;[['PTO operation time', 'total operation time'], ['idle time', 'total operation time'], ['axle 1 load', 'axle 2 load'], ['axle 1 load', 'axle 3 load'], ['PTO operation time', 'idle time', 'driving time', 'total operation time']];Llama-8;"def r1(t1: float, t2: float) -> bool:
    if t1 <= t2:
        return True
    else:
        return False

def r2(i: float, t2: float) -> bool:
    if i <= t2:
        return True
    else:
        return False

def r3(l1: float, l2: float) -> bool:
    if l1 <= l2:
        return True
    else:
        return False

def r4(l1: float, l3: float) -> bool:
    if l1 <= l3:
        return True
    else:
        return False

def r5(t1: float, i: float, t2: float) -> bool:
    if t1 + i + t2 <= t2:
        return True
    else:
        return False

def r6(arg1: float, arg2: float, arg3: float, arg4: float, arg5: float, arg6: float, arg7: float, arg8: float, arg9: float, arg10: float, arg11: float, arg12: float):
    return not(r1(arg1, arg2) and r2(arg3, arg4) and r3(arg5, arg6) and r4(arg7, arg8) and r5(arg9, arg10, arg11, arg12)), r1(arg1, arg2), r2(arg3, arg4), r3(arg5, arg6), r4(arg7, arg8), r5(arg9, arg10, arg11, arg12)";Correct syntax;Error;"Traceback (most recent call last):
  File ""/home/frank/Doktorat/ExKLoP/saved_outputs/Task2_runtime_outputs/Llama-8/5/python_code/224_output_python.py"", line 34, in <module>
    print(r6(4.0, 5.7, 2.0, 3.8, 3241.2, 3010.4, 4270.1, 2362.5, 0.3, 1.0, 0.7, 2.1))
  File ""/home/frank/Doktorat/ExKLoP/saved_outputs/Task2_runtime_outputs/Llama-8/5/python_code/224_output_python.py"", line 32, in r6
    return not(r1(arg1, arg2) and r2(arg3, arg4) and r3(arg5, arg6) and r4(arg7, arg8) and r5(arg9, arg10, arg11, arg12)), r1(arg1, arg2), r2(arg3, arg4), r3(arg5, arg6), r4(arg7, arg8), r5(arg9, arg10, arg11, arg12)
TypeError: r5() takes 3 positional arguments but 4 were given
"
"System Message:
        You are a logician with a background in mathematics that translates natural language
        reasoning text to Python3 code so that these natural language reasoning problems can be solved.
        During the translation, please pay close attention to defining variables and rules.
        Do not add any comments from you.
        Be guided by the following example:
        Example input text:
        Textual context: If the parameter A's value is at least 20, the lowest possible value of parameter B is 5.
If the parameter C's value is at least 20, the lowest possible value of parameter D is 40.
Parameter E's value cannot be less than parameter F's value.
Parameter G's value cannot be less than parameter H's value.
Parameter I's value cannot be less than parameter J's value.
Parameter K's value cannot be less than parameter L's value.

        Example Python3 code:
        # If the parameter A's value is at least 20, the lowest possible value of parameter B is 5.
def r1(a: float, b: float) -> bool:
    if b / a >= 0.25:
        return True
    else:
        return False

# If the parameter C's value is at least 20, the lowest possible value of parameter D is 40.
def r2(c: float, d: float) -> bool:
    if d / c >= 2:
        return True
    else:
        return False

# Parameter E's value cannot be less than parameter F's value.
def r3(e: float, f: float) -> bool:
    if e >= f:
        return True
    else:
        return False

# Parameter G's value cannot be less than parameter H's value.
def r4(g: float, h: float) -> bool:
    if g >= h:
        return True
    else:
        return False

# Parameter I's value cannot be less than parameter J's value.
def r5(i: float, j: float) -> bool:
    if i >= j:
        return True
    else:
        return False

# Parameter K's value cannot be less than parameter L's value.
def r6(k: float, l: float) -> bool:
    if k >= l:
        return True
    else:
        return False


        
Input text:
Textual context: Total operation time shouldn’t be lower than PTO operation time.
The total stop count must not be lower than the count of stops where PTO is engaged.
The load on axle 1 must not surpass the load on axle 3.
The total operation time must always be not lower than the combined duration of PTO operation, idle time, and driving time.";"Total operation time shouldn’t be lower than PTO operation time.
The total stop count must not be lower than the count of stops where PTO is engaged.
The load on axle 1 must not surpass the load on axle 3.
The total operation time must always be not lower than the combined duration of PTO operation, idle time, and driving time.";4;[['total operation time', 'PTO operation time'], ['stops', 'stops with PTO engaged'], ['axle 1 load', 'axle 3 load'], ['total operation time', 'PTO operation time', 'idle time', 'driving time']];Llama-8;"def r1(operation_time: float, pto_operation_time: float) -> bool:
    if operation_time >= pto_operation_time:
        return True
    else:
        return False

def r2(stop_count: int, pto_stop_count: int) -> bool:
    if stop_count >= pto_stop_count:
        return True
    else:
        return False

def r3(axle1_load: float, axle3_load: float) -> bool:
    if axle1_load <= axle3_load:
        return True
    else:
        return False

def r4(operation_time: float, pto_operation_time: float, idle_time: float, driving_time: float) -> bool:
    if operation_time >= pto_operation_time + idle_time + driving_time:
        return True
    else:
        return False

def r5(arg1: float, arg2: float, arg3: float, arg4: float, arg5: float, arg6: float, arg7: float, arg8: float, arg9: float, arg10: float):
    return not(r1(arg1, arg2) and r2(arg3, arg4) and r3(arg5, arg6) and r4(arg7, arg8, arg9, arg10)), r1(arg1, arg2), r2(arg3, arg4), r3(arg5, arg6), r4(arg7, arg8, arg9, arg10)";Correct syntax;['True, True, True, False, True', 'False, True, True, True, True', 'True, False, False, True, False'];['True, True, True, False, True', 'False, True, True, True, True', 'True, False, False, True, False']
"System Message:
        You are a logician with a background in mathematics that translates natural language
        reasoning text to Python3 code so that these natural language reasoning problems can be solved.
        During the translation, please pay close attention to defining variables and rules.
        Do not add any comments from you.
        Be guided by the following example:
        Example input text:
        Textual context: If the parameter A's value is at least 20, the lowest possible value of parameter B is 5.
If the parameter C's value is at least 20, the lowest possible value of parameter D is 40.
Parameter E's value cannot be less than parameter F's value.
Parameter G's value cannot be less than parameter H's value.
Parameter I's value cannot be less than parameter J's value.
Parameter K's value cannot be less than parameter L's value.

        Example Python3 code:
        # If the parameter A's value is at least 20, the lowest possible value of parameter B is 5.
def r1(a: float, b: float) -> bool:
    if b / a >= 0.25:
        return True
    else:
        return False

# If the parameter C's value is at least 20, the lowest possible value of parameter D is 40.
def r2(c: float, d: float) -> bool:
    if d / c >= 2:
        return True
    else:
        return False

# Parameter E's value cannot be less than parameter F's value.
def r3(e: float, f: float) -> bool:
    if e >= f:
        return True
    else:
        return False

# Parameter G's value cannot be less than parameter H's value.
def r4(g: float, h: float) -> bool:
    if g >= h:
        return True
    else:
        return False

# Parameter I's value cannot be less than parameter J's value.
def r5(i: float, j: float) -> bool:
    if i >= j:
        return True
    else:
        return False

# Parameter K's value cannot be less than parameter L's value.
def r6(k: float, l: float) -> bool:
    if k >= l:
        return True
    else:
        return False


        
Input text:
Textual context: Idle time should be less than or equal to the total operation time.
Stops with PTO engaged should never outnumber total stops.
The load supported by axle 1 cannot exceed that of axle 2.
The payload must always be smaller than or equal to the load on axle 3.
Total operation time must be greater than or equal to the sum of PTO operation, idle, and driving times.";"Idle time should be less than or equal to the total operation time.
Stops with PTO engaged should never outnumber total stops.
The load supported by axle 1 cannot exceed that of axle 2.
The payload must always be smaller than or equal to the load on axle 3.
Total operation time must be greater than or equal to the sum of PTO operation, idle, and driving times.";5;[['idle time', 'total operation time'], ['stops with PTO engaged', 'stops'], ['axle 1 load', 'axle 2 load'], ['payload', 'axle 3 load'], ['total operation time', 'PTO operation time', 'idle time', 'driving time']];Llama-8;"def r1(idle: float, operation: float) -> bool:
    if idle <= operation:
        return True
    else:
        return False

def r2(pto_stops: int, total_stops: int) -> bool:
    if pto_stops <= total_stops:
        return True
    else:
        return False

def r3(axle1: float, axle2: float) -> bool:
    if axle1 <= axle2:
        return True
    else:
        return False

def r4(payload: float, axle3: float) -> bool:
    if payload <= axle3:
        return True
    else:
        return False

def r5(operation: float, pto: float, idle: float, driving: float) -> bool:
    if operation >= pto + idle + driving:
        return True
    else:
        return False

def r6(arg1: float, arg2: float, arg3: float, arg4: float, arg5: float, arg6: float, arg7: float, arg8: float, arg9: float, arg10: float, arg11: float, arg12: float):
    return not(r1(arg1, arg2) and r2(arg3, arg4) and r3(arg5, arg6) and r4(arg7, arg8) and r5(arg9, arg10, arg11, arg12)), r1(arg1, arg2), r2(arg3, arg4), r3(arg5, arg6), r4(arg7, arg8), r5(arg9, arg10, arg11, arg12)";Correct syntax;['True, True, True, False, False, True', 'False, True, True, True, True, True', 'True, False, False, True, True, False'];['True, True, True, False, False, True', 'False, True, True, True, True, True', 'True, False, False, True, True, False']
"System Message:
        You are a logician with a background in mathematics that translates natural language
        reasoning text to Python3 code so that these natural language reasoning problems can be solved.
        During the translation, please pay close attention to defining variables and rules.
        Do not add any comments from you.
        Be guided by the following example:
        Example input text:
        Textual context: If the parameter A's value is at least 20, the lowest possible value of parameter B is 5.
If the parameter C's value is at least 20, the lowest possible value of parameter D is 40.
Parameter E's value cannot be less than parameter F's value.
Parameter G's value cannot be less than parameter H's value.
Parameter I's value cannot be less than parameter J's value.
Parameter K's value cannot be less than parameter L's value.

        Example Python3 code:
        # If the parameter A's value is at least 20, the lowest possible value of parameter B is 5.
def r1(a: float, b: float) -> bool:
    if b / a >= 0.25:
        return True
    else:
        return False

# If the parameter C's value is at least 20, the lowest possible value of parameter D is 40.
def r2(c: float, d: float) -> bool:
    if d / c >= 2:
        return True
    else:
        return False

# Parameter E's value cannot be less than parameter F's value.
def r3(e: float, f: float) -> bool:
    if e >= f:
        return True
    else:
        return False

# Parameter G's value cannot be less than parameter H's value.
def r4(g: float, h: float) -> bool:
    if g >= h:
        return True
    else:
        return False

# Parameter I's value cannot be less than parameter J's value.
def r5(i: float, j: float) -> bool:
    if i >= j:
        return True
    else:
        return False

# Parameter K's value cannot be less than parameter L's value.
def r6(k: float, l: float) -> bool:
    if k >= l:
        return True
    else:
        return False


        
Input text:
Textual context: PTO operation time should be less than or equal to the total operation time.
Idle time should be less than or equal to the total operation time.
Driving time cannot be greater than the total operation time.
Axle 1's load cannot exceed Axle 2's load.
The load carried by axle 1 must be smaller than or equal to the load on axle 3.";"PTO operation time should be less than or equal to the total operation time.
Idle time should be less than or equal to the total operation time.
Driving time cannot be greater than the total operation time.
Axle 1's load cannot exceed Axle 2's load.
The load carried by axle 1 must be smaller than or equal to the load on axle 3.";5;[['PTO operation time', 'total operation time'], ['idle time', 'total operation time'], ['driving time', 'total operation time'], ['axle 1 load', 'axle 2 load'], ['axle 1 load', 'axle 3 load']];Llama-8;"def r1(pto_time: float, total_time: float) -> bool:
    if pto_time <= total_time:
        return True
    else:
        return False

def r2(idle_time: float, total_time: float) -> bool:
    if idle_time <= total_time:
        return True
    else:
        return False

def r3(driving_time: float, total_time: float) -> bool:
    if driving_time <= total_time:
        return True
    else:
        return False

def r4(axle1_load: float, axle2_load: float) -> bool:
    if axle1_load <= axle2_load:
        return True
    else:
        return False

def r5(axle1_load: float, axle3_load: float) -> bool:
    if axle1_load <= axle3_load:
        return True
    else:
        return False

def r6(arg1: float, arg2: float, arg3: float, arg4: float, arg5: float, arg6: float, arg7: float, arg8: float, arg9: float, arg10: float):
    return not(r1(arg1, arg2) and r2(arg3, arg4) and r3(arg5, arg6) and r4(arg7, arg8) and r5(arg9, arg10)), r1(arg1, arg2), r2(arg3, arg4), r3(arg5, arg6), r4(arg7, arg8), r5(arg9, arg10)";Correct syntax;['True, True, True, True, False, False', 'False, True, True, True, True, True', 'True, False, False, False, True, True'];['True, True, True, True, False, False', 'False, True, True, True, True, True', 'True, False, False, False, True, True']
"System Message:
        You are a logician with a background in mathematics that translates natural language
        reasoning text to Python3 code so that these natural language reasoning problems can be solved.
        During the translation, please pay close attention to defining variables and rules.
        Do not add any comments from you.
        Be guided by the following example:
        Example input text:
        Textual context: If the parameter A's value is at least 20, the lowest possible value of parameter B is 5.
If the parameter C's value is at least 20, the lowest possible value of parameter D is 40.
Parameter E's value cannot be less than parameter F's value.
Parameter G's value cannot be less than parameter H's value.
Parameter I's value cannot be less than parameter J's value.
Parameter K's value cannot be less than parameter L's value.

        Example Python3 code:
        # If the parameter A's value is at least 20, the lowest possible value of parameter B is 5.
def r1(a: float, b: float) -> bool:
    if b / a >= 0.25:
        return True
    else:
        return False

# If the parameter C's value is at least 20, the lowest possible value of parameter D is 40.
def r2(c: float, d: float) -> bool:
    if d / c >= 2:
        return True
    else:
        return False

# Parameter E's value cannot be less than parameter F's value.
def r3(e: float, f: float) -> bool:
    if e >= f:
        return True
    else:
        return False

# Parameter G's value cannot be less than parameter H's value.
def r4(g: float, h: float) -> bool:
    if g >= h:
        return True
    else:
        return False

# Parameter I's value cannot be less than parameter J's value.
def r5(i: float, j: float) -> bool:
    if i >= j:
        return True
    else:
        return False

# Parameter K's value cannot be less than parameter L's value.
def r6(k: float, l: float) -> bool:
    if k >= l:
        return True
    else:
        return False


        
Input text:
Textual context: The total operation durationmust not be lower than the driving time.
Stops with PTO engaged cannot outnumber the total stops.
Axle 1's load cannot exceed Axle 3's load.
The payload must always be smaller than or equal to the load on axle 3.
The total operation duration must always be greater than or equal to the combined time for PTO, idle, and driving.";"The total operation durationmust not be lower than the driving time.
Stops with PTO engaged cannot outnumber the total stops.
Axle 1's load cannot exceed Axle 3's load.
The payload must always be smaller than or equal to the load on axle 3.
The total operation duration must always be greater than or equal to the combined time for PTO, idle, and driving.";5;[['total operation time', 'driving time'], ['stops with PTO engaged', 'stops'], ['axle 1 load', 'axle 3 load'], ['payload', 'axle 3 load'], ['total operation time', 'PTO operation time', 'idle time', 'driving time']];Llama-8;"def r1(total_operation_duration: float, driving_time: float) -> bool:
    if total_operation_duration >= driving_time:
        return True
    else:
        return False

def r2(pto_stops: int, total_stops: int) -> bool:
    if pto_stops <= total_stops:
        return True
    else:
        return False

def r3(axle1_load: float, axle3_load: float) -> bool:
    if axle1_load <= axle3_load:
        return True
    else:
        return False

def r4(payload: float, axle3_load: float) -> bool:
    if payload <= axle3_load:
        return True
    else:
        return False

def r5(total_operation_duration: float, pto_time: float, idle_time: float, driving_time: float) -> bool:
    if total_operation_duration >= pto_time + idle_time + driving_time:
        return True
    else:
        return False

def r6(arg1: float, arg2: float, arg3: float, arg4: float, arg5: float, arg6: float, arg7: float, arg8: float, arg9: float, arg10: float, arg11: float, arg12: float):
    return not(r1(arg1, arg2) and r2(arg3, arg4) and r3(arg5, arg6) and r4(arg7, arg8) and r5(arg9, arg10, arg11, arg12)), r1(arg1, arg2), r2(arg3, arg4), r3(arg5, arg6), r4(arg7, arg8), r5(arg9, arg10, arg11, arg12)";Correct syntax;['True, True, True, False, False, True', 'False, True, True, True, True, True', 'True, False, False, True, True, False'];['True, True, True, False, False, True', 'False, True, True, True, True, True', 'True, False, False, True, True, False']
"System Message:
        You are a logician with a background in mathematics that translates natural language
        reasoning text to Python3 code so that these natural language reasoning problems can be solved.
        During the translation, please pay close attention to defining variables and rules.
        Do not add any comments from you.
        Be guided by the following example:
        Example input text:
        Textual context: If the parameter A's value is at least 20, the lowest possible value of parameter B is 5.
If the parameter C's value is at least 20, the lowest possible value of parameter D is 40.
Parameter E's value cannot be less than parameter F's value.
Parameter G's value cannot be less than parameter H's value.
Parameter I's value cannot be less than parameter J's value.
Parameter K's value cannot be less than parameter L's value.

        Example Python3 code:
        # If the parameter A's value is at least 20, the lowest possible value of parameter B is 5.
def r1(a: float, b: float) -> bool:
    if b / a >= 0.25:
        return True
    else:
        return False

# If the parameter C's value is at least 20, the lowest possible value of parameter D is 40.
def r2(c: float, d: float) -> bool:
    if d / c >= 2:
        return True
    else:
        return False

# Parameter E's value cannot be less than parameter F's value.
def r3(e: float, f: float) -> bool:
    if e >= f:
        return True
    else:
        return False

# Parameter G's value cannot be less than parameter H's value.
def r4(g: float, h: float) -> bool:
    if g >= h:
        return True
    else:
        return False

# Parameter I's value cannot be less than parameter J's value.
def r5(i: float, j: float) -> bool:
    if i >= j:
        return True
    else:
        return False

# Parameter K's value cannot be less than parameter L's value.
def r6(k: float, l: float) -> bool:
    if k >= l:
        return True
    else:
        return False


        
Input text:
Textual context: The total operation duration must not be lower than the PTO operation time.
The total operation durationmust not be lower than the driving time.
Axle 1's load cannot exceed Axle 2's load.
The weight on axle 1 cannot surpass the weight on axle 3.
Axle 3's load must always be equal to or greater than the payload.";"The total operation duration must not be lower than the PTO operation time.
The total operation durationmust not be lower than the driving time.
Axle 1's load cannot exceed Axle 2's load.
The weight on axle 1 cannot surpass the weight on axle 3.
Axle 3's load must always be equal to or greater than the payload.";5;[['total operation time', 'PTO operation time'], ['total operation time', 'driving time'], ['axle 1 load', 'axle 2 load'], ['axle 1 load', 'axle 3 load'], ['axle 3 load', 'payload']];Llama-8;"def r1(total_operation_duration: float, pto_operation_time: float) -> bool:
    if total_operation_duration >= pto_operation_time:
        return True
    else:
        return False

def r2(total_operation_duration: float, driving_time: float) -> bool:
    if total_operation_duration >= driving_time:
        return True
    else:
        return False

def r3(axle1_load: float, axle2_load: float) -> bool:
    if axle1_load <= axle2_load:
        return True
    else:
        return False

def r4(axle1_weight: float, axle3_weight: float) -> bool:
    if axle1_weight <= axle3_weight:
        return True
    else:
        return False

def r5(axle3_load: float, payload: float) -> bool:
    if axle3_load >= payload:
        return True
    else:
        return False

def r6(arg1: float, arg2: float, arg3: float, arg4: float, arg5: float, arg6: float, arg7: float, arg8: float, arg9: float, arg10: float):
    return not(r1(arg1, arg2) and r2(arg3, arg4) and r3(arg5, arg6) and r4(arg7, arg8) and r5(arg9, arg10)), r1(arg1, arg2), r2(arg3, arg4), r3(arg5, arg6), r4(arg7, arg8), r5(arg9, arg10)";Correct syntax;['True, True, True, False, False, False', 'False, True, True, True, True, True', 'True, False, False, True, True, True'];['True, True, True, False, False, False', 'False, True, True, True, True, True', 'True, False, False, True, True, True']
"System Message:
        You are a logician with a background in mathematics that translates natural language
        reasoning text to Python3 code so that these natural language reasoning problems can be solved.
        During the translation, please pay close attention to defining variables and rules.
        Do not add any comments from you.
        Be guided by the following example:
        Example input text:
        Textual context: If the parameter A's value is at least 20, the lowest possible value of parameter B is 5.
If the parameter C's value is at least 20, the lowest possible value of parameter D is 40.
Parameter E's value cannot be less than parameter F's value.
Parameter G's value cannot be less than parameter H's value.
Parameter I's value cannot be less than parameter J's value.
Parameter K's value cannot be less than parameter L's value.

        Example Python3 code:
        # If the parameter A's value is at least 20, the lowest possible value of parameter B is 5.
def r1(a: float, b: float) -> bool:
    if b / a >= 0.25:
        return True
    else:
        return False

# If the parameter C's value is at least 20, the lowest possible value of parameter D is 40.
def r2(c: float, d: float) -> bool:
    if d / c >= 2:
        return True
    else:
        return False

# Parameter E's value cannot be less than parameter F's value.
def r3(e: float, f: float) -> bool:
    if e >= f:
        return True
    else:
        return False

# Parameter G's value cannot be less than parameter H's value.
def r4(g: float, h: float) -> bool:
    if g >= h:
        return True
    else:
        return False

# Parameter I's value cannot be less than parameter J's value.
def r5(i: float, j: float) -> bool:
    if i >= j:
        return True
    else:
        return False

# Parameter K's value cannot be less than parameter L's value.
def r6(k: float, l: float) -> bool:
    if k >= l:
        return True
    else:
        return False


        
Input text:
Textual context: Idle time cannot be greater than the total operation time.
Driving time must always be less than or equal to the total operation time.
Stops with PTO engaged cannot outnumber the total stops.
Total operation time should be at least the sum of PTO, idle, and driving times.";"Idle time cannot be greater than the total operation time.
Driving time must always be less than or equal to the total operation time.
Stops with PTO engaged cannot outnumber the total stops.
Total operation time should be at least the sum of PTO, idle, and driving times.";4;[['idle time', 'total operation time'], ['driving time', 'total operation time'], ['stops with PTO engaged', 'stops'], ['total operation time', 'PTO operation time', 'idle time', 'driving time']];Llama-8;"def r1(idle_time: float, total_operation_time: float) -> bool:
    if idle_time <= total_operation_time:
        return True
    else:
        return False

def r2(driving_time: float, total_operation_time: float) -> bool:
    if driving_time <= total_operation_time:
        return True
    else:
        return False

def r3(pto_stops: int, total_stops: int) -> bool:
    if pto_stops <= total_stops:
        return True
    else:
        return False

def r4(pto_time: float, idle_time: float, driving_time: float, total_operation_time: float) -> bool:
    if pto_time + idle_time + driving_time >= total_operation_time:
        return True
    else:
        return False

def r5(arg1: float, arg2: float, arg3: float, arg4: float, arg5: float, arg6: float, arg7: float, arg8: float, arg9: float, arg10: float):
    return not(r1(arg1, arg2) and r2(arg3, arg4) and r3(arg5, arg6) and r4(arg7, arg8, arg9, arg10)), r1(arg1, arg2), r2(arg3, arg4), r3(arg5, arg6), r4(arg7, arg8, arg9, arg10)";Correct syntax;['False, True, True, True, True', 'False, True, True, True, True', 'True, False, False, False, False'];['False, True, True, True, True', 'False, True, True, True, True', 'True, False, False, False, True']
"System Message:
        You are a logician with a background in mathematics that translates natural language
        reasoning text to Python3 code so that these natural language reasoning problems can be solved.
        During the translation, please pay close attention to defining variables and rules.
        Do not add any comments from you.
        Be guided by the following example:
        Example input text:
        Textual context: If the parameter A's value is at least 20, the lowest possible value of parameter B is 5.
If the parameter C's value is at least 20, the lowest possible value of parameter D is 40.
Parameter E's value cannot be less than parameter F's value.
Parameter G's value cannot be less than parameter H's value.
Parameter I's value cannot be less than parameter J's value.
Parameter K's value cannot be less than parameter L's value.

        Example Python3 code:
        # If the parameter A's value is at least 20, the lowest possible value of parameter B is 5.
def r1(a: float, b: float) -> bool:
    if b / a >= 0.25:
        return True
    else:
        return False

# If the parameter C's value is at least 20, the lowest possible value of parameter D is 40.
def r2(c: float, d: float) -> bool:
    if d / c >= 2:
        return True
    else:
        return False

# Parameter E's value cannot be less than parameter F's value.
def r3(e: float, f: float) -> bool:
    if e >= f:
        return True
    else:
        return False

# Parameter G's value cannot be less than parameter H's value.
def r4(g: float, h: float) -> bool:
    if g >= h:
        return True
    else:
        return False

# Parameter I's value cannot be less than parameter J's value.
def r5(i: float, j: float) -> bool:
    if i >= j:
        return True
    else:
        return False

# Parameter K's value cannot be less than parameter L's value.
def r6(k: float, l: float) -> bool:
    if k >= l:
        return True
    else:
        return False


        
Input text:
Textual context: Total operation time shouldn’t be lower than idle time.
The total stop count must not be lower than the count of stops where PTO is engaged.
The weight on axle 1 cannot surpass the weight on axle 2.
The load carried by axle 1 must be smaller than or equal to the load on axle 3.
The payload must always be smaller than or equal to the load on axle 3.";"Total operation time shouldn’t be lower than idle time.
The total stop count must not be lower than the count of stops where PTO is engaged.
The weight on axle 1 cannot surpass the weight on axle 2.
The load carried by axle 1 must be smaller than or equal to the load on axle 3.
The payload must always be smaller than or equal to the load on axle 3.";5;[['total operation time', 'idle time'], ['stops', 'stops with PTO engaged'], ['axle 1 load', 'axle 2 load'], ['axle 1 load', 'axle 3 load'], ['payload', 'axle 3 load']];Llama-8;"def r1(o: float, i: float) -> bool:
    if o >= i:
        return True
    else:
        return False

def r2(t: float, p: float) -> bool:
    if t >= p:
        return True
    else:
        return False

def r3(w1: float, w2: float) -> bool:
    if w1 <= w2:
        return True
    else:
        return False

def r4(l1: float, l3: float) -> bool:
    if l1 <= l3:
        return True
    else:
        return False

def r5(p: float, l3: float) -> bool:
    if p <= l3:
        return True
    else:
        return False

def r6(arg1: float, arg2: float, arg3: float, arg4: float, arg5: float, arg6: float, arg7: float, arg8: float, arg9: float, arg10: float):
    return not(r1(arg1, arg2) and r2(arg3, arg4) and r3(arg5, arg6) and r4(arg7, arg8) and r5(arg9, arg10)), r1(arg1, arg2), r2(arg3, arg4), r3(arg5, arg6), r4(arg7, arg8), r5(arg9, arg10)";Correct syntax;['True, True, True, False, False, False', 'False, True, True, True, True, True', 'True, False, False, True, True, True'];['True, True, True, False, False, False', 'False, True, True, True, True, True', 'True, False, False, True, True, True']
"System Message:
        You are a logician with a background in mathematics that translates natural language
        reasoning text to Python3 code so that these natural language reasoning problems can be solved.
        During the translation, please pay close attention to defining variables and rules.
        Do not add any comments from you.
        Be guided by the following example:
        Example input text:
        Textual context: If the parameter A's value is at least 20, the lowest possible value of parameter B is 5.
If the parameter C's value is at least 20, the lowest possible value of parameter D is 40.
Parameter E's value cannot be less than parameter F's value.
Parameter G's value cannot be less than parameter H's value.
Parameter I's value cannot be less than parameter J's value.
Parameter K's value cannot be less than parameter L's value.

        Example Python3 code:
        # If the parameter A's value is at least 20, the lowest possible value of parameter B is 5.
def r1(a: float, b: float) -> bool:
    if b / a >= 0.25:
        return True
    else:
        return False

# If the parameter C's value is at least 20, the lowest possible value of parameter D is 40.
def r2(c: float, d: float) -> bool:
    if d / c >= 2:
        return True
    else:
        return False

# Parameter E's value cannot be less than parameter F's value.
def r3(e: float, f: float) -> bool:
    if e >= f:
        return True
    else:
        return False

# Parameter G's value cannot be less than parameter H's value.
def r4(g: float, h: float) -> bool:
    if g >= h:
        return True
    else:
        return False

# Parameter I's value cannot be less than parameter J's value.
def r5(i: float, j: float) -> bool:
    if i >= j:
        return True
    else:
        return False

# Parameter K's value cannot be less than parameter L's value.
def r6(k: float, l: float) -> bool:
    if k >= l:
        return True
    else:
        return False


        
Input text:
Textual context: Total operation time shouldn’t be lower than idle time.
Stops with PTO engaged cannot outnumber the total stops.
Axle 1's load cannot exceed Axle 2's load.
Payload must remain below or equal to the load carried by axle 3.
Total operation time must be greater than or equal to the sum of PTO operation, idle, and driving times.";"Total operation time shouldn’t be lower than idle time.
Stops with PTO engaged cannot outnumber the total stops.
Axle 1's load cannot exceed Axle 2's load.
Payload must remain below or equal to the load carried by axle 3.
Total operation time must be greater than or equal to the sum of PTO operation, idle, and driving times.";5;[['total operation time', 'idle time'], ['stops with PTO engaged', 'stops'], ['axle 1 load', 'axle 2 load'], ['payload', 'axle 3 load'], ['total operation time', 'PTO operation time', 'idle time', 'driving time']];Llama-8;"def r1(operation_time: float, idle_time: float) -> bool:
    if operation_time >= idle_time:
        return True
    else:
        return False

def r2(pto_stops: int, total_stops: int) -> bool:
    if pto_stops <= total_stops:
        return True
    else:
        return False

def r3(axle1_load: float, axle2_load: float) -> bool:
    if axle1_load <= axle2_load:
        return True
    else:
        return False

def r4(payload: float, axle3_load: float) -> bool:
    if payload <= axle3_load:
        return True
    else:
        return False

def r5(operation_time: float, pto_operation_time: float, idle_time: float, driving_time: float) -> bool:
    if operation_time >= pto_operation_time + idle_time + driving_time:
        return True
    else:
        return False

def r6(arg1: float, arg2: float, arg3: float, arg4: float, arg5: float, arg6: float, arg7: float, arg8: float, arg9: float, arg10: float, arg11: float, arg12: float):
    return not(r1(arg1, arg2) and r2(arg3, arg4) and r3(arg5, arg6) and r4(arg7, arg8) and r5(arg9, arg10, arg11, arg12)), r1(arg1, arg2), r2(arg3, arg4), r3(arg5, arg6), r4(arg7, arg8), r5(arg9, arg10, arg11, arg12)";Correct syntax;['True, True, True, False, False, True', 'False, True, True, True, True, True', 'True, False, False, True, True, False'];['True, True, True, False, False, True', 'False, True, True, True, True, True', 'True, False, False, True, True, False']
"System Message:
        You are a logician with a background in mathematics that translates natural language
        reasoning text to Python3 code so that these natural language reasoning problems can be solved.
        During the translation, please pay close attention to defining variables and rules.
        Do not add any comments from you.
        Be guided by the following example:
        Example input text:
        Textual context: If the parameter A's value is at least 20, the lowest possible value of parameter B is 5.
If the parameter C's value is at least 20, the lowest possible value of parameter D is 40.
Parameter E's value cannot be less than parameter F's value.
Parameter G's value cannot be less than parameter H's value.
Parameter I's value cannot be less than parameter J's value.
Parameter K's value cannot be less than parameter L's value.

        Example Python3 code:
        # If the parameter A's value is at least 20, the lowest possible value of parameter B is 5.
def r1(a: float, b: float) -> bool:
    if b / a >= 0.25:
        return True
    else:
        return False

# If the parameter C's value is at least 20, the lowest possible value of parameter D is 40.
def r2(c: float, d: float) -> bool:
    if d / c >= 2:
        return True
    else:
        return False

# Parameter E's value cannot be less than parameter F's value.
def r3(e: float, f: float) -> bool:
    if e >= f:
        return True
    else:
        return False

# Parameter G's value cannot be less than parameter H's value.
def r4(g: float, h: float) -> bool:
    if g >= h:
        return True
    else:
        return False

# Parameter I's value cannot be less than parameter J's value.
def r5(i: float, j: float) -> bool:
    if i >= j:
        return True
    else:
        return False

# Parameter K's value cannot be less than parameter L's value.
def r6(k: float, l: float) -> bool:
    if k >= l:
        return True
    else:
        return False


        
Input text:
Textual context: Total operation time shouldn’t be lower than idle time.
PTO-engaged stops cannot exceed the total number of stops.
The load carried by axle 1 must be smaller than or equal to the load on axle 2.
The payload cannot exceed the capacity of axle 2.
Total operation time should be at least the sum of PTO, idle, and driving times.";"Total operation time shouldn’t be lower than idle time.
PTO-engaged stops cannot exceed the total number of stops.
The load carried by axle 1 must be smaller than or equal to the load on axle 2.
The payload cannot exceed the capacity of axle 2.
Total operation time should be at least the sum of PTO, idle, and driving times.";5;[['total operation time', 'idle time'], ['stops with PTO engaged', 'stops'], ['axle 1 load', 'axle 2 load'], ['payload', 'axle 2 load'], ['total operation time', 'PTO operation time', 'idle time', 'driving time']];Llama-8;"def r1(op_time: float, idle_time: float) -> bool:
    if op_time >= idle_time:
        return True
    else:
        return False

def r2(pto_stops: float, total_stops: float) -> bool:
    if pto_stops <= total_stops:
        return True
    else:
        return False

def r3(axle1_load: float, axle2_load: float) -> bool:
    if axle1_load <= axle2_load:
        return True
    else:
        return False

def r4(payload: float, axle2_capacity: float) -> bool:
    if payload <= axle2_capacity:
        return True
    else:
        return False

def r5(op_time: float, pto_time: float, idle_time: float, driving_time: float) -> bool:
    if op_time >= pto_time + idle_time + driving_time:
        return True
    else:
        return False

def r6(arg1: float, arg2: float, arg3: float, arg4: float, arg5: float, arg6: float, arg7: float, arg8: float, arg9: float, arg10: float, arg11: float, arg12: float):
    return not(r1(arg1, arg2) and r2(arg3, arg4) and r3(arg5, arg6) and r4(arg7, arg8) and r5(arg9, arg10, arg11, arg12)), r1(arg1, arg2), r2(arg3, arg4), r3(arg5, arg6), r4(arg7, arg8), r5(arg9, arg10, arg11, arg12)";Correct syntax;['True, True, True, False, False, True', 'False, True, True, True, True, True', 'True, False, False, True, True, False'];['True, True, True, False, False, True', 'False, True, True, True, True, True', 'True, False, False, True, True, False']
"System Message:
        You are a logician with a background in mathematics that translates natural language
        reasoning text to Python3 code so that these natural language reasoning problems can be solved.
        During the translation, please pay close attention to defining variables and rules.
        Do not add any comments from you.
        Be guided by the following example:
        Example input text:
        Textual context: If the parameter A's value is at least 20, the lowest possible value of parameter B is 5.
If the parameter C's value is at least 20, the lowest possible value of parameter D is 40.
Parameter E's value cannot be less than parameter F's value.
Parameter G's value cannot be less than parameter H's value.
Parameter I's value cannot be less than parameter J's value.
Parameter K's value cannot be less than parameter L's value.

        Example Python3 code:
        # If the parameter A's value is at least 20, the lowest possible value of parameter B is 5.
def r1(a: float, b: float) -> bool:
    if b / a >= 0.25:
        return True
    else:
        return False

# If the parameter C's value is at least 20, the lowest possible value of parameter D is 40.
def r2(c: float, d: float) -> bool:
    if d / c >= 2:
        return True
    else:
        return False

# Parameter E's value cannot be less than parameter F's value.
def r3(e: float, f: float) -> bool:
    if e >= f:
        return True
    else:
        return False

# Parameter G's value cannot be less than parameter H's value.
def r4(g: float, h: float) -> bool:
    if g >= h:
        return True
    else:
        return False

# Parameter I's value cannot be less than parameter J's value.
def r5(i: float, j: float) -> bool:
    if i >= j:
        return True
    else:
        return False

# Parameter K's value cannot be less than parameter L's value.
def r6(k: float, l: float) -> bool:
    if k >= l:
        return True
    else:
        return False


        
Input text:
Textual context: The total operation durationmust not be lower than the driving time.
The weight on axle 1 cannot surpass the weight on axle 2.
The load supported by axle 1 cannot exceed that of axle 3.
Total operation time should be at least the sum of PTO, idle, and driving times.";"The total operation durationmust not be lower than the driving time.
The weight on axle 1 cannot surpass the weight on axle 2.
The load supported by axle 1 cannot exceed that of axle 3.
Total operation time should be at least the sum of PTO, idle, and driving times.";4;[['total operation time', 'driving time'], ['axle 1 load', 'axle 2 load'], ['axle 1 load', 'axle 3 load'], ['total operation time', 'PTO operation time', 'idle time', 'driving time']];Llama-8;"def r1(operation_time: float, driving_time: float) -> bool:
    if operation_time >= driving_time:
        return True
    else:
        return False

def r2(axle1: float, axle2: float) -> bool:
    if axle1 <= axle2:
        return True
    else:
        return False

def r3(axle1: float, axle3: float) -> bool:
    if axle1 <= axle3:
        return True
    else:
        return False

def r4(operation_time: float, pto: float, idle: float, driving_time: float) -> bool:
    if operation_time >= pto + idle + driving_time:
        return True
    else:
        return False

def r5(arg1: float, arg2: float, arg3: float, arg4: float, arg5: float, arg6: float, arg7: float, arg8: float, arg9: float, arg10: float):
    return not(r1(arg1, arg2) and r2(arg3, arg4) and r3(arg5, arg6) and r4(arg7, arg8, arg9, arg10)), r1(arg1, arg2), r2(arg3, arg4), r3(arg5, arg6), r4(arg7, arg8, arg9, arg10)";Correct syntax;['True, True, False, False, True', 'False, True, True, True, True', 'True, False, True, True, False'];['True, True, False, False, True', 'False, True, True, True, True', 'True, False, True, True, False']
"System Message:
        You are a logician with a background in mathematics that translates natural language
        reasoning text to Python3 code so that these natural language reasoning problems can be solved.
        During the translation, please pay close attention to defining variables and rules.
        Do not add any comments from you.
        Be guided by the following example:
        Example input text:
        Textual context: If the parameter A's value is at least 20, the lowest possible value of parameter B is 5.
If the parameter C's value is at least 20, the lowest possible value of parameter D is 40.
Parameter E's value cannot be less than parameter F's value.
Parameter G's value cannot be less than parameter H's value.
Parameter I's value cannot be less than parameter J's value.
Parameter K's value cannot be less than parameter L's value.

        Example Python3 code:
        # If the parameter A's value is at least 20, the lowest possible value of parameter B is 5.
def r1(a: float, b: float) -> bool:
    if b / a >= 0.25:
        return True
    else:
        return False

# If the parameter C's value is at least 20, the lowest possible value of parameter D is 40.
def r2(c: float, d: float) -> bool:
    if d / c >= 2:
        return True
    else:
        return False

# Parameter E's value cannot be less than parameter F's value.
def r3(e: float, f: float) -> bool:
    if e >= f:
        return True
    else:
        return False

# Parameter G's value cannot be less than parameter H's value.
def r4(g: float, h: float) -> bool:
    if g >= h:
        return True
    else:
        return False

# Parameter I's value cannot be less than parameter J's value.
def r5(i: float, j: float) -> bool:
    if i >= j:
        return True
    else:
        return False

# Parameter K's value cannot be less than parameter L's value.
def r6(k: float, l: float) -> bool:
    if k >= l:
        return True
    else:
        return False


        
Input text:
Textual context: The total operation duration must not be lower than the idle time.
PTO-engaged stops cannot exceed the total number of stops.
Axle 2's load must always be equal to or greater than the payload.
The payload cannot exceed the capacity of axle 3.
The total operation duration must always be greater than or equal to the combined time for PTO, idle, and driving.";"The total operation duration must not be lower than the idle time.
PTO-engaged stops cannot exceed the total number of stops.
Axle 2's load must always be equal to or greater than the payload.
The payload cannot exceed the capacity of axle 3.
The total operation duration must always be greater than or equal to the combined time for PTO, idle, and driving.";5;[['total operation time', 'idle time'], ['stops with PTO engaged', 'stops'], ['axle 2 load', 'payload'], ['payload', 'axle 3 load'], ['total operation time', 'PTO operation time', 'idle time', 'driving time']];Llama-8;"def r1(total_operation_duration: float, idle_time: float) -> bool:
    if total_operation_duration >= idle_time:
        return True
    else:
        return False

def r2(pto_stops: float, total_stops: float) -> bool:
    if pto_stops <= total_stops:
        return True
    else:
        return False

def r3(axle2_load: float, payload: float) -> bool:
    if axle2_load >= payload:
        return True
    else:
        return False

def r4(payload: float, axle3_capacity: float) -> bool:
    if payload <= axle3_capacity:
        return True
    else:
        return False

def r5(total_operation_duration: float, pto_time: float, idle_time: float, driving_time: float) -> bool:
    if total_operation_duration >= pto_time + idle_time + driving_time:
        return True
    else:
        return False

def r6(arg1: float, arg2: float, arg3: float, arg4: float, arg5: float, arg6: float, arg7: float, arg8: float, arg9: float, arg10: float, arg11: float, arg12: float):
    return not(r1(arg1, arg2) and r2(arg3, arg4) and r3(arg5, arg6) and r4(arg7, arg8) and r5(arg9, arg10, arg11, arg12)), r1(arg1, arg2), r2(arg3, arg4), r3(arg5, arg6), r4(arg7, arg8), r5(arg9, arg10, arg11, arg12)";Correct syntax;['True, True, True, False, False, True', 'False, True, True, True, True, True', 'True, False, False, True, True, False'];['True, True, True, False, False, True', 'False, True, True, True, True, True', 'True, False, False, True, True, False']
"System Message:
        You are a logician with a background in mathematics that translates natural language
        reasoning text to Python3 code so that these natural language reasoning problems can be solved.
        During the translation, please pay close attention to defining variables and rules.
        Do not add any comments from you.
        Be guided by the following example:
        Example input text:
        Textual context: If the parameter A's value is at least 20, the lowest possible value of parameter B is 5.
If the parameter C's value is at least 20, the lowest possible value of parameter D is 40.
Parameter E's value cannot be less than parameter F's value.
Parameter G's value cannot be less than parameter H's value.
Parameter I's value cannot be less than parameter J's value.
Parameter K's value cannot be less than parameter L's value.

        Example Python3 code:
        # If the parameter A's value is at least 20, the lowest possible value of parameter B is 5.
def r1(a: float, b: float) -> bool:
    if b / a >= 0.25:
        return True
    else:
        return False

# If the parameter C's value is at least 20, the lowest possible value of parameter D is 40.
def r2(c: float, d: float) -> bool:
    if d / c >= 2:
        return True
    else:
        return False

# Parameter E's value cannot be less than parameter F's value.
def r3(e: float, f: float) -> bool:
    if e >= f:
        return True
    else:
        return False

# Parameter G's value cannot be less than parameter H's value.
def r4(g: float, h: float) -> bool:
    if g >= h:
        return True
    else:
        return False

# Parameter I's value cannot be less than parameter J's value.
def r5(i: float, j: float) -> bool:
    if i >= j:
        return True
    else:
        return False

# Parameter K's value cannot be less than parameter L's value.
def r6(k: float, l: float) -> bool:
    if k >= l:
        return True
    else:
        return False


        
Input text:
Textual context: Total operation time shouldn’t be lower than PTO operation time.
The load on axle 1 must not surpass the load on axle 3.
Payload must remain below or equal to the load carried by axle 2.
The payload must always be smaller than or equal to the load on axle 3.
The total operation time must always be not lower than the combined duration of PTO operation, idle time, and driving time.";"Total operation time shouldn’t be lower than PTO operation time.
The load on axle 1 must not surpass the load on axle 3.
Payload must remain below or equal to the load carried by axle 2.
The payload must always be smaller than or equal to the load on axle 3.
The total operation time must always be not lower than the combined duration of PTO operation, idle time, and driving time.";5;[['total operation time', 'PTO operation time'], ['axle 1 load', 'axle 3 load'], ['payload', 'axle 2 load'], ['payload', 'axle 3 load'], ['total operation time', 'PTO operation time', 'idle time', 'driving time']];Llama-8;"def r1(total_operation_time: float, pto_operation_time: float) -> bool:
    if total_operation_time >= pto_operation_time:
        return True
    else:
        return False

def r2(axle1_load: float, axle3_load: float) -> bool:
    if axle1_load <= axle3_load:
        return True
    else:
        return False

def r3(payload: float, axle2_load: float) -> bool:
    if payload <= axle2_load:
        return True
    else:
        return False

def r4(payload: float, axle3_load: float) -> bool:
    if payload <= axle3_load:
        return True
    else:
        return False

def r5(total_operation_time: float, pto_operation_time: float, idle_time: float, driving_time: float) -> bool:
    if total_operation_time >= pto_operation_time + idle_time + driving_time:
        return True
    else:
        return False

def r6(arg1: float, arg2: float, arg3: float, arg4: float, arg5: float, arg6: float, arg7: float, arg8: float, arg9: float, arg10: float, arg11: float, arg12: float):
    return not(r1(arg1, arg2) and r2(arg3, arg4) and r3(arg5, arg6) and r4(arg7, arg8) and r5(arg9, arg10, arg11, arg12)), r1(arg1, arg2), r2(arg3, arg4), r3(arg5, arg6), r4(arg7, arg8), r5(arg9, arg10, arg11, arg12)";Correct syntax;['True, True, False, False, False, True', 'False, True, True, True, True, True', 'True, False, True, True, True, False'];['True, True, False, False, False, True', 'False, True, True, True, True, True', 'True, False, True, True, True, False']
"System Message:
        You are a logician with a background in mathematics that translates natural language
        reasoning text to Python3 code so that these natural language reasoning problems can be solved.
        During the translation, please pay close attention to defining variables and rules.
        Do not add any comments from you.
        Be guided by the following example:
        Example input text:
        Textual context: If the parameter A's value is at least 20, the lowest possible value of parameter B is 5.
If the parameter C's value is at least 20, the lowest possible value of parameter D is 40.
Parameter E's value cannot be less than parameter F's value.
Parameter G's value cannot be less than parameter H's value.
Parameter I's value cannot be less than parameter J's value.
Parameter K's value cannot be less than parameter L's value.

        Example Python3 code:
        # If the parameter A's value is at least 20, the lowest possible value of parameter B is 5.
def r1(a: float, b: float) -> bool:
    if b / a >= 0.25:
        return True
    else:
        return False

# If the parameter C's value is at least 20, the lowest possible value of parameter D is 40.
def r2(c: float, d: float) -> bool:
    if d / c >= 2:
        return True
    else:
        return False

# Parameter E's value cannot be less than parameter F's value.
def r3(e: float, f: float) -> bool:
    if e >= f:
        return True
    else:
        return False

# Parameter G's value cannot be less than parameter H's value.
def r4(g: float, h: float) -> bool:
    if g >= h:
        return True
    else:
        return False

# Parameter I's value cannot be less than parameter J's value.
def r5(i: float, j: float) -> bool:
    if i >= j:
        return True
    else:
        return False

# Parameter K's value cannot be less than parameter L's value.
def r6(k: float, l: float) -> bool:
    if k >= l:
        return True
    else:
        return False


        
Input text:
Textual context: PTO operation time should be less than or equal to the total operation time.
Driving time must always be less than or equal to the total operation time.
The number of stops where PTO is engaged must not exceed the overall stop count.
The load carried by axle 1 must be smaller than or equal to the load on axle 2.
The payload must always be smaller than or equal to the load on axle 3.
The combined time for PTO operation, idle time, and driving time must not surpass the total operation time.";"PTO operation time should be less than or equal to the total operation time.
Driving time must always be less than or equal to the total operation time.
The number of stops where PTO is engaged must not exceed the overall stop count.
The load carried by axle 1 must be smaller than or equal to the load on axle 2.
The payload must always be smaller than or equal to the load on axle 3.
The combined time for PTO operation, idle time, and driving time must not surpass the total operation time.";6;[['PTO operation time', 'total operation time'], ['driving time', 'total operation time'], ['stops with PTO engaged', 'stops'], ['axle 1 load', 'axle 2 load'], ['payload', 'axle 3 load'], ['PTO operation time', 'idle time', 'driving time', 'total operation time']];Llama-8;"def r1(pto: float, total: float) -> bool:
    if pto <= total:
        return True
    else:
        return False

def r2(driving: float, total: float) -> bool:
    if driving <= total:
        return True
    else:
        return False

def r3(pto_stops: int, overall_stops: int) -> bool:
    if pto_stops <= overall_stops:
        return True
    else:
        return False

def r4(axle1: float, axle2: float) -> bool:
    if axle1 <= axle2:
        return True
    else:
        return False

def r5(payload: float, axle3: float) -> bool:
    if payload <= axle3:
        return True
    else:
        return False

def r6(pto_time: float, idle_time: float, driving_time: float, total: float) -> bool:
    if pto_time + idle_time + driving_time <= total:
        return True
    else:
        return False

def r7(arg1: float, arg2: float, arg3: float, arg4: float, arg5: float, arg6: float, arg7: float, arg8: float, arg9: float, arg10: float, arg11: float, arg12: float, arg13: float, arg14: float):
    return not(r1(arg1, arg2) and r2(arg3, arg4) and r3(arg5, arg6) and r4(arg7, arg8) and r5(arg9, arg10) and r6(arg11, arg12, arg13, arg14)), r1(arg1, arg2), r2(arg3, arg4), r3(arg5, arg6), r4(arg7, arg8), r5(arg9, arg10), r6(arg11, arg12, arg13, arg14)";Correct syntax;['True, True, True, True, False, False, True', 'False, True, True, True, True, True, True', 'True, False, False, False, True, True, False'];['True, True, True, True, False, False, True', 'False, True, True, True, True, True, True', 'True, False, False, False, True, True, False']
"System Message:
        You are a logician with a background in mathematics that translates natural language
        reasoning text to Python3 code so that these natural language reasoning problems can be solved.
        During the translation, please pay close attention to defining variables and rules.
        Do not add any comments from you.
        Be guided by the following example:
        Example input text:
        Textual context: If the parameter A's value is at least 20, the lowest possible value of parameter B is 5.
If the parameter C's value is at least 20, the lowest possible value of parameter D is 40.
Parameter E's value cannot be less than parameter F's value.
Parameter G's value cannot be less than parameter H's value.
Parameter I's value cannot be less than parameter J's value.
Parameter K's value cannot be less than parameter L's value.

        Example Python3 code:
        # If the parameter A's value is at least 20, the lowest possible value of parameter B is 5.
def r1(a: float, b: float) -> bool:
    if b / a >= 0.25:
        return True
    else:
        return False

# If the parameter C's value is at least 20, the lowest possible value of parameter D is 40.
def r2(c: float, d: float) -> bool:
    if d / c >= 2:
        return True
    else:
        return False

# Parameter E's value cannot be less than parameter F's value.
def r3(e: float, f: float) -> bool:
    if e >= f:
        return True
    else:
        return False

# Parameter G's value cannot be less than parameter H's value.
def r4(g: float, h: float) -> bool:
    if g >= h:
        return True
    else:
        return False

# Parameter I's value cannot be less than parameter J's value.
def r5(i: float, j: float) -> bool:
    if i >= j:
        return True
    else:
        return False

# Parameter K's value cannot be less than parameter L's value.
def r6(k: float, l: float) -> bool:
    if k >= l:
        return True
    else:
        return False


        
Input text:
Textual context: PTO operation time must be less than or equal to the total operation time.
The total operation durationmust not be lower than the driving time.
The load supported by axle 1 cannot exceed that of axle 2.
Payload must remain below or equal to the load carried by axle 2.
The payload must always be smaller than or equal to the load on axle 3.";"PTO operation time must be less than or equal to the total operation time.
The total operation durationmust not be lower than the driving time.
The load supported by axle 1 cannot exceed that of axle 2.
Payload must remain below or equal to the load carried by axle 2.
The payload must always be smaller than or equal to the load on axle 3.";5;[['PTO operation time', 'total operation time'], ['total operation time', 'driving time'], ['axle 1 load', 'axle 2 load'], ['payload', 'axle 2 load'], ['payload', 'axle 3 load']];Llama-8;"def r1(pto: float, total: float) -> bool:
    if pto <= total:
        return True
    else:
        return False

def r2(total: float, driving: float) -> bool:
    if total >= driving:
        return True
    else:
        return False

def r3(axle1: float, axle2: float) -> bool:
    if axle1 <= axle2:
        return True
    else:
        return False

def r4(payload: float, axle2: float) -> bool:
    if payload <= axle2:
        return True
    else:
        return False

def r5(payload: float, axle3: float) -> bool:
    if payload <= axle3:
        return True
    else:
        return False

def r6(arg1: float, arg2: float, arg3: float, arg4: float, arg5: float, arg6: float, arg7: float, arg8: float, arg9: float, arg10: float):
    return not(r1(arg1, arg2) and r2(arg3, arg4) and r3(arg5, arg6) and r4(arg7, arg8) and r5(arg9, arg10)), r1(arg1, arg2), r2(arg3, arg4), r3(arg5, arg6), r4(arg7, arg8), r5(arg9, arg10)";Correct syntax;['True, True, True, False, False, False', 'False, True, True, True, True, True', 'True, False, False, True, True, True'];['True, True, True, False, False, False', 'False, True, True, True, True, True', 'True, False, False, True, True, True']
"System Message:
        You are a logician with a background in mathematics that translates natural language
        reasoning text to Python3 code so that these natural language reasoning problems can be solved.
        During the translation, please pay close attention to defining variables and rules.
        Do not add any comments from you.
        Be guided by the following example:
        Example input text:
        Textual context: If the parameter A's value is at least 20, the lowest possible value of parameter B is 5.
If the parameter C's value is at least 20, the lowest possible value of parameter D is 40.
Parameter E's value cannot be less than parameter F's value.
Parameter G's value cannot be less than parameter H's value.
Parameter I's value cannot be less than parameter J's value.
Parameter K's value cannot be less than parameter L's value.

        Example Python3 code:
        # If the parameter A's value is at least 20, the lowest possible value of parameter B is 5.
def r1(a: float, b: float) -> bool:
    if b / a >= 0.25:
        return True
    else:
        return False

# If the parameter C's value is at least 20, the lowest possible value of parameter D is 40.
def r2(c: float, d: float) -> bool:
    if d / c >= 2:
        return True
    else:
        return False

# Parameter E's value cannot be less than parameter F's value.
def r3(e: float, f: float) -> bool:
    if e >= f:
        return True
    else:
        return False

# Parameter G's value cannot be less than parameter H's value.
def r4(g: float, h: float) -> bool:
    if g >= h:
        return True
    else:
        return False

# Parameter I's value cannot be less than parameter J's value.
def r5(i: float, j: float) -> bool:
    if i >= j:
        return True
    else:
        return False

# Parameter K's value cannot be less than parameter L's value.
def r6(k: float, l: float) -> bool:
    if k >= l:
        return True
    else:
        return False


        
Input text:
Textual context: Idle time should be less than or equal to the total operation time.
The total operation durationmust not be lower than the driving time.
The number of stops where PTO is engaged must not exceed the overall stop count.
The weight on axle 1 cannot surpass the weight on axle 3.
Payload must remain below or equal to the load carried by axle 2.
Axle 3's load must always be equal to or greater than the payload.";"Idle time should be less than or equal to the total operation time.
The total operation durationmust not be lower than the driving time.
The number of stops where PTO is engaged must not exceed the overall stop count.
The weight on axle 1 cannot surpass the weight on axle 3.
Payload must remain below or equal to the load carried by axle 2.
Axle 3's load must always be equal to or greater than the payload.";6;[['idle time', 'total operation time'], ['total operation time', 'driving time'], ['stops with PTO engaged', 'stops'], ['axle 1 load', 'axle 3 load'], ['payload', 'axle 2 load'], ['axle 3 load', 'payload']];Llama-8;"def r1(idle_time: float, total_operation_time: float) -> bool:
    if idle_time <= total_operation_time:
        return True
    else:
        return False

def r2(total_operation_time: float, driving_time: float) -> bool:
    if total_operation_time >= driving_time:
        return True
    else:
        return False

def r3(stops_with_pto: int, overall_stop_count: int) -> bool:
    if stops_with_pto <= overall_stop_count:
        return True
    else:
        return False

def r4(weight_axle1: float, weight_axle3: float) -> bool:
    if weight_axle1 <= weight_axle3:
        return True
    else:
        return False

def r5(payload: float, load_axle2: float) -> bool:
    if payload <= load_axle2:
        return True
    else:
        return False

def r6(load_axle3: float, payload: float) -> bool:
    if load_axle3 >= payload:
        return True
    else:
        return False

def r7(arg1: float, arg2: float, arg3: float, arg4: float, arg5: float, arg6: float, arg7: float, arg8: float, arg9: float, arg10: float, arg11: float, arg12: float):
    return not(r1(arg1, arg2) and r2(arg3, arg4) and r3(arg5, arg6) and r4(arg7, arg8) and r5(arg9, arg10) and r6(arg11, arg12)), r1(arg1, arg2), r2(arg3, arg4), r3(arg5, arg6), r4(arg7, arg8), r5(arg9, arg10), r6(arg11, arg12)";Correct syntax;['True, True, True, True, False, False, False', 'False, True, True, True, True, True, True', 'True, False, False, False, True, True, True'];['True, True, True, True, False, False, False', 'False, True, True, True, True, True, True', 'True, False, False, False, True, True, True']
"System Message:
        You are a logician with a background in mathematics that translates natural language
        reasoning text to Python3 code so that these natural language reasoning problems can be solved.
        During the translation, please pay close attention to defining variables and rules.
        Do not add any comments from you.
        Be guided by the following example:
        Example input text:
        Textual context: If the parameter A's value is at least 20, the lowest possible value of parameter B is 5.
If the parameter C's value is at least 20, the lowest possible value of parameter D is 40.
Parameter E's value cannot be less than parameter F's value.
Parameter G's value cannot be less than parameter H's value.
Parameter I's value cannot be less than parameter J's value.
Parameter K's value cannot be less than parameter L's value.

        Example Python3 code:
        # If the parameter A's value is at least 20, the lowest possible value of parameter B is 5.
def r1(a: float, b: float) -> bool:
    if b / a >= 0.25:
        return True
    else:
        return False

# If the parameter C's value is at least 20, the lowest possible value of parameter D is 40.
def r2(c: float, d: float) -> bool:
    if d / c >= 2:
        return True
    else:
        return False

# Parameter E's value cannot be less than parameter F's value.
def r3(e: float, f: float) -> bool:
    if e >= f:
        return True
    else:
        return False

# Parameter G's value cannot be less than parameter H's value.
def r4(g: float, h: float) -> bool:
    if g >= h:
        return True
    else:
        return False

# Parameter I's value cannot be less than parameter J's value.
def r5(i: float, j: float) -> bool:
    if i >= j:
        return True
    else:
        return False

# Parameter K's value cannot be less than parameter L's value.
def r6(k: float, l: float) -> bool:
    if k >= l:
        return True
    else:
        return False


        
Input text:
Textual context: Driving time cannot be greater than the total operation time.
PTO-engaged stops cannot exceed the total number of stops.
The load supported by axle 1 cannot exceed that of axle 2.
Payload must remain below or equal to the load carried by axle 3.";"Driving time cannot be greater than the total operation time.
PTO-engaged stops cannot exceed the total number of stops.
The load supported by axle 1 cannot exceed that of axle 2.
Payload must remain below or equal to the load carried by axle 3.";4;[['driving time', 'total operation time'], ['stops with PTO engaged', 'stops'], ['axle 1 load', 'axle 2 load'], ['payload', 'axle 3 load']];Llama-8;"def r1(d: float, o: float) -> bool:
    if d <= o:
        return True
    else:
        return False

def r2(p: float, s: float) -> bool:
    if p <= s:
        return True
    else:
        return False

def r3(a1: float, a2: float) -> bool:
    if a1 <= a2:
        return True
    else:
        return False

def r4(p: float, a3: float) -> bool:
    if p <= a3:
        return True
    else:
        return False

def r5(arg1: float, arg2: float, arg3: float, arg4: float, arg5: float, arg6: float, arg7: float, arg8: float):
    return not(r1(arg1, arg2) and r2(arg3, arg4) and r3(arg5, arg6) and r4(arg7, arg8)), r1(arg1, arg2), r2(arg3, arg4), r3(arg5, arg6), r4(arg7, arg8)";Correct syntax;['True, True, True, False, False', 'False, True, True, True, True', 'True, False, False, True, True'];['True, True, True, False, False', 'False, True, True, True, True', 'True, False, False, True, True']
"System Message:
You are an agent which task is to correct Python3 code implementing logical rules, generated by another large language model,
so that they throw no runtime errors during program execution and correspond to the logical assumptions expressed in natural language.
To perform this task you will receive a Python3 code with valid syntax, which not correspond to the logical premises and throw runtime errors,
and these logical premises expressed in natural language, which should be translated into rules in Python3 code.
Your task is to return a valid Python3 rules for a given premises, having corrected the runtime errors.
Improvements made should mainly include defining the correct number of arguments for each function according to corresponding premise
and using inside functions the proper variables, previously defined in the function declaration.
Do not make any corrections to the last function.
Please output only a valid Python code only with comments started with #.
Do not add any additional texts, tags and comments.
Be guided by the following examples:

Example 1
# If the parameter C's value is at least 20, the lowest possible value of parameter D is 40.
def r1(c: float, d: float) -> bool:
    if c >= 20 and d / c >= 0.4:
        return True
    else:
        return False

# Parameter W value should be at least the sum of parameter X, parameter Y and parameter Z.
def r2(x: float, y: float, z: float) -> bool:
    if x + y + z >= 0:
        return True
    else:
        return False

# To identify the day as abnormal, it is enough that even one or more conditions are violated.
def r3(arg1: float, arg2: float, arg3: float, arg4: float, arg5: float, arg6: float):
    return not(r1(arg1, arg2) and r2(arg3, arg4, arg5, arg6)), r1(arg1, arg2), r2(arg3, arg4, arg5, arg6)

It is supposed to translate the following example text into rules:
If the parameter C's value is at least 20, the lowest possible value of parameter D is 40.
Parameter W value should be at least the sum of parameter X, parameter Y and parameter Z.

Code after execution returns the following error:
Traceback (most recent call last):
  File ""/home/obywatelfg/Doktorat/Badania/Logic-LLM/LLM-logic/New_val_Adapt_Task2_outputs_python_no_final_rule/Llama-8/2/python_code/2_output_python.py"", line 18, in <module>
    print(r3(2226.8, 2432.3, 0.3, 0.9, 2.7, 1.0))
  File ""/home/obywatelfg/Doktorat/Badania/Logic-LLM/LLM-logic/New_val_Adapt_Task2_outputs_python_no_final_rule/Llama-8/2/python_code/2_output_python.py"", line 16, in r3
    return not(r1(arg1, arg2) and r2(arg3, arg4, arg5, arg6)), r1(arg1, arg2), r2(arg3, arg4, arg5, arg6)
TypeError: r2() takes 3 positional arguments but 4 were given

Please correct the code.

The corrected code should be the following:
# If the parameter C's value is at least 20, the lowest possible value of parameter D is 40.
def r1(c: float, d: float) -> bool:
    if c >= 20 and d / c >= 0.4:
        return True
    else:
        return False

# This function lack of parameter W in a function definition and a body, where logical rule should check the proportion between param W and sum of params x, y, z.
# Parameter W value should be at least the sum of parameter X, parameter Y and parameter Z.
def r2(x: float, y: float, z: float, w: float) -> bool:
    if x + y + z <= w:
        return True
    else:
        return False

# To identify the day as abnormal, it is enough that even one or more conditions are violated.
def r3(arg1: float, arg2: float, arg3: float, arg4: float, arg5: float, arg6: float):
    return not(r1(arg1, arg2) and r2(arg3, arg4, arg5, arg6)), r1(arg1, arg2), r2(arg3, arg4, arg5, arg6)


Example 2
# If the parameter C's value is at least 20, the lowest possible value of parameter D is 40.
def r1(c: float) -> bool:
    if c >= 40 and c >= 0.4:
        return True
    else:
        return False

# Parameter T's value shouldn't be lower than parameter P's value.
def r2(t: float, p: float) -> bool:
    if t >= p:
        return True
    else:
        return False

# To identify the day as abnormal, it is enough that even one or more conditions are violated.
def r3(arg1: float, arg2: float, arg3: float, arg4: float):
    return not(r1(arg1, arg2) and r2(arg3, arg4)), r1(arg1, arg2), r2(arg3, arg4)

It is supposed to translate the following example text into rules:
If the parameter C's value is at least 20, the lowest possible value of parameter D is 40.
Parameter T's value shouldn't be lower than parameter P's value.

Code after execution returns the following error:
Traceback (most recent call last):
  File ""/home/obywatelfg/Doktorat/Badania/Logic-LLM/LLM-logic/New_val_Adapt_Task2_outputs_python_no_final_rule/Llama-8/4/python_code/121_output_python.py"", line 32, in <module>
    print(r5(227.70000000000002, 75.9, 9.5, 1.9, 7203.1, 6652.3, 10268.5, 8400.7))
  File ""/home/obywatelfg/Doktorat/Badania/Logic-LLM/LLM-logic/New_val_Adapt_Task2_outputs_python_no_final_rule/Llama-8/4/python_code/121_output_python.py"", line 30, in r5
    return not(r1(arg1, arg2) and r2(arg3, arg4) and r3(arg5, arg6) and r4(arg7, arg8)), r1(arg1, arg2), r2(arg3, arg4), r3(arg5, arg6), r4(arg7, arg8)
TypeError: r1() takes 1 positional argument but 2 were given

Please correct the code.

The corrected code should be the following:
# If the parameter C's value is at least 20, the lowest possible value of parameter D is 40.
def r1(c: float, d: float) -> bool:
    if d / c >= 2:
        return True
    else:
        return False

# Parameter T's value shouldn't be lower than parameter P's value.
def r2(t: float, p: float) -> bool:
    if t >= p:
        return True
    else:
        return False

# To identify the day as abnormal, it is enough that even one or more conditions are violated.
def r3(arg1: float, arg2: float, arg3: float, arg4: float):
    return not(r1(arg1, arg2) and r2(arg3, arg4)), r1(arg1, arg2), r2(arg3, arg4)


The input for your task:
This is the Python3 code which not correspond to the given logical premises:
def r1(driving_time: float, total_operation_time: float) -> bool:
    if driving_time <= total_operation_time:
        return True
    else:
        return False

def r2(pto_engaged_stops: int, total_stops: int) -> bool:
    if ptos_stops <= total_stops:
        return True
    else:
        return False

def r3(axle1_load: float, axle2_load: float) -> bool:
    if axle1_load <= axle2_load:
        return True
    else:
        return False

def r4(payload: float, axle2_load: float) -> bool:
    if payload <= axle2_load:
        return True
    else:
        return False

def r5(payload: float, axle3_load: float) -> bool:
    if payload <= axle3_load:
        return True
    else:
        return False

def r6(total_operation_time: float, pto_operation_time: float, idle_time: float, driving_time: float) -> bool:
    if total_operation_time >= pto_operation_time + idle_time + driving_time:
        return True
    else:
        return False

def r7(arg1: float, arg2: float, arg3: float, arg4: float, arg5: float, arg6: float, arg7: float, arg8: float, arg9: float, arg10: float, arg11: float, arg12: float, arg13: float, arg14: float):
    return not(r1(arg1, arg2) and r2(arg3, arg4) and r3(arg5, arg6) and r4(arg7, arg8) and r5(arg9, arg10) and r6(arg11, arg12, arg13, arg14)), r1(arg1, arg2), r2(arg3, arg4), r3(arg5, arg6), r4(arg7, arg8), r5(arg9, arg10), r6(arg11, arg12, arg13, arg14)

It is supposed to translate the following text into rules:
Driving time must always be less than or equal to the total operation time.
PTO-engaged stops cannot exceed the total number of stops.
The load supported by axle 1 cannot exceed that of axle 2.
The payload must always be smaller than or equal to the load on axle 2.
The payload must not exceed the load carried by axle 3.
Total operation time must be greater than or equal to the sum of PTO operation, idle, and driving times.

Code after execution returns the following error:
Traceback (most recent call last):
  File ""/home/frank/Doktorat/ExKLoP/saved_outputs/Task2_syntax_outputs/Llama-8/6/python_code/241_output_python.py"", line 40, in <module>
    print(r7(3.2, 8.6, 110, 171, 3241.2, 3010.4, 51.6, 7.7, 7094.8, 1093.9, 2.1, 0.3, 1.0, 0.7))
  File ""/home/frank/Doktorat/ExKLoP/saved_outputs/Task2_syntax_outputs/Llama-8/6/python_code/241_output_python.py"", line 38, in r7
    return not(r1(arg1, arg2) and r2(arg3, arg4) and r3(arg5, arg6) and r4(arg7, arg8) and r5(arg9, arg10) and r6(arg11, arg12, arg13, arg14)), r1(arg1, arg2), r2(arg3, arg4), r3(arg5, arg6), r4(arg7, arg8), r5(arg9, arg10), r6(arg11, arg12, arg13, arg14)
  File ""/home/frank/Doktorat/ExKLoP/saved_outputs/Task2_syntax_outputs/Llama-8/6/python_code/241_output_python.py"", line 8, in r2
    if ptos_stops <= total_stops:
NameError: name 'ptos_stops' is not defined. Did you mean: 'total_stops'?


Please correct the code.   ";"Driving time must always be less than or equal to the total operation time.
PTO-engaged stops cannot exceed the total number of stops.
The load supported by axle 1 cannot exceed that of axle 2.
The payload must always be smaller than or equal to the load on axle 2.
The payload must not exceed the load carried by axle 3.
Total operation time must be greater than or equal to the sum of PTO operation, idle, and driving times.";6;[['driving time', 'total operation time'], ['stops with PTO engaged', 'stops'], ['axle 1 load', 'axle 2 load'], ['payload', 'axle 2 load'], ['payload', 'axle 3 load'], ['total operation time', 'PTO operation time', 'idle time', 'driving time']];Llama-8;"def r1(driving_time: float, total_operation_time: float) -> bool:
    if driving_time <= total_operation_time:
        return True
    else:
        return False

def r2(pto_engaged_stops: int, total_stops: int) -> bool:
    if pto_engaged_stops <= total_stops:
        return True
    else:
        return False

def r3(axle1_load: float, axle2_load: float) -> bool:
    if axle1_load <= axle2_load:
        return True
    else:
        return False

def r4(payload: float, axle2_load: float) -> bool:
    if payload <= axle2_load:
        return True
    else:
        return False

def r5(payload: float, axle3_load: float) -> bool:
    if payload <= axle3_load:
        return True
    else:
        return False

def r6(pto_operation_time: float, idle_time: float, driving_time: float) -> bool:
    if pto_operation_time + idle_time + driving_time <= total_operation_time:
        return True
    else:
        return False

def r7(arg1: float, arg2: float, arg3: float, arg4: float, arg5: float, arg6: float, arg7: float, arg8: float, arg9: float, arg10: float, arg11: float, arg12: float, arg13: float, arg14: float):
    return not(r1(arg1, arg2) and r2(arg3, arg4) and r3(arg5, arg6) and r4(arg7, arg8) and r5(arg9, arg10) and r6(arg11, arg12, arg13, arg14)), r1(arg1, arg2), r2(arg3, arg4), r3(arg5, arg6), r4(arg7, arg8), r5(arg9, arg10), r6(arg11, arg12, arg13, arg14)";Correct syntax;Error;"Traceback (most recent call last):
  File ""/home/frank/Doktorat/ExKLoP/saved_outputs/Task2_runtime_outputs/Llama-8/6/python_code/241_output_python.py"", line 40, in <module>
    print(r7(3.2, 8.6, 110, 171, 3241.2, 3010.4, 51.6, 7.7, 7094.8, 1093.9, 2.1, 0.3, 1.0, 0.7))
  File ""/home/frank/Doktorat/ExKLoP/saved_outputs/Task2_runtime_outputs/Llama-8/6/python_code/241_output_python.py"", line 38, in r7
    return not(r1(arg1, arg2) and r2(arg3, arg4) and r3(arg5, arg6) and r4(arg7, arg8) and r5(arg9, arg10) and r6(arg11, arg12, arg13, arg14)), r1(arg1, arg2), r2(arg3, arg4), r3(arg5, arg6), r4(arg7, arg8), r5(arg9, arg10), r6(arg11, arg12, arg13, arg14)
TypeError: r6() takes 3 positional arguments but 4 were given
"
"System Message:
        You are a logician with a background in mathematics that translates natural language
        reasoning text to Python3 code so that these natural language reasoning problems can be solved.
        During the translation, please pay close attention to defining variables and rules.
        Do not add any comments from you.
        Be guided by the following example:
        Example input text:
        Textual context: If the parameter A's value is at least 20, the lowest possible value of parameter B is 5.
If the parameter C's value is at least 20, the lowest possible value of parameter D is 40.
Parameter E's value cannot be less than parameter F's value.
Parameter G's value cannot be less than parameter H's value.
Parameter I's value cannot be less than parameter J's value.
Parameter K's value cannot be less than parameter L's value.

        Example Python3 code:
        # If the parameter A's value is at least 20, the lowest possible value of parameter B is 5.
def r1(a: float, b: float) -> bool:
    if b / a >= 0.25:
        return True
    else:
        return False

# If the parameter C's value is at least 20, the lowest possible value of parameter D is 40.
def r2(c: float, d: float) -> bool:
    if d / c >= 2:
        return True
    else:
        return False

# Parameter E's value cannot be less than parameter F's value.
def r3(e: float, f: float) -> bool:
    if e >= f:
        return True
    else:
        return False

# Parameter G's value cannot be less than parameter H's value.
def r4(g: float, h: float) -> bool:
    if g >= h:
        return True
    else:
        return False

# Parameter I's value cannot be less than parameter J's value.
def r5(i: float, j: float) -> bool:
    if i >= j:
        return True
    else:
        return False

# Parameter K's value cannot be less than parameter L's value.
def r6(k: float, l: float) -> bool:
    if k >= l:
        return True
    else:
        return False


        
Input text:
Textual context: The total operation duration must not be lower than the idle time.
Stops with PTO engaged should never outnumber total stops.
The load on axle 1 must not surpass the load on axle 2.
The payload must not exceed the load carried by axle 3.";"The total operation duration must not be lower than the idle time.
Stops with PTO engaged should never outnumber total stops.
The load on axle 1 must not surpass the load on axle 2.
The payload must not exceed the load carried by axle 3.";4;[['total operation time', 'idle time'], ['stops with PTO engaged', 'stops'], ['axle 1 load', 'axle 2 load'], ['payload', 'axle 3 load']];Llama-8;"def r1(o: float, i: float) -> bool:
    if o >= i:
        return True
    else:
        return False

def r2(p: int, t: int) -> bool:
    if p <= t:
        return True
    else:
        return False

def r3(l1: float, l2: float) -> bool:
    if l1 <= l2:
        return True
    else:
        return False

def r4(p: float, l3: float) -> bool:
    if p <= l3:
        return True
    else:
        return False

def r5(arg1: float, arg2: float, arg3: float, arg4: float, arg5: float, arg6: float, arg7: float, arg8: float):
    return not(r1(arg1, arg2) and r2(arg3, arg4) and r3(arg5, arg6) and r4(arg7, arg8)), r1(arg1, arg2), r2(arg3, arg4), r3(arg5, arg6), r4(arg7, arg8)";Correct syntax;['True, True, True, False, False', 'False, True, True, True, True', 'True, False, False, True, True'];['True, True, True, False, False', 'False, True, True, True, True', 'True, False, False, True, True']
"System Message:
        You are a logician with a background in mathematics that translates natural language
        reasoning text to Python3 code so that these natural language reasoning problems can be solved.
        During the translation, please pay close attention to defining variables and rules.
        Do not add any comments from you.
        Be guided by the following example:
        Example input text:
        Textual context: If the parameter A's value is at least 20, the lowest possible value of parameter B is 5.
If the parameter C's value is at least 20, the lowest possible value of parameter D is 40.
Parameter E's value cannot be less than parameter F's value.
Parameter G's value cannot be less than parameter H's value.
Parameter I's value cannot be less than parameter J's value.
Parameter K's value cannot be less than parameter L's value.

        Example Python3 code:
        # If the parameter A's value is at least 20, the lowest possible value of parameter B is 5.
def r1(a: float, b: float) -> bool:
    if b / a >= 0.25:
        return True
    else:
        return False

# If the parameter C's value is at least 20, the lowest possible value of parameter D is 40.
def r2(c: float, d: float) -> bool:
    if d / c >= 2:
        return True
    else:
        return False

# Parameter E's value cannot be less than parameter F's value.
def r3(e: float, f: float) -> bool:
    if e >= f:
        return True
    else:
        return False

# Parameter G's value cannot be less than parameter H's value.
def r4(g: float, h: float) -> bool:
    if g >= h:
        return True
    else:
        return False

# Parameter I's value cannot be less than parameter J's value.
def r5(i: float, j: float) -> bool:
    if i >= j:
        return True
    else:
        return False

# Parameter K's value cannot be less than parameter L's value.
def r6(k: float, l: float) -> bool:
    if k >= l:
        return True
    else:
        return False


        
Input text:
Textual context: Axle 1's load cannot exceed Axle 2's load.
The load on axle 1 must not surpass the load on axle 3.
The payload must not exceed the load carried by axle 2.
The payload must not exceed the load carried by axle 3.";"Axle 1's load cannot exceed Axle 2's load.
The load on axle 1 must not surpass the load on axle 3.
The payload must not exceed the load carried by axle 2.
The payload must not exceed the load carried by axle 3.";4;[['axle 1 load', 'axle 2 load'], ['axle 1 load', 'axle 3 load'], ['payload', 'axle 2 load'], ['payload', 'axle 3 load']];Llama-8;"def r1(axle1_load: float, axle2_load: float) -> bool:
    if axle1_load > axle2_load:
        return False
    else:
        return True

def r2(axle1_load: float, axle3_load: float) -> bool:
    if axle1_load > axle3_load:
        return False
    else:
        return True

def r3(payload: float, axle2_load: float) -> bool:
    if payload > axle2_load:
        return False
    else:
        return True

def r4(payload: float, axle3_load: float) -> bool:
    if payload > axle3_load:
        return False
    else:
        return True

def r5(arg1: float, arg2: float, arg3: float, arg4: float, arg5: float, arg6: float, arg7: float, arg8: float):
    return not(r1(arg1, arg2) and r2(arg3, arg4) and r3(arg5, arg6) and r4(arg7, arg8)), r1(arg1, arg2), r2(arg3, arg4), r3(arg5, arg6), r4(arg7, arg8)";Correct syntax;['True, False, False, False, False', 'False, True, True, True, True', 'False, True, True, True, True'];['True, False, False, False, False', 'False, True, True, True, True', 'False, True, True, True, True']
"System Message:
You are an agent which task is to correct Python3 code implementing logical rules, generated by another large language model,
so that they throw no runtime errors during program execution and correspond to the logical assumptions expressed in natural language.
To perform this task you will receive a Python3 code with valid syntax, which not correspond to the logical premises and throw runtime errors,
and these logical premises expressed in natural language, which should be translated into rules in Python3 code.
Your task is to return a valid Python3 rules for a given premises, having corrected the runtime errors.
Improvements made should mainly include defining the correct number of arguments for each function according to corresponding premise
and using inside functions the proper variables, previously defined in the function declaration.
Do not make any corrections to the last function.
Please output only a valid Python code only with comments started with #.
Do not add any additional texts, tags and comments.
Be guided by the following examples:

Example 1
# If the parameter C's value is at least 20, the lowest possible value of parameter D is 40.
def r1(c: float, d: float) -> bool:
    if c >= 20 and d / c >= 0.4:
        return True
    else:
        return False

# Parameter W value should be at least the sum of parameter X, parameter Y and parameter Z.
def r2(x: float, y: float, z: float) -> bool:
    if x + y + z >= 0:
        return True
    else:
        return False

# To identify the day as abnormal, it is enough that even one or more conditions are violated.
def r3(arg1: float, arg2: float, arg3: float, arg4: float, arg5: float, arg6: float):
    return not(r1(arg1, arg2) and r2(arg3, arg4, arg5, arg6)), r1(arg1, arg2), r2(arg3, arg4, arg5, arg6)

It is supposed to translate the following example text into rules:
If the parameter C's value is at least 20, the lowest possible value of parameter D is 40.
Parameter W value should be at least the sum of parameter X, parameter Y and parameter Z.

Code after execution returns the following error:
Traceback (most recent call last):
  File ""/home/obywatelfg/Doktorat/Badania/Logic-LLM/LLM-logic/New_val_Adapt_Task2_outputs_python_no_final_rule/Llama-8/2/python_code/2_output_python.py"", line 18, in <module>
    print(r3(2226.8, 2432.3, 0.3, 0.9, 2.7, 1.0))
  File ""/home/obywatelfg/Doktorat/Badania/Logic-LLM/LLM-logic/New_val_Adapt_Task2_outputs_python_no_final_rule/Llama-8/2/python_code/2_output_python.py"", line 16, in r3
    return not(r1(arg1, arg2) and r2(arg3, arg4, arg5, arg6)), r1(arg1, arg2), r2(arg3, arg4, arg5, arg6)
TypeError: r2() takes 3 positional arguments but 4 were given

Please correct the code.

The corrected code should be the following:
# If the parameter C's value is at least 20, the lowest possible value of parameter D is 40.
def r1(c: float, d: float) -> bool:
    if c >= 20 and d / c >= 0.4:
        return True
    else:
        return False

# This function lack of parameter W in a function definition and a body, where logical rule should check the proportion between param W and sum of params x, y, z.
# Parameter W value should be at least the sum of parameter X, parameter Y and parameter Z.
def r2(x: float, y: float, z: float, w: float) -> bool:
    if x + y + z <= w:
        return True
    else:
        return False

# To identify the day as abnormal, it is enough that even one or more conditions are violated.
def r3(arg1: float, arg2: float, arg3: float, arg4: float, arg5: float, arg6: float):
    return not(r1(arg1, arg2) and r2(arg3, arg4, arg5, arg6)), r1(arg1, arg2), r2(arg3, arg4, arg5, arg6)


Example 2
# If the parameter C's value is at least 20, the lowest possible value of parameter D is 40.
def r1(c: float) -> bool:
    if c >= 40 and c >= 0.4:
        return True
    else:
        return False

# Parameter T's value shouldn't be lower than parameter P's value.
def r2(t: float, p: float) -> bool:
    if t >= p:
        return True
    else:
        return False

# To identify the day as abnormal, it is enough that even one or more conditions are violated.
def r3(arg1: float, arg2: float, arg3: float, arg4: float):
    return not(r1(arg1, arg2) and r2(arg3, arg4)), r1(arg1, arg2), r2(arg3, arg4)

It is supposed to translate the following example text into rules:
If the parameter C's value is at least 20, the lowest possible value of parameter D is 40.
Parameter T's value shouldn't be lower than parameter P's value.

Code after execution returns the following error:
Traceback (most recent call last):
  File ""/home/obywatelfg/Doktorat/Badania/Logic-LLM/LLM-logic/New_val_Adapt_Task2_outputs_python_no_final_rule/Llama-8/4/python_code/121_output_python.py"", line 32, in <module>
    print(r5(227.70000000000002, 75.9, 9.5, 1.9, 7203.1, 6652.3, 10268.5, 8400.7))
  File ""/home/obywatelfg/Doktorat/Badania/Logic-LLM/LLM-logic/New_val_Adapt_Task2_outputs_python_no_final_rule/Llama-8/4/python_code/121_output_python.py"", line 30, in r5
    return not(r1(arg1, arg2) and r2(arg3, arg4) and r3(arg5, arg6) and r4(arg7, arg8)), r1(arg1, arg2), r2(arg3, arg4), r3(arg5, arg6), r4(arg7, arg8)
TypeError: r1() takes 1 positional argument but 2 were given

Please correct the code.

The corrected code should be the following:
# If the parameter C's value is at least 20, the lowest possible value of parameter D is 40.
def r1(c: float, d: float) -> bool:
    if d / c >= 2:
        return True
    else:
        return False

# Parameter T's value shouldn't be lower than parameter P's value.
def r2(t: float, p: float) -> bool:
    if t >= p:
        return True
    else:
        return False

# To identify the day as abnormal, it is enough that even one or more conditions are violated.
def r3(arg1: float, arg2: float, arg3: float, arg4: float):
    return not(r1(arg1, arg2) and r2(arg3, arg4)), r1(arg1, arg2), r2(arg3, arg4)


The input for your task:
This is the Python3 code which not correspond to the given logical premises:
def r1(total_operation_time: float, pto_operation_time: float) -> bool:
    if total_operation_time >= pto_operation_time:
        return True
    else:
        return False

def r2(pto_engaged_stops: float, total_stops: float) -> bool:
    if ptos_stops <= total_stops:
        return True
    else:
        return False

def r3(axle1_load: float, axle2_load: float) -> bool:
    if axle1_load <= axle2_load:
        return True
    else:
        return False

def r4(axle2_load: float, payload: float) -> bool:
    if axle2_load >= payload:
        return True
    else:
        return False

def r5(payload: float, axle3_load: float) -> bool:
    if payload <= axle3_load:
        return True
    else:
        return False

def r6(arg1: float, arg2: float, arg3: float, arg4: float, arg5: float, arg6: float, arg7: float, arg8: float, arg9: float, arg10: float):
    return not(r1(arg1, arg2) and r2(arg3, arg4) and r3(arg5, arg6) and r4(arg7, arg8) and r5(arg9, arg10)), r1(arg1, arg2), r2(arg3, arg4), r3(arg5, arg6), r4(arg7, arg8), r5(arg9, arg10)

It is supposed to translate the following text into rules:
Total operation time shouldn’t be lower than PTO operation time.
PTO-engaged stops cannot exceed the total number of stops.
The load on axle 1 must not surpass the load on axle 2.
Axle 2's load must always be equal to or greater than the payload.
The payload must always be smaller than or equal to the load on axle 3.

Code after execution returns the following error:
Traceback (most recent call last):
  File ""/home/frank/Doktorat/ExKLoP/saved_outputs/Task2_syntax_outputs/Llama-8/5/python_code/244_output_python.py"", line 34, in <module>
    print(r6(5.7, 4.0, 110, 171, 3241.2, 3010.4, 7.7, 51.6, 7094.8, 1093.9))
  File ""/home/frank/Doktorat/ExKLoP/saved_outputs/Task2_syntax_outputs/Llama-8/5/python_code/244_output_python.py"", line 32, in r6
    return not(r1(arg1, arg2) and r2(arg3, arg4) and r3(arg5, arg6) and r4(arg7, arg8) and r5(arg9, arg10)), r1(arg1, arg2), r2(arg3, arg4), r3(arg5, arg6), r4(arg7, arg8), r5(arg9, arg10)
  File ""/home/frank/Doktorat/ExKLoP/saved_outputs/Task2_syntax_outputs/Llama-8/5/python_code/244_output_python.py"", line 8, in r2
    if ptos_stops <= total_stops:
NameError: name 'ptos_stops' is not defined. Did you mean: 'total_stops'?


Please correct the code.   ";"Total operation time shouldn’t be lower than PTO operation time.
PTO-engaged stops cannot exceed the total number of stops.
The load on axle 1 must not surpass the load on axle 2.
Axle 2's load must always be equal to or greater than the payload.
The payload must always be smaller than or equal to the load on axle 3.";5;[['total operation time', 'PTO operation time'], ['stops with PTO engaged', 'stops'], ['axle 1 load', 'axle 2 load'], ['axle 2 load', 'payload'], ['payload', 'axle 3 load']];Llama-8;"def r1(total_operation_time: float, pto_operation_time: float) -> bool:
    if total_operation_time >= pto_operation_time:
        return True
    else:
        return False

def r2(pto_engaged_stops: float, total_stops: float) -> bool:
    if pto_engaged_stops <= total_stops:
        return True
    else:
        return False

def r3(axle1_load: float, axle2_load: float) -> bool:
    if axle1_load <= axle2_load:
        return True
    else:
        return False

def r4(axle2_load: float, payload: float) -> bool:
    if axle2_load >= payload:
        return True
    else:
        return False

def r5(payload: float, axle3_load: float) -> bool:
    if payload <= axle3_load:
        return True
    else:
        return False

def r6(arg1: float, arg2: float, arg3: float, arg4: float, arg5: float, arg6: float, arg7: float, arg8: float, arg9: float, arg10: float):
    return not(r1(arg1, arg2) and r2(arg3, arg4) and r3(arg5, arg6) and r4(arg7, arg8) and r5(arg9, arg10)), r1(arg1, arg2), r2(arg3, arg4), r3(arg5, arg6), r4(arg7, arg8), r5(arg9, arg10)";Correct syntax;['True, True, True, False, False, False', 'False, True, True, True, True, True', 'True, False, False, True, True, True'];['True, True, True, False, False, False', 'False, True, True, True, True, True', 'True, False, False, True, True, True']
"System Message:
        You are a logician with a background in mathematics that translates natural language
        reasoning text to Python3 code so that these natural language reasoning problems can be solved.
        During the translation, please pay close attention to defining variables and rules.
        Do not add any comments from you.
        Be guided by the following example:
        Example input text:
        Textual context: If the parameter A's value is at least 20, the lowest possible value of parameter B is 5.
If the parameter C's value is at least 20, the lowest possible value of parameter D is 40.
Parameter E's value cannot be less than parameter F's value.
Parameter G's value cannot be less than parameter H's value.
Parameter I's value cannot be less than parameter J's value.
Parameter K's value cannot be less than parameter L's value.

        Example Python3 code:
        # If the parameter A's value is at least 20, the lowest possible value of parameter B is 5.
def r1(a: float, b: float) -> bool:
    if b / a >= 0.25:
        return True
    else:
        return False

# If the parameter C's value is at least 20, the lowest possible value of parameter D is 40.
def r2(c: float, d: float) -> bool:
    if d / c >= 2:
        return True
    else:
        return False

# Parameter E's value cannot be less than parameter F's value.
def r3(e: float, f: float) -> bool:
    if e >= f:
        return True
    else:
        return False

# Parameter G's value cannot be less than parameter H's value.
def r4(g: float, h: float) -> bool:
    if g >= h:
        return True
    else:
        return False

# Parameter I's value cannot be less than parameter J's value.
def r5(i: float, j: float) -> bool:
    if i >= j:
        return True
    else:
        return False

# Parameter K's value cannot be less than parameter L's value.
def r6(k: float, l: float) -> bool:
    if k >= l:
        return True
    else:
        return False


        
Input text:
Textual context: The total operation duration must not be lower than the PTO operation time.
Stops with PTO engaged cannot outnumber the total stops.
The load supported by axle 1 cannot exceed that of axle 3.
Payload must remain below or equal to the load carried by axle 2.
The combined time for PTO operation, idle time, and driving time must not surpass the total operation time.";"The total operation duration must not be lower than the PTO operation time.
Stops with PTO engaged cannot outnumber the total stops.
The load supported by axle 1 cannot exceed that of axle 3.
Payload must remain below or equal to the load carried by axle 2.
The combined time for PTO operation, idle time, and driving time must not surpass the total operation time.";5;[['total operation time', 'PTO operation time'], ['stops with PTO engaged', 'stops'], ['axle 1 load', 'axle 3 load'], ['payload', 'axle 2 load'], ['PTO operation time', 'idle time', 'driving time', 'total operation time']];Llama-8;"def r1(total_operation_time: float, pto_operation_time: float) -> bool:
    if total_operation_time >= pto_operation_time:
        return True
    else:
        return False

def r2(pto_stops: int, total_stops: int) -> bool:
    if pto_stops <= total_stops:
        return True
    else:
        return False

def r3(axle1_load: float, axle3_load: float) -> bool:
    if axle1_load <= axle3_load:
        return True
    else:
        return False

def r4(payload: float, axle2_load: float) -> bool:
    if payload <= axle2_load:
        return True
    else:
        return False

def r5(pto_operation_time: float, idle_time: float, driving_time: float, total_operation_time: float) -> bool:
    if pto_operation_time + idle_time + driving_time <= total_operation_time:
        return True
    else:
        return False

def r6(arg1: float, arg2: float, arg3: float, arg4: float, arg5: float, arg6: float, arg7: float, arg8: float, arg9: float, arg10: float, arg11: float, arg12: float):
    return not(r1(arg1, arg2) and r2(arg3, arg4) and r3(arg5, arg6) and r4(arg7, arg8) and r5(arg9, arg10, arg11, arg12)), r1(arg1, arg2), r2(arg3, arg4), r3(arg5, arg6), r4(arg7, arg8), r5(arg9, arg10, arg11, arg12)";Correct syntax;['True, True, True, False, False, True', 'False, True, True, True, True, True', 'True, False, False, True, True, False'];['True, True, True, False, False, True', 'False, True, True, True, True, True', 'True, False, False, True, True, False']
"System Message:
You are an agent which task is to correct Python3 code implementing logical rules, generated by another large language model,
so that they throw no runtime errors during program execution and correspond to the logical assumptions expressed in natural language.
To perform this task you will receive a Python3 code with valid syntax, which not correspond to the logical premises and throw runtime errors,
and these logical premises expressed in natural language, which should be translated into rules in Python3 code.
Your task is to return a valid Python3 rules for a given premises, having corrected the runtime errors.
Improvements made should mainly include defining the correct number of arguments for each function according to corresponding premise
and using inside functions the proper variables, previously defined in the function declaration.
Do not make any corrections to the last function.
Please output only a valid Python code only with comments started with #.
Do not add any additional texts, tags and comments.
Be guided by the following examples:

Example 1
# If the parameter C's value is at least 20, the lowest possible value of parameter D is 40.
def r1(c: float, d: float) -> bool:
    if c >= 20 and d / c >= 0.4:
        return True
    else:
        return False

# Parameter W value should be at least the sum of parameter X, parameter Y and parameter Z.
def r2(x: float, y: float, z: float) -> bool:
    if x + y + z >= 0:
        return True
    else:
        return False

# To identify the day as abnormal, it is enough that even one or more conditions are violated.
def r3(arg1: float, arg2: float, arg3: float, arg4: float, arg5: float, arg6: float):
    return not(r1(arg1, arg2) and r2(arg3, arg4, arg5, arg6)), r1(arg1, arg2), r2(arg3, arg4, arg5, arg6)

It is supposed to translate the following example text into rules:
If the parameter C's value is at least 20, the lowest possible value of parameter D is 40.
Parameter W value should be at least the sum of parameter X, parameter Y and parameter Z.

Code after execution returns the following error:
Traceback (most recent call last):
  File ""/home/obywatelfg/Doktorat/Badania/Logic-LLM/LLM-logic/New_val_Adapt_Task2_outputs_python_no_final_rule/Llama-8/2/python_code/2_output_python.py"", line 18, in <module>
    print(r3(2226.8, 2432.3, 0.3, 0.9, 2.7, 1.0))
  File ""/home/obywatelfg/Doktorat/Badania/Logic-LLM/LLM-logic/New_val_Adapt_Task2_outputs_python_no_final_rule/Llama-8/2/python_code/2_output_python.py"", line 16, in r3
    return not(r1(arg1, arg2) and r2(arg3, arg4, arg5, arg6)), r1(arg1, arg2), r2(arg3, arg4, arg5, arg6)
TypeError: r2() takes 3 positional arguments but 4 were given

Please correct the code.

The corrected code should be the following:
# If the parameter C's value is at least 20, the lowest possible value of parameter D is 40.
def r1(c: float, d: float) -> bool:
    if c >= 20 and d / c >= 0.4:
        return True
    else:
        return False

# This function lack of parameter W in a function definition and a body, where logical rule should check the proportion between param W and sum of params x, y, z.
# Parameter W value should be at least the sum of parameter X, parameter Y and parameter Z.
def r2(x: float, y: float, z: float, w: float) -> bool:
    if x + y + z <= w:
        return True
    else:
        return False

# To identify the day as abnormal, it is enough that even one or more conditions are violated.
def r3(arg1: float, arg2: float, arg3: float, arg4: float, arg5: float, arg6: float):
    return not(r1(arg1, arg2) and r2(arg3, arg4, arg5, arg6)), r1(arg1, arg2), r2(arg3, arg4, arg5, arg6)


Example 2
# If the parameter C's value is at least 20, the lowest possible value of parameter D is 40.
def r1(c: float) -> bool:
    if c >= 40 and c >= 0.4:
        return True
    else:
        return False

# Parameter T's value shouldn't be lower than parameter P's value.
def r2(t: float, p: float) -> bool:
    if t >= p:
        return True
    else:
        return False

# To identify the day as abnormal, it is enough that even one or more conditions are violated.
def r3(arg1: float, arg2: float, arg3: float, arg4: float):
    return not(r1(arg1, arg2) and r2(arg3, arg4)), r1(arg1, arg2), r2(arg3, arg4)

It is supposed to translate the following example text into rules:
If the parameter C's value is at least 20, the lowest possible value of parameter D is 40.
Parameter T's value shouldn't be lower than parameter P's value.

Code after execution returns the following error:
Traceback (most recent call last):
  File ""/home/obywatelfg/Doktorat/Badania/Logic-LLM/LLM-logic/New_val_Adapt_Task2_outputs_python_no_final_rule/Llama-8/4/python_code/121_output_python.py"", line 32, in <module>
    print(r5(227.70000000000002, 75.9, 9.5, 1.9, 7203.1, 6652.3, 10268.5, 8400.7))
  File ""/home/obywatelfg/Doktorat/Badania/Logic-LLM/LLM-logic/New_val_Adapt_Task2_outputs_python_no_final_rule/Llama-8/4/python_code/121_output_python.py"", line 30, in r5
    return not(r1(arg1, arg2) and r2(arg3, arg4) and r3(arg5, arg6) and r4(arg7, arg8)), r1(arg1, arg2), r2(arg3, arg4), r3(arg5, arg6), r4(arg7, arg8)
TypeError: r1() takes 1 positional argument but 2 were given

Please correct the code.

The corrected code should be the following:
# If the parameter C's value is at least 20, the lowest possible value of parameter D is 40.
def r1(c: float, d: float) -> bool:
    if d / c >= 2:
        return True
    else:
        return False

# Parameter T's value shouldn't be lower than parameter P's value.
def r2(t: float, p: float) -> bool:
    if t >= p:
        return True
    else:
        return False

# To identify the day as abnormal, it is enough that even one or more conditions are violated.
def r3(arg1: float, arg2: float, arg3: float, arg4: float):
    return not(r1(arg1, arg2) and r2(arg3, arg4)), r1(arg1, arg2), r2(arg3, arg4)


The input for your task:
This is the Python3 code which not correspond to the given logical premises:
def r1(pto_time: float, total_time: float) -> bool:
    if pto_time <= total_time:
        return True
    else:
        return False

def r2(total_time: float, idle_time: float) -> bool:
    if total_time >= idle_time:
        return True
    else:
        return False

def r3(payload: float, load_axle2: float) -> bool:
    if payload <= load_axle2:
        return True
    else:
        return False

def r4(total_time: float, pto_time: float, idle_time: float) -> bool:
    if total_time >= pto_time + idle_time:
        return True
    else:
        return False

def r5(arg1: float, arg2: float, arg3: float, arg4: float, arg5: float, arg6: float, arg7: float, arg8: float, arg9: float, arg10: float):
    return not(r1(arg1, arg2) and r2(arg3, arg4) and r3(arg5, arg6) and r4(arg7, arg8, arg9, arg10)), r1(arg1, arg2), r2(arg3, arg4), r3(arg5, arg6), r4(arg7, arg8, arg9, arg10)

It is supposed to translate the following text into rules:
PTO operation time cannot be greater than the total operation time.
Total operation time shouldn’t be lower than idle time.
Payload must remain below or equal to the load carried by axle 2.
The total operation duration must always be greater than or equal to the combined time for PTO, idle, and driving.

Code after execution returns the following error:
Traceback (most recent call last):
  File ""/home/frank/Doktorat/ExKLoP/saved_outputs/Task2_syntax_outputs/Llama-8/4/python_code/246_output_python.py"", line 28, in <module>
    print(r5(4.0, 5.7, 3.8, 2.0, 51.6, 7.7, 2.1, 0.3, 1.0, 0.7))
  File ""/home/frank/Doktorat/ExKLoP/saved_outputs/Task2_syntax_outputs/Llama-8/4/python_code/246_output_python.py"", line 26, in r5
    return not(r1(arg1, arg2) and r2(arg3, arg4) and r3(arg5, arg6) and r4(arg7, arg8, arg9, arg10)), r1(arg1, arg2), r2(arg3, arg4), r3(arg5, arg6), r4(arg7, arg8, arg9, arg10)
TypeError: r4() takes 3 positional arguments but 4 were given


Please correct the code.   ";"PTO operation time cannot be greater than the total operation time.
Total operation time shouldn’t be lower than idle time.
Payload must remain below or equal to the load carried by axle 2.
The total operation duration must always be greater than or equal to the combined time for PTO, idle, and driving.";4;[['PTO operation time', 'total operation time'], ['total operation time', 'idle time'], ['payload', 'axle 2 load'], ['total operation time', 'PTO operation time', 'idle time', 'driving time']];Llama-8;"# PTO operation time cannot be greater than the total operation time.
def r1(pto_time: float, total_time: float) -> bool:
    if pto_time <= total_time:
        return True
    else:
        return False

# Total operation time shouldn’t be lower than idle time.
def r2(total_time: float, idle_time: float) -> bool:
    if total_time >= idle_time:
        return True
    else:
        return False

# Payload must remain below or equal to the load carried by axle 2.
def r3(payload: float, load_axle2: float) -> bool:
    if payload <= load_axle2:
        return True
    else:
        return False

# The total operation duration must always be greater than or equal to the combined time for PTO, idle, and driving.
def r4(pto_time: float, idle_time: float) -> bool:
    if pto_time + idle_time <= total_time:
        return True
    else:
        return False


def r5(arg1: float, arg2: float, arg3: float, arg4: float, arg5: float, arg6: float, arg7: float, arg8: float, arg9: float, arg10: float):
    return not(r1(arg1, arg2) and r2(arg3, arg4) and r3(arg5, arg6) and r4(arg7, arg8, arg9, arg10)), r1(arg1, arg2), r2(arg3, arg4), r3(arg5, arg6), r4(arg7, arg8, arg9, arg10)";Correct syntax;Error;"Traceback (most recent call last):
  File ""/home/frank/Doktorat/ExKLoP/saved_outputs/Task2_runtime_outputs/Llama-8/4/python_code/246_output_python.py"", line 33, in <module>
    print(r5(4.0, 5.7, 3.8, 2.0, 51.6, 7.7, 2.1, 0.3, 1.0, 0.7))
  File ""/home/frank/Doktorat/ExKLoP/saved_outputs/Task2_runtime_outputs/Llama-8/4/python_code/246_output_python.py"", line 31, in r5
    return not(r1(arg1, arg2) and r2(arg3, arg4) and r3(arg5, arg6) and r4(arg7, arg8, arg9, arg10)), r1(arg1, arg2), r2(arg3, arg4), r3(arg5, arg6), r4(arg7, arg8, arg9, arg10)
TypeError: r4() takes 2 positional arguments but 4 were given
"
"System Message:
        You are a logician with a background in mathematics that translates natural language
        reasoning text to Python3 code so that these natural language reasoning problems can be solved.
        During the translation, please pay close attention to defining variables and rules.
        Do not add any comments from you.
        Be guided by the following example:
        Example input text:
        Textual context: If the parameter A's value is at least 20, the lowest possible value of parameter B is 5.
If the parameter C's value is at least 20, the lowest possible value of parameter D is 40.
Parameter E's value cannot be less than parameter F's value.
Parameter G's value cannot be less than parameter H's value.
Parameter I's value cannot be less than parameter J's value.
Parameter K's value cannot be less than parameter L's value.

        Example Python3 code:
        # If the parameter A's value is at least 20, the lowest possible value of parameter B is 5.
def r1(a: float, b: float) -> bool:
    if b / a >= 0.25:
        return True
    else:
        return False

# If the parameter C's value is at least 20, the lowest possible value of parameter D is 40.
def r2(c: float, d: float) -> bool:
    if d / c >= 2:
        return True
    else:
        return False

# Parameter E's value cannot be less than parameter F's value.
def r3(e: float, f: float) -> bool:
    if e >= f:
        return True
    else:
        return False

# Parameter G's value cannot be less than parameter H's value.
def r4(g: float, h: float) -> bool:
    if g >= h:
        return True
    else:
        return False

# Parameter I's value cannot be less than parameter J's value.
def r5(i: float, j: float) -> bool:
    if i >= j:
        return True
    else:
        return False

# Parameter K's value cannot be less than parameter L's value.
def r6(k: float, l: float) -> bool:
    if k >= l:
        return True
    else:
        return False


        
Input text:
Textual context: Total operation time shouldn’t be lower than PTO operation time.
Driving time cannot be greater than the total operation time.
Stops with PTO engaged should never outnumber total stops.
The load on axle 1 must not surpass the load on axle 3.
Payload must remain below or equal to the load carried by axle 2.";"Total operation time shouldn’t be lower than PTO operation time.
Driving time cannot be greater than the total operation time.
Stops with PTO engaged should never outnumber total stops.
The load on axle 1 must not surpass the load on axle 3.
Payload must remain below or equal to the load carried by axle 2.";5;[['total operation time', 'PTO operation time'], ['driving time', 'total operation time'], ['stops with PTO engaged', 'stops'], ['axle 1 load', 'axle 3 load'], ['payload', 'axle 2 load']];Llama-8;"def r1(total_operation_time: float, pto_operation_time: float) -> bool:
    if total_operation_time >= pto_operation_time:
        return True
    else:
        return False

def r2(driving_time: float, total_operation_time: float) -> bool:
    if driving_time <= total_operation_time:
        return True
    else:
        return False

def r3(pto_stops: int, total_stops: int) -> bool:
    if pto_stops <= total_stops:
        return True
    else:
        return False

def r4(load_axle1: float, load_axle3: float) -> bool:
    if load_axle1 <= load_axle3:
        return True
    else:
        return False

def r5(payload: float, load_axle2: float) -> bool:
    if payload <= load_axle2:
        return True
    else:
        return False

def r6(arg1: float, arg2: float, arg3: float, arg4: float, arg5: float, arg6: float, arg7: float, arg8: float, arg9: float, arg10: float):
    return not(r1(arg1, arg2) and r2(arg3, arg4) and r3(arg5, arg6) and r4(arg7, arg8) and r5(arg9, arg10)), r1(arg1, arg2), r2(arg3, arg4), r3(arg5, arg6), r4(arg7, arg8), r5(arg9, arg10)";Correct syntax;['True, True, True, True, False, False', 'False, True, True, True, True, True', 'True, False, False, False, True, True'];['True, True, True, True, False, False', 'False, True, True, True, True, True', 'True, False, False, False, True, True']
"System Message:
        You are a logician with a background in mathematics that translates natural language
        reasoning text to Python3 code so that these natural language reasoning problems can be solved.
        During the translation, please pay close attention to defining variables and rules.
        Do not add any comments from you.
        Be guided by the following example:
        Example input text:
        Textual context: If the parameter A's value is at least 20, the lowest possible value of parameter B is 5.
If the parameter C's value is at least 20, the lowest possible value of parameter D is 40.
Parameter E's value cannot be less than parameter F's value.
Parameter G's value cannot be less than parameter H's value.
Parameter I's value cannot be less than parameter J's value.
Parameter K's value cannot be less than parameter L's value.

        Example Python3 code:
        # If the parameter A's value is at least 20, the lowest possible value of parameter B is 5.
def r1(a: float, b: float) -> bool:
    if b / a >= 0.25:
        return True
    else:
        return False

# If the parameter C's value is at least 20, the lowest possible value of parameter D is 40.
def r2(c: float, d: float) -> bool:
    if d / c >= 2:
        return True
    else:
        return False

# Parameter E's value cannot be less than parameter F's value.
def r3(e: float, f: float) -> bool:
    if e >= f:
        return True
    else:
        return False

# Parameter G's value cannot be less than parameter H's value.
def r4(g: float, h: float) -> bool:
    if g >= h:
        return True
    else:
        return False

# Parameter I's value cannot be less than parameter J's value.
def r5(i: float, j: float) -> bool:
    if i >= j:
        return True
    else:
        return False

# Parameter K's value cannot be less than parameter L's value.
def r6(k: float, l: float) -> bool:
    if k >= l:
        return True
    else:
        return False


        
Input text:
Textual context: Total operation time shouldn’t be lower than PTO operation time.
Idle time cannot be greater than the total operation time.
The load supported by axle 1 cannot exceed that of axle 2.
The weight on axle 1 cannot surpass the weight on axle 3.
Payload must remain below or equal to the load carried by axle 2.";"Total operation time shouldn’t be lower than PTO operation time.
Idle time cannot be greater than the total operation time.
The load supported by axle 1 cannot exceed that of axle 2.
The weight on axle 1 cannot surpass the weight on axle 3.
Payload must remain below or equal to the load carried by axle 2.";5;[['total operation time', 'PTO operation time'], ['idle time', 'total operation time'], ['axle 1 load', 'axle 2 load'], ['axle 1 load', 'axle 3 load'], ['payload', 'axle 2 load']];Llama-8;"def r1(total_time: float, pto_time: float) -> bool:
    if total_time >= pto_time:
        return True
    else:
        return False

def r2(idle_time: float, total_time: float) -> bool:
    if idle_time <= total_time:
        return True
    else:
        return False

def r3(axle1_load: float, axle2_load: float) -> bool:
    if axle1_load <= axle2_load:
        return True
    else:
        return False

def r4(axle1_weight: float, axle3_weight: float) -> bool:
    if axle1_weight <= axle3_weight:
        return True
    else:
        return False

def r5(payload: float, axle2_load: float) -> bool:
    if payload <= axle2_load:
        return True
    else:
        return False

def r6(arg1: float, arg2: float, arg3: float, arg4: float, arg5: float, arg6: float, arg7: float, arg8: float, arg9: float, arg10: float):
    return not(r1(arg1, arg2) and r2(arg3, arg4) and r3(arg5, arg6) and r4(arg7, arg8) and r5(arg9, arg10)), r1(arg1, arg2), r2(arg3, arg4), r3(arg5, arg6), r4(arg7, arg8), r5(arg9, arg10)";Correct syntax;['True, True, True, False, False, False', 'False, True, True, True, True, True', 'True, False, False, True, True, True'];['True, True, True, False, False, False', 'False, True, True, True, True, True', 'True, False, False, True, True, True']
"System Message:
        You are a logician with a background in mathematics that translates natural language
        reasoning text to Python3 code so that these natural language reasoning problems can be solved.
        During the translation, please pay close attention to defining variables and rules.
        Do not add any comments from you.
        Be guided by the following example:
        Example input text:
        Textual context: If the parameter A's value is at least 20, the lowest possible value of parameter B is 5.
If the parameter C's value is at least 20, the lowest possible value of parameter D is 40.
Parameter E's value cannot be less than parameter F's value.
Parameter G's value cannot be less than parameter H's value.
Parameter I's value cannot be less than parameter J's value.
Parameter K's value cannot be less than parameter L's value.
Parameter M's value cannot be greater than parameter N's value.

        Example Python3 code:
        # If the parameter A's value is at least 20, the lowest possible value of parameter B is 5.
def r1(a: float, b: float) -> bool:
    if b / a >= 0.25:
        return True
    else:
        return False

# If the parameter C's value is at least 20, the lowest possible value of parameter D is 40.
def r2(c: float, d: float) -> bool:
    if d / c >= 2:
        return True
    else:
        return False

# Parameter E's value cannot be less than parameter F's value.
def r3(e: float, f: float) -> bool:
    if e >= f:
        return True
    else:
        return False

# Parameter G's value cannot be less than parameter H's value.
def r4(g: float, h: float) -> bool:
    if g >= h:
        return True
    else:
        return False

# Parameter I's value cannot be less than parameter J's value.
def r5(i: float, j: float) -> bool:
    if i >= j:
        return True
    else:
        return False

# Parameter K's value cannot be less than parameter L's value.
def r6(k: float, l: float) -> bool:
    if k >= l:
        return True
    else:
        return False

# Parameter M's value cannot be greater than parameter N's value.
def r7(m: float, n: float) -> bool:
    if m <= n:
        return True
    else:
        return False


        
Input text:
Textual context: Total operation time shouldn’t be lower than PTO operation time.
The total operation duration must not be lower than the idle time.
Stops with PTO engaged should never outnumber total stops.
The load supported by axle 1 cannot exceed that of axle 3.
Payload must remain below or equal to the load carried by axle 3.
Total operation time should be at least the sum of PTO, idle, and driving times.";"Total operation time shouldn’t be lower than PTO operation time.
The total operation duration must not be lower than the idle time.
Stops with PTO engaged should never outnumber total stops.
The load supported by axle 1 cannot exceed that of axle 3.
Payload must remain below or equal to the load carried by axle 3.
Total operation time should be at least the sum of PTO, idle, and driving times.";6;[['total operation time', 'PTO operation time'], ['total operation time', 'idle time'], ['stops with PTO engaged', 'stops'], ['axle 1 load', 'axle 3 load'], ['payload', 'axle 3 load'], ['total operation time', 'PTO operation time', 'idle time', 'driving time']];Llama-8;"def r1(ot: float, pto: float) -> bool:
    if ot >= pto:
        return True
    else:
        return False

def r2(ot: float, idle: float) -> bool:
    if ot >= idle:
        return True
    else:
        return False

def r3(pto_stops: int, total_stops: int) -> bool:
    if pto_stops <= total_stops:
        return True
    else:
        return False

def r4(axle1: float, axle3: float) -> bool:
    if axle1 <= axle3:
        return True
    else:
        return False

def r5(payload: float, axle3: float) -> bool:
    if payload <= axle3:
        return True
    else:
        return False

def r6(ot: float, pto: float, idle: float, driving: float) -> bool:
    if ot >= pto + idle + driving:
        return True
    else:
        return False

def r7(arg1: float, arg2: float, arg3: float, arg4: float, arg5: float, arg6: float, arg7: float, arg8: float, arg9: float, arg10: float, arg11: float, arg12: float, arg13: float, arg14: float):
    return not(r1(arg1, arg2) and r2(arg3, arg4) and r3(arg5, arg6) and r4(arg7, arg8) and r5(arg9, arg10) and r6(arg11, arg12, arg13, arg14)), r1(arg1, arg2), r2(arg3, arg4), r3(arg5, arg6), r4(arg7, arg8), r5(arg9, arg10), r6(arg11, arg12, arg13, arg14)";Correct syntax;['True, True, True, True, False, False, True', 'False, True, True, True, True, True, True', 'True, False, False, False, True, True, False'];['True, True, True, True, False, False, True', 'False, True, True, True, True, True, True', 'True, False, False, False, True, True, False']
"System Message:
        You are a logician with a background in mathematics that translates natural language
        reasoning text to Python3 code so that these natural language reasoning problems can be solved.
        During the translation, please pay close attention to defining variables and rules.
        Do not add any comments from you.
        Be guided by the following example:
        Example input text:
        Textual context: If the parameter A's value is at least 20, the lowest possible value of parameter B is 5.
If the parameter C's value is at least 20, the lowest possible value of parameter D is 40.
Parameter E's value cannot be less than parameter F's value.
Parameter G's value cannot be less than parameter H's value.
Parameter I's value cannot be less than parameter J's value.
Parameter K's value cannot be less than parameter L's value.
Parameter M's value cannot be greater than parameter N's value.

        Example Python3 code:
        # If the parameter A's value is at least 20, the lowest possible value of parameter B is 5.
def r1(a: float, b: float) -> bool:
    if b / a >= 0.25:
        return True
    else:
        return False

# If the parameter C's value is at least 20, the lowest possible value of parameter D is 40.
def r2(c: float, d: float) -> bool:
    if d / c >= 2:
        return True
    else:
        return False

# Parameter E's value cannot be less than parameter F's value.
def r3(e: float, f: float) -> bool:
    if e >= f:
        return True
    else:
        return False

# Parameter G's value cannot be less than parameter H's value.
def r4(g: float, h: float) -> bool:
    if g >= h:
        return True
    else:
        return False

# Parameter I's value cannot be less than parameter J's value.
def r5(i: float, j: float) -> bool:
    if i >= j:
        return True
    else:
        return False

# Parameter K's value cannot be less than parameter L's value.
def r6(k: float, l: float) -> bool:
    if k >= l:
        return True
    else:
        return False

# Parameter M's value cannot be greater than parameter N's value.
def r7(m: float, n: float) -> bool:
    if m <= n:
        return True
    else:
        return False


        
Input text:
Textual context: PTO operation time must be less than or equal to the total operation time.
Idle time cannot be greater than the total operation time.
Stops with PTO engaged cannot outnumber the total stops.
Axle 1's load cannot exceed Axle 2's load.
Axle 1's load cannot exceed Axle 3's load.
Axle 2's load must always be equal to or greater than the payload.";"PTO operation time must be less than or equal to the total operation time.
Idle time cannot be greater than the total operation time.
Stops with PTO engaged cannot outnumber the total stops.
Axle 1's load cannot exceed Axle 2's load.
Axle 1's load cannot exceed Axle 3's load.
Axle 2's load must always be equal to or greater than the payload.";6;[['PTO operation time', 'total operation time'], ['idle time', 'total operation time'], ['stops with PTO engaged', 'stops'], ['axle 1 load', 'axle 2 load'], ['axle 1 load', 'axle 3 load'], ['axle 2 load', 'payload']];Llama-8;"def r1(pto: float, total: float) -> bool:
    if pto <= total:
        return True
    else:
        return False

def r2(idle: float, total: float) -> bool:
    if idle <= total:
        return True
    else:
        return False

def r3(pto_stops: int, total_stops: int) -> bool:
    if pto_stops <= total_stops:
        return True
    else:
        return False

def r4(axle1: float, axle2: float) -> bool:
    if axle1 <= axle2:
        return True
    else:
        return False

def r5(axle1: float, axle3: float) -> bool:
    if axle1 <= axle3:
        return True
    else:
        return False

def r6(axle2: float, payload: float) -> bool:
    if axle2 >= payload:
        return True
    else:
        return False

def r7(arg1: float, arg2: float, arg3: float, arg4: float, arg5: float, arg6: float, arg7: float, arg8: float, arg9: float, arg10: float, arg11: float, arg12: float):
    return not(r1(arg1, arg2) and r2(arg3, arg4) and r3(arg5, arg6) and r4(arg7, arg8) and r5(arg9, arg10) and r6(arg11, arg12)), r1(arg1, arg2), r2(arg3, arg4), r3(arg5, arg6), r4(arg7, arg8), r5(arg9, arg10), r6(arg11, arg12)";Correct syntax;['True, True, True, True, False, False, False', 'False, True, True, True, True, True, True', 'True, False, False, False, True, True, True'];['True, True, True, True, False, False, False', 'False, True, True, True, True, True, True', 'True, False, False, False, True, True, True']
"System Message:
        You are a logician with a background in mathematics that translates natural language
        reasoning text to Python3 code so that these natural language reasoning problems can be solved.
        During the translation, please pay close attention to defining variables and rules.
        Do not add any comments from you.
        Be guided by the following example:
        Example input text:
        Textual context: If the parameter A's value is at least 20, the lowest possible value of parameter B is 5.
If the parameter C's value is at least 20, the lowest possible value of parameter D is 40.
Parameter E's value cannot be less than parameter F's value.
Parameter G's value cannot be less than parameter H's value.
Parameter I's value cannot be less than parameter J's value.
Parameter K's value cannot be less than parameter L's value.
Parameter M's value cannot be greater than parameter N's value.

        Example Python3 code:
        # If the parameter A's value is at least 20, the lowest possible value of parameter B is 5.
def r1(a: float, b: float) -> bool:
    if b / a >= 0.25:
        return True
    else:
        return False

# If the parameter C's value is at least 20, the lowest possible value of parameter D is 40.
def r2(c: float, d: float) -> bool:
    if d / c >= 2:
        return True
    else:
        return False

# Parameter E's value cannot be less than parameter F's value.
def r3(e: float, f: float) -> bool:
    if e >= f:
        return True
    else:
        return False

# Parameter G's value cannot be less than parameter H's value.
def r4(g: float, h: float) -> bool:
    if g >= h:
        return True
    else:
        return False

# Parameter I's value cannot be less than parameter J's value.
def r5(i: float, j: float) -> bool:
    if i >= j:
        return True
    else:
        return False

# Parameter K's value cannot be less than parameter L's value.
def r6(k: float, l: float) -> bool:
    if k >= l:
        return True
    else:
        return False

# Parameter M's value cannot be greater than parameter N's value.
def r7(m: float, n: float) -> bool:
    if m <= n:
        return True
    else:
        return False


        
Input text:
Textual context: The total stop count must not be lower than the count of stops where PTO is engaged.
The load carried by axle 1 must be smaller than or equal to the load on axle 2.
The load carried by axle 1 must be smaller than or equal to the load on axle 3.
The payload cannot exceed the capacity of axle 2.
The payload cannot exceed the capacity of axle 3.
The combined time for PTO operation, idle time, and driving time must not surpass the total operation time.";"The total stop count must not be lower than the count of stops where PTO is engaged.
The load carried by axle 1 must be smaller than or equal to the load on axle 2.
The load carried by axle 1 must be smaller than or equal to the load on axle 3.
The payload cannot exceed the capacity of axle 2.
The payload cannot exceed the capacity of axle 3.
The combined time for PTO operation, idle time, and driving time must not surpass the total operation time.";6;[['stops', 'stops with PTO engaged'], ['axle 1 load', 'axle 2 load'], ['axle 1 load', 'axle 3 load'], ['payload', 'axle 2 load'], ['payload', 'axle 3 load'], ['PTO operation time', 'idle time', 'driving time', 'total operation time']];Llama-8;"def r1(total_stops: int, pto_stops: int) -> bool:
    if total_stops >= pto_stops:
        return True
    else:
        return False

def r2(axle1_load: float, axle2_load: float) -> bool:
    if axle1_load <= axle2_load:
        return True
    else:
        return False

def r3(axle1_load: float, axle3_load: float) -> bool:
    if axle1_load <= axle3_load:
        return True
    else:
        return False

def r4(payload: float, axle2_capacity: float) -> bool:
    if payload <= axle2_capacity:
        return True
    else:
        return False

def r5(payload: float, axle3_capacity: float) -> bool:
    if payload <= axle3_capacity:
        return True
    else:
        return False

def r6(pto_time: float, idle_time: float, driving_time: float, total_time: float) -> bool:
    if pto_time + idle_time + driving_time <= total_time:
        return True
    else:
        return False

def r7(arg1: float, arg2: float, arg3: float, arg4: float, arg5: float, arg6: float, arg7: float, arg8: float, arg9: float, arg10: float, arg11: float, arg12: float, arg13: float, arg14: float):
    return not(r1(arg1, arg2) and r2(arg3, arg4) and r3(arg5, arg6) and r4(arg7, arg8) and r5(arg9, arg10) and r6(arg11, arg12, arg13, arg14)), r1(arg1, arg2), r2(arg3, arg4), r3(arg5, arg6), r4(arg7, arg8), r5(arg9, arg10), r6(arg11, arg12, arg13, arg14)";Correct syntax;['True, True, False, False, False, False, True', 'False, True, True, True, True, True, True', 'True, False, True, True, True, True, False'];['True, True, False, False, False, False, True', 'False, True, True, True, True, True, True', 'True, False, True, True, True, True, False']
"System Message:
        You are a logician with a background in mathematics that translates natural language
        reasoning text to Python3 code so that these natural language reasoning problems can be solved.
        During the translation, please pay close attention to defining variables and rules.
        Do not add any comments from you.
        Be guided by the following example:
        Example input text:
        Textual context: If the parameter A's value is at least 20, the lowest possible value of parameter B is 5.
If the parameter C's value is at least 20, the lowest possible value of parameter D is 40.
Parameter E's value cannot be less than parameter F's value.
Parameter G's value cannot be less than parameter H's value.
Parameter I's value cannot be less than parameter J's value.
Parameter K's value cannot be less than parameter L's value.
Parameter M's value cannot be greater than parameter N's value.

        Example Python3 code:
        # If the parameter A's value is at least 20, the lowest possible value of parameter B is 5.
def r1(a: float, b: float) -> bool:
    if b / a >= 0.25:
        return True
    else:
        return False

# If the parameter C's value is at least 20, the lowest possible value of parameter D is 40.
def r2(c: float, d: float) -> bool:
    if d / c >= 2:
        return True
    else:
        return False

# Parameter E's value cannot be less than parameter F's value.
def r3(e: float, f: float) -> bool:
    if e >= f:
        return True
    else:
        return False

# Parameter G's value cannot be less than parameter H's value.
def r4(g: float, h: float) -> bool:
    if g >= h:
        return True
    else:
        return False

# Parameter I's value cannot be less than parameter J's value.
def r5(i: float, j: float) -> bool:
    if i >= j:
        return True
    else:
        return False

# Parameter K's value cannot be less than parameter L's value.
def r6(k: float, l: float) -> bool:
    if k >= l:
        return True
    else:
        return False

# Parameter M's value cannot be greater than parameter N's value.
def r7(m: float, n: float) -> bool:
    if m <= n:
        return True
    else:
        return False


        
Input text:
Textual context: PTO operation time must be less than or equal to the total operation time.
Idle time should be less than or equal to the total operation time.
Driving time must always be less than or equal to the total operation time.
Axle 1's load cannot exceed Axle 3's load.
Payload must remain below or equal to the load carried by axle 2.";"PTO operation time must be less than or equal to the total operation time.
Idle time should be less than or equal to the total operation time.
Driving time must always be less than or equal to the total operation time.
Axle 1's load cannot exceed Axle 3's load.
Payload must remain below or equal to the load carried by axle 2.";5;[['PTO operation time', 'total operation time'], ['idle time', 'total operation time'], ['driving time', 'total operation time'], ['axle 1 load', 'axle 3 load'], ['payload', 'axle 2 load']];Llama-8;"def r1(pto_operation_time: float, total_operation_time: float) -> bool:
    if pto_operation_time <= total_operation_time:
        return True
    else:
        return False

def r2(idle_time: float, total_operation_time: float) -> bool:
    if idle_time <= total_operation_time:
        return True
    else:
        return False

def r3(driving_time: float, total_operation_time: float) -> bool:
    if driving_time <= total_operation_time:
        return True
    else:
        return False

def r4(axle1_load: float, axle3_load: float) -> bool:
    if axle1_load <= axle3_load:
        return True
    else:
        return False

def r5(payload: float, axle2_load: float) -> bool:
    if payload <= axle2_load:
        return True
    else:
        return False

def r6(arg1: float, arg2: float, arg3: float, arg4: float, arg5: float, arg6: float, arg7: float, arg8: float, arg9: float, arg10: float):
    return not(r1(arg1, arg2) and r2(arg3, arg4) and r3(arg5, arg6) and r4(arg7, arg8) and r5(arg9, arg10)), r1(arg1, arg2), r2(arg3, arg4), r3(arg5, arg6), r4(arg7, arg8), r5(arg9, arg10)";Correct syntax;['True, True, True, True, False, False', 'False, True, True, True, True, True', 'True, False, False, False, True, True'];['True, True, True, True, False, False', 'False, True, True, True, True, True', 'True, False, False, False, True, True']
"System Message:
You are an agent which task is to correct Python3 code implementing logical rules, generated by another large language model,
so that they throw no runtime errors during program execution and correspond to the logical assumptions expressed in natural language.
To perform this task you will receive a Python3 code with valid syntax, which not correspond to the logical premises and throw runtime errors,
and these logical premises expressed in natural language, which should be translated into rules in Python3 code.
Your task is to return a valid Python3 rules for a given premises, having corrected the runtime errors.
Improvements made should mainly include defining the correct number of arguments for each function according to corresponding premise
and using inside functions the proper variables, previously defined in the function declaration.
Do not make any corrections to the last function.
Please output only a valid Python code only with comments started with #.
Do not add any additional texts, tags and comments.
Be guided by the following examples:

Example 1
# If the parameter C's value is at least 20, the lowest possible value of parameter D is 40.
def r1(c: float, d: float) -> bool:
    if c >= 20 and d / c >= 0.4:
        return True
    else:
        return False

# Parameter W value should be at least the sum of parameter X, parameter Y and parameter Z.
def r2(x: float, y: float, z: float) -> bool:
    if x + y + z >= 0:
        return True
    else:
        return False

# To identify the day as abnormal, it is enough that even one or more conditions are violated.
def r3(arg1: float, arg2: float, arg3: float, arg4: float, arg5: float, arg6: float):
    return not(r1(arg1, arg2) and r2(arg3, arg4, arg5, arg6)), r1(arg1, arg2), r2(arg3, arg4, arg5, arg6)

It is supposed to translate the following example text into rules:
If the parameter C's value is at least 20, the lowest possible value of parameter D is 40.
Parameter W value should be at least the sum of parameter X, parameter Y and parameter Z.

Code after execution returns the following error:
Traceback (most recent call last):
  File ""/home/obywatelfg/Doktorat/Badania/Logic-LLM/LLM-logic/New_val_Adapt_Task2_outputs_python_no_final_rule/Llama-8/2/python_code/2_output_python.py"", line 18, in <module>
    print(r3(2226.8, 2432.3, 0.3, 0.9, 2.7, 1.0))
  File ""/home/obywatelfg/Doktorat/Badania/Logic-LLM/LLM-logic/New_val_Adapt_Task2_outputs_python_no_final_rule/Llama-8/2/python_code/2_output_python.py"", line 16, in r3
    return not(r1(arg1, arg2) and r2(arg3, arg4, arg5, arg6)), r1(arg1, arg2), r2(arg3, arg4, arg5, arg6)
TypeError: r2() takes 3 positional arguments but 4 were given

Please correct the code.

The corrected code should be the following:
# If the parameter C's value is at least 20, the lowest possible value of parameter D is 40.
def r1(c: float, d: float) -> bool:
    if c >= 20 and d / c >= 0.4:
        return True
    else:
        return False

# This function lack of parameter W in a function definition and a body, where logical rule should check the proportion between param W and sum of params x, y, z.
# Parameter W value should be at least the sum of parameter X, parameter Y and parameter Z.
def r2(x: float, y: float, z: float, w: float) -> bool:
    if x + y + z <= w:
        return True
    else:
        return False

# To identify the day as abnormal, it is enough that even one or more conditions are violated.
def r3(arg1: float, arg2: float, arg3: float, arg4: float, arg5: float, arg6: float):
    return not(r1(arg1, arg2) and r2(arg3, arg4, arg5, arg6)), r1(arg1, arg2), r2(arg3, arg4, arg5, arg6)


Example 2
# If the parameter C's value is at least 20, the lowest possible value of parameter D is 40.
def r1(c: float) -> bool:
    if c >= 40 and c >= 0.4:
        return True
    else:
        return False

# Parameter T's value shouldn't be lower than parameter P's value.
def r2(t: float, p: float) -> bool:
    if t >= p:
        return True
    else:
        return False

# To identify the day as abnormal, it is enough that even one or more conditions are violated.
def r3(arg1: float, arg2: float, arg3: float, arg4: float):
    return not(r1(arg1, arg2) and r2(arg3, arg4)), r1(arg1, arg2), r2(arg3, arg4)

It is supposed to translate the following example text into rules:
If the parameter C's value is at least 20, the lowest possible value of parameter D is 40.
Parameter T's value shouldn't be lower than parameter P's value.

Code after execution returns the following error:
Traceback (most recent call last):
  File ""/home/obywatelfg/Doktorat/Badania/Logic-LLM/LLM-logic/New_val_Adapt_Task2_outputs_python_no_final_rule/Llama-8/4/python_code/121_output_python.py"", line 32, in <module>
    print(r5(227.70000000000002, 75.9, 9.5, 1.9, 7203.1, 6652.3, 10268.5, 8400.7))
  File ""/home/obywatelfg/Doktorat/Badania/Logic-LLM/LLM-logic/New_val_Adapt_Task2_outputs_python_no_final_rule/Llama-8/4/python_code/121_output_python.py"", line 30, in r5
    return not(r1(arg1, arg2) and r2(arg3, arg4) and r3(arg5, arg6) and r4(arg7, arg8)), r1(arg1, arg2), r2(arg3, arg4), r3(arg5, arg6), r4(arg7, arg8)
TypeError: r1() takes 1 positional argument but 2 were given

Please correct the code.

The corrected code should be the following:
# If the parameter C's value is at least 20, the lowest possible value of parameter D is 40.
def r1(c: float, d: float) -> bool:
    if d / c >= 2:
        return True
    else:
        return False

# Parameter T's value shouldn't be lower than parameter P's value.
def r2(t: float, p: float) -> bool:
    if t >= p:
        return True
    else:
        return False

# To identify the day as abnormal, it is enough that even one or more conditions are violated.
def r3(arg1: float, arg2: float, arg3: float, arg4: float):
    return not(r1(arg1, arg2) and r2(arg3, arg4)), r1(arg1, arg2), r2(arg3, arg4)


The input for your task:
This is the Python3 code which not correspond to the given logical premises:
def r1(pto: float, total: float) -> bool:
    if pto <= total:
        return True
    else:
        return False

def r2(pto_stops: int, total_stops: int) -> bool:
    if ptos_stops <= total_stops:
        return True
    else:
        return False

def r3(axle1: float, axle3: float) -> bool:
    if axle1 <= axle3:
        return True
    else:
        return False

def r4(payload: float, axle3: float) -> bool:
    if payload <= axle3:
        return True
    else:
        return False

def r5(pto: float, idle: float, driving: float) -> bool:
    if pto + idle + driving >= 0:
        return True
    else:
        return False

def r6(arg1: float, arg2: float, arg3: float, arg4: float, arg5: float, arg6: float, arg7: float, arg8: float, arg9: float, arg10: float, arg11: float, arg12: float):
    return not(r1(arg1, arg2) and r2(arg3, arg4) and r3(arg5, arg6) and r4(arg7, arg8) and r5(arg9, arg10, arg11, arg12)), r1(arg1, arg2), r2(arg3, arg4), r3(arg5, arg6), r4(arg7, arg8), r5(arg9, arg10, arg11, arg12)

It is supposed to translate the following text into rules:
PTO operation time should be less than or equal to the total operation time.
Stops with PTO engaged should never outnumber total stops.
Axle 1's load cannot exceed Axle 3's load.
The payload must not exceed the load carried by axle 3.
Total operation time should be at least the sum of PTO, idle, and driving times.

Code after execution returns the following error:
Traceback (most recent call last):
  File ""/home/frank/Doktorat/ExKLoP/saved_outputs/Task2_syntax_outputs/Llama-8/5/python_code/253_output_python.py"", line 34, in <module>
    print(r6(4.0, 5.7, 110, 171, 4270.1, 2362.5, 7094.8, 1093.9, 2.1, 0.3, 1.0, 0.7))
  File ""/home/frank/Doktorat/ExKLoP/saved_outputs/Task2_syntax_outputs/Llama-8/5/python_code/253_output_python.py"", line 32, in r6
    return not(r1(arg1, arg2) and r2(arg3, arg4) and r3(arg5, arg6) and r4(arg7, arg8) and r5(arg9, arg10, arg11, arg12)), r1(arg1, arg2), r2(arg3, arg4), r3(arg5, arg6), r4(arg7, arg8), r5(arg9, arg10, arg11, arg12)
  File ""/home/frank/Doktorat/ExKLoP/saved_outputs/Task2_syntax_outputs/Llama-8/5/python_code/253_output_python.py"", line 8, in r2
    if ptos_stops <= total_stops:
NameError: name 'ptos_stops' is not defined. Did you mean: 'pto_stops'?


Please correct the code.   ";"PTO operation time should be less than or equal to the total operation time.
Stops with PTO engaged should never outnumber total stops.
Axle 1's load cannot exceed Axle 3's load.
The payload must not exceed the load carried by axle 3.
Total operation time should be at least the sum of PTO, idle, and driving times.";5;[['PTO operation time', 'total operation time'], ['stops with PTO engaged', 'stops'], ['axle 1 load', 'axle 3 load'], ['payload', 'axle 3 load'], ['total operation time', 'PTO operation time', 'idle time', 'driving time']];Llama-8;"# PTO operation time should be less than or equal to the total operation time.
def r1(pto: float, total: float) -> bool:
    if pto <= total:
        return True
    else:
        return False

# Stops with PTO engaged should never outnumber total stops.
def r2(pto_stops: int, total_stops: int) -> bool:
    if pto_stops <= total_stops:
        return True
    else:
        return False

# Axle 1's load cannot exceed Axle 3's load.
def r3(axle1: float, axle3: float) -> bool:
    if axle1 <= axle3:
        return True
    else:
        return False

# The payload must not exceed the load carried by axle 3.
def r4(payload: float, axle3: float) -> bool:
    if payload <= axle3:
        return True
    else:
        return False

# Total operation time should be at least the sum of PTO, idle, and driving times.
def r5(pto: float, idle: float, driving: float) -> bool:
    if pto + idle + driving >= 0:
        return True
    else:
        return False

# To identify the day as abnormal, it is enough that even one or more conditions are violated.
def r6(pto: float, pto_stops: int, axle1: float, axle3: float, payload: float, total_stops: int, idle: float, driving: float, axle4: float, axle5: float, axle6: float, axle7: float) -> bool:
    return not(r1(pto, total_stops) and r2(pto_stops, total_stops) and r3(axle1, axle3) and r4(payload, axle3) and r5(pto, idle, driving)), r1(pto, total_stops), r2(pto_stops, total_stops), r3(axle1, axle3), r4(payload, axle3), r5(pto, idle, driving)

def r6(arg1: float, arg2: float, arg3: float, arg4: float, arg5: float, arg6: float, arg7: float, arg8: float, arg9: float, arg10: float, arg11: float, arg12: float):
    return not(r1(arg1, arg2) and r2(arg3, arg4) and r3(arg5, arg6) and r4(arg7, arg8) and r5(arg9, arg10, arg11, arg12)), r1(arg1, arg2), r2(arg3, arg4), r3(arg5, arg6), r4(arg7, arg8), r5(arg9, arg10, arg11, arg12)";Correct syntax;Error;"Traceback (most recent call last):
  File ""/home/frank/Doktorat/ExKLoP/saved_outputs/Task2_runtime_outputs/Llama-8/5/python_code/253_output_python.py"", line 43, in <module>
    print(r6(4.0, 5.7, 110, 171, 4270.1, 2362.5, 7094.8, 1093.9, 2.1, 0.3, 1.0, 0.7))
  File ""/home/frank/Doktorat/ExKLoP/saved_outputs/Task2_runtime_outputs/Llama-8/5/python_code/253_output_python.py"", line 41, in r6
    return not(r1(arg1, arg2) and r2(arg3, arg4) and r3(arg5, arg6) and r4(arg7, arg8) and r5(arg9, arg10, arg11, arg12)), r1(arg1, arg2), r2(arg3, arg4), r3(arg5, arg6), r4(arg7, arg8), r5(arg9, arg10, arg11, arg12)
TypeError: r5() takes 3 positional arguments but 4 were given
"
"System Message:
        You are a logician with a background in mathematics that translates natural language
        reasoning text to Python3 code so that these natural language reasoning problems can be solved.
        During the translation, please pay close attention to defining variables and rules.
        Do not add any comments from you.
        Be guided by the following example:
        Example input text:
        Textual context: If the parameter A's value is at least 20, the lowest possible value of parameter B is 5.
If the parameter C's value is at least 20, the lowest possible value of parameter D is 40.
Parameter E's value cannot be less than parameter F's value.
Parameter G's value cannot be less than parameter H's value.
Parameter I's value cannot be less than parameter J's value.
Parameter K's value cannot be less than parameter L's value.
Parameter M's value cannot be greater than parameter N's value.

        Example Python3 code:
        # If the parameter A's value is at least 20, the lowest possible value of parameter B is 5.
def r1(a: float, b: float) -> bool:
    if b / a >= 0.25:
        return True
    else:
        return False

# If the parameter C's value is at least 20, the lowest possible value of parameter D is 40.
def r2(c: float, d: float) -> bool:
    if d / c >= 2:
        return True
    else:
        return False

# Parameter E's value cannot be less than parameter F's value.
def r3(e: float, f: float) -> bool:
    if e >= f:
        return True
    else:
        return False

# Parameter G's value cannot be less than parameter H's value.
def r4(g: float, h: float) -> bool:
    if g >= h:
        return True
    else:
        return False

# Parameter I's value cannot be less than parameter J's value.
def r5(i: float, j: float) -> bool:
    if i >= j:
        return True
    else:
        return False

# Parameter K's value cannot be less than parameter L's value.
def r6(k: float, l: float) -> bool:
    if k >= l:
        return True
    else:
        return False

# Parameter M's value cannot be greater than parameter N's value.
def r7(m: float, n: float) -> bool:
    if m <= n:
        return True
    else:
        return False


        
Input text:
Textual context: PTO operation time must be less than or equal to the total operation time.
Stops with PTO engaged should never outnumber total stops.
The weight on axle 1 cannot surpass the weight on axle 2.
The payload must not exceed the load carried by axle 3.
The combined time for PTO operation, idle time, and driving time must not surpass the total operation time.";"PTO operation time must be less than or equal to the total operation time.
Stops with PTO engaged should never outnumber total stops.
The weight on axle 1 cannot surpass the weight on axle 2.
The payload must not exceed the load carried by axle 3.
The combined time for PTO operation, idle time, and driving time must not surpass the total operation time.";5;[['PTO operation time', 'total operation time'], ['stops with PTO engaged', 'stops'], ['axle 1 load', 'axle 2 load'], ['payload', 'axle 3 load'], ['PTO operation time', 'idle time', 'driving time', 'total operation time']];Llama-8;"def r1(pto_time: float, total_time: float) -> bool:
    if pto_time <= total_time:
        return True
    else:
        return False

def r2(pto_stops: int, total_stops: int) -> bool:
    if pto_stops <= total_stops:
        return True
    else:
        return False

def r3(axle1_weight: float, axle2_weight: float) -> bool:
    if axle1_weight <= axle2_weight:
        return True
    else:
        return False

def r4(payload: float, axle3_load: float) -> bool:
    if payload <= axle3_load:
        return True
    else:
        return False

def r5(pto_time: float, idle_time: float, driving_time: float, total_time: float) -> bool:
    if pto_time + idle_time + driving_time <= total_time:
        return True
    else:
        return False

def r6(arg1: float, arg2: float, arg3: float, arg4: float, arg5: float, arg6: float, arg7: float, arg8: float, arg9: float, arg10: float, arg11: float, arg12: float):
    return not(r1(arg1, arg2) and r2(arg3, arg4) and r3(arg5, arg6) and r4(arg7, arg8) and r5(arg9, arg10, arg11, arg12)), r1(arg1, arg2), r2(arg3, arg4), r3(arg5, arg6), r4(arg7, arg8), r5(arg9, arg10, arg11, arg12)";Correct syntax;['True, True, True, False, False, True', 'False, True, True, True, True, True', 'True, False, False, True, True, False'];['True, True, True, False, False, True', 'False, True, True, True, True, True', 'True, False, False, True, True, False']
"System Message:
You are an agent which task is to correct Python3 code implementing logical rules, generated by another large language model,
so that they throw no runtime errors during program execution and correspond to the logical assumptions expressed in natural language.
To perform this task you will receive a Python3 code with valid syntax, which not correspond to the logical premises and throw runtime errors,
and these logical premises expressed in natural language, which should be translated into rules in Python3 code.
Your task is to return a valid Python3 rules for a given premises, having corrected the runtime errors.
Improvements made should mainly include defining the correct number of arguments for each function according to corresponding premise
and using inside functions the proper variables, previously defined in the function declaration.
Do not make any corrections to the last function.
Please output only a valid Python code only with comments started with #.
Do not add any additional texts, tags and comments.
Be guided by the following examples:

Example 1
# If the parameter C's value is at least 20, the lowest possible value of parameter D is 40.
def r1(c: float, d: float) -> bool:
    if c >= 20 and d / c >= 0.4:
        return True
    else:
        return False

# Parameter W value should be at least the sum of parameter X, parameter Y and parameter Z.
def r2(x: float, y: float, z: float) -> bool:
    if x + y + z >= 0:
        return True
    else:
        return False

# To identify the day as abnormal, it is enough that even one or more conditions are violated.
def r3(arg1: float, arg2: float, arg3: float, arg4: float, arg5: float, arg6: float):
    return not(r1(arg1, arg2) and r2(arg3, arg4, arg5, arg6)), r1(arg1, arg2), r2(arg3, arg4, arg5, arg6)

It is supposed to translate the following example text into rules:
If the parameter C's value is at least 20, the lowest possible value of parameter D is 40.
Parameter W value should be at least the sum of parameter X, parameter Y and parameter Z.

Code after execution returns the following error:
Traceback (most recent call last):
  File ""/home/obywatelfg/Doktorat/Badania/Logic-LLM/LLM-logic/New_val_Adapt_Task2_outputs_python_no_final_rule/Llama-8/2/python_code/2_output_python.py"", line 18, in <module>
    print(r3(2226.8, 2432.3, 0.3, 0.9, 2.7, 1.0))
  File ""/home/obywatelfg/Doktorat/Badania/Logic-LLM/LLM-logic/New_val_Adapt_Task2_outputs_python_no_final_rule/Llama-8/2/python_code/2_output_python.py"", line 16, in r3
    return not(r1(arg1, arg2) and r2(arg3, arg4, arg5, arg6)), r1(arg1, arg2), r2(arg3, arg4, arg5, arg6)
TypeError: r2() takes 3 positional arguments but 4 were given

Please correct the code.

The corrected code should be the following:
# If the parameter C's value is at least 20, the lowest possible value of parameter D is 40.
def r1(c: float, d: float) -> bool:
    if c >= 20 and d / c >= 0.4:
        return True
    else:
        return False

# This function lack of parameter W in a function definition and a body, where logical rule should check the proportion between param W and sum of params x, y, z.
# Parameter W value should be at least the sum of parameter X, parameter Y and parameter Z.
def r2(x: float, y: float, z: float, w: float) -> bool:
    if x + y + z <= w:
        return True
    else:
        return False

# To identify the day as abnormal, it is enough that even one or more conditions are violated.
def r3(arg1: float, arg2: float, arg3: float, arg4: float, arg5: float, arg6: float):
    return not(r1(arg1, arg2) and r2(arg3, arg4, arg5, arg6)), r1(arg1, arg2), r2(arg3, arg4, arg5, arg6)


Example 2
# If the parameter C's value is at least 20, the lowest possible value of parameter D is 40.
def r1(c: float) -> bool:
    if c >= 40 and c >= 0.4:
        return True
    else:
        return False

# Parameter T's value shouldn't be lower than parameter P's value.
def r2(t: float, p: float) -> bool:
    if t >= p:
        return True
    else:
        return False

# To identify the day as abnormal, it is enough that even one or more conditions are violated.
def r3(arg1: float, arg2: float, arg3: float, arg4: float):
    return not(r1(arg1, arg2) and r2(arg3, arg4)), r1(arg1, arg2), r2(arg3, arg4)

It is supposed to translate the following example text into rules:
If the parameter C's value is at least 20, the lowest possible value of parameter D is 40.
Parameter T's value shouldn't be lower than parameter P's value.

Code after execution returns the following error:
Traceback (most recent call last):
  File ""/home/obywatelfg/Doktorat/Badania/Logic-LLM/LLM-logic/New_val_Adapt_Task2_outputs_python_no_final_rule/Llama-8/4/python_code/121_output_python.py"", line 32, in <module>
    print(r5(227.70000000000002, 75.9, 9.5, 1.9, 7203.1, 6652.3, 10268.5, 8400.7))
  File ""/home/obywatelfg/Doktorat/Badania/Logic-LLM/LLM-logic/New_val_Adapt_Task2_outputs_python_no_final_rule/Llama-8/4/python_code/121_output_python.py"", line 30, in r5
    return not(r1(arg1, arg2) and r2(arg3, arg4) and r3(arg5, arg6) and r4(arg7, arg8)), r1(arg1, arg2), r2(arg3, arg4), r3(arg5, arg6), r4(arg7, arg8)
TypeError: r1() takes 1 positional argument but 2 were given

Please correct the code.

The corrected code should be the following:
# If the parameter C's value is at least 20, the lowest possible value of parameter D is 40.
def r1(c: float, d: float) -> bool:
    if d / c >= 2:
        return True
    else:
        return False

# Parameter T's value shouldn't be lower than parameter P's value.
def r2(t: float, p: float) -> bool:
    if t >= p:
        return True
    else:
        return False

# To identify the day as abnormal, it is enough that even one or more conditions are violated.
def r3(arg1: float, arg2: float, arg3: float, arg4: float):
    return not(r1(arg1, arg2) and r2(arg3, arg4)), r1(arg1, arg2), r2(arg3, arg4)


The input for your task:
This is the Python3 code which not correspond to the given logical premises:
def r1(total_operation_duration: float, pto_operation_time: float) -> bool:
    if total_operation_duration < pto_operation_time:
        return False
    else:
        return True

def r2(total_operation_time: float, idle_time: float) -> bool:
    if total_operation_time < idle_time:
        return False
    else:
        return True

def r3(pto_engaged_stops: float, total_stops: float) -> bool:
    if ptos_stops > total_stops:
        return False
    else:
        return True

def r4(axle1_load: float, axle3_load: float) -> bool:
    if axle1_load > axle3_load:
        return False
    else:
        return True

def r5(payload: float, axle2_load: float) -> bool:
    if payload > axle2_load:
        return False
    else:
        return True

def r6(payload: float, axle3_capacity: float) -> bool:
    if payload > axle3_capacity:
        return False
    else:
        return True

def r7(arg1: float, arg2: float, arg3: float, arg4: float, arg5: float, arg6: float, arg7: float, arg8: float, arg9: float, arg10: float, arg11: float, arg12: float):
    return not(r1(arg1, arg2) and r2(arg3, arg4) and r3(arg5, arg6) and r4(arg7, arg8) and r5(arg9, arg10) and r6(arg11, arg12)), r1(arg1, arg2), r2(arg3, arg4), r3(arg5, arg6), r4(arg7, arg8), r5(arg9, arg10), r6(arg11, arg12)

It is supposed to translate the following text into rules:
The total operation duration must not be lower than the PTO operation time.
Total operation time shouldn’t be lower than idle time.
PTO-engaged stops cannot exceed the total number of stops.
The load carried by axle 1 must be smaller than or equal to the load on axle 3.
The payload must not exceed the load carried by axle 2.
The payload cannot exceed the capacity of axle 3.

Code after execution returns the following error:
Traceback (most recent call last):
  File ""/home/frank/Doktorat/ExKLoP/saved_outputs/Task2_syntax_outputs/Llama-8/6/python_code/255_output_python.py"", line 40, in <module>
    print(r7(5.7, 4.0, 3.8, 2.0, 110, 171, 4270.1, 2362.5, 51.6, 7.7, 7094.8, 1093.9))
  File ""/home/frank/Doktorat/ExKLoP/saved_outputs/Task2_syntax_outputs/Llama-8/6/python_code/255_output_python.py"", line 38, in r7
    return not(r1(arg1, arg2) and r2(arg3, arg4) and r3(arg5, arg6) and r4(arg7, arg8) and r5(arg9, arg10) and r6(arg11, arg12)), r1(arg1, arg2), r2(arg3, arg4), r3(arg5, arg6), r4(arg7, arg8), r5(arg9, arg10), r6(arg11, arg12)
  File ""/home/frank/Doktorat/ExKLoP/saved_outputs/Task2_syntax_outputs/Llama-8/6/python_code/255_output_python.py"", line 14, in r3
    if ptos_stops > total_stops:
NameError: name 'ptos_stops' is not defined. Did you mean: 'total_stops'?


Please correct the code.   ";"The total operation duration must not be lower than the PTO operation time.
Total operation time shouldn’t be lower than idle time.
PTO-engaged stops cannot exceed the total number of stops.
The load carried by axle 1 must be smaller than or equal to the load on axle 3.
The payload must not exceed the load carried by axle 2.
The payload cannot exceed the capacity of axle 3.";6;[['total operation time', 'PTO operation time'], ['total operation time', 'idle time'], ['stops with PTO engaged', 'stops'], ['axle 1 load', 'axle 3 load'], ['payload', 'axle 2 load'], ['payload', 'axle 3 load']];Llama-8;"def r1(total_operation_duration: float, pto_operation_time: float) -> bool:
    if total_operation_duration >= pto_operation_time:
        return True
    else:
        return False

def r2(total_operation_time: float, idle_time: float) -> bool:
    if total_operation_time >= idle_time:
        return True
    else:
        return False

def r3(pto_engaged_stops: float, total_stops: float) -> bool:
    if pto_engaged_stops <= total_stops:
        return True
    else:
        return False

def r4(axle1_load: float, axle3_load: float) -> bool:
    if axle1_load <= axle3_load:
        return True
    else:
        return False

def r5(payload: float, axle2_load: float) -> bool:
    if payload <= axle2_load:
        return True
    else:
        return False

def r6(payload: float, axle3_capacity: float) -> bool:
    if payload <= axle3_capacity:
        return True
    else:
        return False

def r7(arg1: float, arg2: float, arg3: float, arg4: float, arg5: float, arg6: float, arg7: float, arg8: float, arg9: float, arg10: float, arg11: float, arg12: float):
    return not(r1(arg1, arg2) and r2(arg3, arg4) and r3(arg5, arg6) and r4(arg7, arg8) and r5(arg9, arg10) and r6(arg11, arg12)), r1(arg1, arg2), r2(arg3, arg4), r3(arg5, arg6), r4(arg7, arg8), r5(arg9, arg10), r6(arg11, arg12)";Correct syntax;['True, True, True, True, False, False, False', 'False, True, True, True, True, True, True', 'True, False, False, False, True, True, True'];['True, True, True, True, False, False, False', 'False, True, True, True, True, True, True', 'True, False, False, False, True, True, True']
"System Message:
        You are a logician with a background in mathematics that translates natural language
        reasoning text to Python3 code so that these natural language reasoning problems can be solved.
        During the translation, please pay close attention to defining variables and rules.
        Do not add any comments from you.
        Be guided by the following example:
        Example input text:
        Textual context: If the parameter A's value is at least 20, the lowest possible value of parameter B is 5.
If the parameter C's value is at least 20, the lowest possible value of parameter D is 40.
Parameter E's value cannot be less than parameter F's value.
Parameter G's value cannot be less than parameter H's value.
Parameter I's value cannot be less than parameter J's value.
Parameter K's value cannot be less than parameter L's value.
Parameter M's value cannot be greater than parameter N's value.

        Example Python3 code:
        # If the parameter A's value is at least 20, the lowest possible value of parameter B is 5.
def r1(a: float, b: float) -> bool:
    if b / a >= 0.25:
        return True
    else:
        return False

# If the parameter C's value is at least 20, the lowest possible value of parameter D is 40.
def r2(c: float, d: float) -> bool:
    if d / c >= 2:
        return True
    else:
        return False

# Parameter E's value cannot be less than parameter F's value.
def r3(e: float, f: float) -> bool:
    if e >= f:
        return True
    else:
        return False

# Parameter G's value cannot be less than parameter H's value.
def r4(g: float, h: float) -> bool:
    if g >= h:
        return True
    else:
        return False

# Parameter I's value cannot be less than parameter J's value.
def r5(i: float, j: float) -> bool:
    if i >= j:
        return True
    else:
        return False

# Parameter K's value cannot be less than parameter L's value.
def r6(k: float, l: float) -> bool:
    if k >= l:
        return True
    else:
        return False

# Parameter M's value cannot be greater than parameter N's value.
def r7(m: float, n: float) -> bool:
    if m <= n:
        return True
    else:
        return False


        
Input text:
Textual context: Total operation time shouldn’t be lower than idle time.
Driving time should be less than or equal to the total operation time.
The number of stops where PTO is engaged must not exceed the overall stop count.
The weight on axle 1 cannot surpass the weight on axle 2.
The load on axle 1 must not surpass the load on axle 3.
The combined time for PTO operation, idle time, and driving time must not surpass the total operation time.";"Total operation time shouldn’t be lower than idle time.
Driving time should be less than or equal to the total operation time.
The number of stops where PTO is engaged must not exceed the overall stop count.
The weight on axle 1 cannot surpass the weight on axle 2.
The load on axle 1 must not surpass the load on axle 3.
The combined time for PTO operation, idle time, and driving time must not surpass the total operation time.";6;[['total operation time', 'idle time'], ['driving time', 'total operation time'], ['stops with PTO engaged', 'stops'], ['axle 1 load', 'axle 2 load'], ['axle 1 load', 'axle 3 load'], ['PTO operation time', 'idle time', 'driving time', 'total operation time']];Llama-8;"def r1(total_operation_time: float, idle_time: float) -> bool:
    if total_operation_time >= idle_time:
        return True
    else:
        return False

def r2(driving_time: float, total_operation_time: float) -> bool:
    if driving_time <= total_operation_time:
        return True
    else:
        return False

def r3(pto_stops: int, overall_stops: int) -> bool:
    if pto_stops <= overall_stops:
        return True
    else:
        return False

def r4(axle1_weight: float, axle2_weight: float) -> bool:
    if axle1_weight <= axle2_weight:
        return True
    else:
        return False

def r5(axle1_load: float, axle3_load: float) -> bool:
    if axle1_load <= axle3_load:
        return True
    else:
        return False

def r6(pto_operation_time: float, idle_time: float, driving_time: float, total_operation_time: float) -> bool:
    if pto_operation_time + idle_time + driving_time <= total_operation_time:
        return True
    else:
        return False

def r7(arg1: float, arg2: float, arg3: float, arg4: float, arg5: float, arg6: float, arg7: float, arg8: float, arg9: float, arg10: float, arg11: float, arg12: float, arg13: float, arg14: float):
    return not(r1(arg1, arg2) and r2(arg3, arg4) and r3(arg5, arg6) and r4(arg7, arg8) and r5(arg9, arg10) and r6(arg11, arg12, arg13, arg14)), r1(arg1, arg2), r2(arg3, arg4), r3(arg5, arg6), r4(arg7, arg8), r5(arg9, arg10), r6(arg11, arg12, arg13, arg14)";Correct syntax;['True, True, True, True, False, False, True', 'False, True, True, True, True, True, True', 'True, False, False, False, True, True, False'];['True, True, True, True, False, False, True', 'False, True, True, True, True, True, True', 'True, False, False, False, True, True, False']
"System Message:
        You are a logician with a background in mathematics that translates natural language
        reasoning text to Python3 code so that these natural language reasoning problems can be solved.
        During the translation, please pay close attention to defining variables and rules.
        Do not add any comments from you.
        Be guided by the following example:
        Example input text:
        Textual context: If the parameter A's value is at least 20, the lowest possible value of parameter B is 5.
If the parameter C's value is at least 20, the lowest possible value of parameter D is 40.
Parameter E's value cannot be less than parameter F's value.
Parameter G's value cannot be less than parameter H's value.
Parameter I's value cannot be less than parameter J's value.
Parameter K's value cannot be less than parameter L's value.
Parameter M's value cannot be greater than parameter N's value.

        Example Python3 code:
        # If the parameter A's value is at least 20, the lowest possible value of parameter B is 5.
def r1(a: float, b: float) -> bool:
    if b / a >= 0.25:
        return True
    else:
        return False

# If the parameter C's value is at least 20, the lowest possible value of parameter D is 40.
def r2(c: float, d: float) -> bool:
    if d / c >= 2:
        return True
    else:
        return False

# Parameter E's value cannot be less than parameter F's value.
def r3(e: float, f: float) -> bool:
    if e >= f:
        return True
    else:
        return False

# Parameter G's value cannot be less than parameter H's value.
def r4(g: float, h: float) -> bool:
    if g >= h:
        return True
    else:
        return False

# Parameter I's value cannot be less than parameter J's value.
def r5(i: float, j: float) -> bool:
    if i >= j:
        return True
    else:
        return False

# Parameter K's value cannot be less than parameter L's value.
def r6(k: float, l: float) -> bool:
    if k >= l:
        return True
    else:
        return False

# Parameter M's value cannot be greater than parameter N's value.
def r7(m: float, n: float) -> bool:
    if m <= n:
        return True
    else:
        return False


        
Input text:
Textual context: Total operation time shouldn’t be lower than PTO operation time.
Idle time must always be less than or equal to the total operation time.
The total operation durationmust not be lower than the driving time.
Stops with PTO engaged should never outnumber total stops.
The weight on axle 1 cannot surpass the weight on axle 2.
The payload cannot exceed the capacity of axle 2.
The combined time for PTO operation, idle time, and driving time must not surpass the total operation time.";"Total operation time shouldn’t be lower than PTO operation time.
Idle time must always be less than or equal to the total operation time.
The total operation durationmust not be lower than the driving time.
Stops with PTO engaged should never outnumber total stops.
The weight on axle 1 cannot surpass the weight on axle 2.
The payload cannot exceed the capacity of axle 2.
The combined time for PTO operation, idle time, and driving time must not surpass the total operation time.";7;[['total operation time', 'PTO operation time'], ['idle time', 'total operation time'], ['total operation time', 'driving time'], ['stops with PTO engaged', 'stops'], ['axle 1 load', 'axle 2 load'], ['payload', 'axle 2 load'], ['PTO operation time', 'idle time', 'driving time', 'total operation time']];Llama-8;"def r1(pto: float, total: float) -> bool:
    if total >= pto:
        return True
    else:
        return False

def r2(idle: float, total: float) -> bool:
    if idle <= total:
        return True
    else:
        return False

def r3(total: float, driving: float) -> bool:
    if total >= driving:
        return True
    else:
        return False

def r4(pto_stops: int, total_stops: int) -> bool:
    if pto_stops <= total_stops:
        return True
    else:
        return False

def r5(axle1: float, axle2: float) -> bool:
    if axle1 <= axle2:
        return True
    else:
        return False

def r6(payload: float, axle2: float) -> bool:
    if payload <= axle2:
        return True
    else:
        return False

def r7(pto: float, idle: float, driving: float, total: float) -> bool:
    if pto + idle + driving <= total:
        return True
    else:
        return False

def r8(arg1: float, arg2: float, arg3: float, arg4: float, arg5: float, arg6: float, arg7: float, arg8: float, arg9: float, arg10: float, arg11: float, arg12: float, arg13: float, arg14: float, arg15: float, arg16: float):
    return not(r1(arg1, arg2) and r2(arg3, arg4) and r3(arg5, arg6) and r4(arg7, arg8) and r5(arg9, arg10) and r6(arg11, arg12) and r7(arg13, arg14, arg15, arg16)), r1(arg1, arg2), r2(arg3, arg4), r3(arg5, arg6), r4(arg7, arg8), r5(arg9, arg10), r6(arg11, arg12), r7(arg13, arg14, arg15, arg16)";Correct syntax;['True, True, True, True, True, False, False, True', 'False, True, True, True, True, True, True, True', 'True, False, False, False, False, True, True, False'];['True, False, True, True, True, False, False, True', 'False, True, True, True, True, True, True, True', 'True, True, False, False, False, True, True, False']
"System Message:
        You are a logician with a background in mathematics that translates natural language
        reasoning text to Python3 code so that these natural language reasoning problems can be solved.
        During the translation, please pay close attention to defining variables and rules.
        Do not add any comments from you.
        Be guided by the following example:
        Example input text:
        Textual context: If the parameter A's value is at least 20, the lowest possible value of parameter B is 5.
If the parameter C's value is at least 20, the lowest possible value of parameter D is 40.
Parameter E's value cannot be less than parameter F's value.
Parameter G's value cannot be less than parameter H's value.
Parameter I's value cannot be less than parameter J's value.
Parameter K's value cannot be less than parameter L's value.
Parameter M's value cannot be greater than parameter N's value.

        Example Python3 code:
        # If the parameter A's value is at least 20, the lowest possible value of parameter B is 5.
def r1(a: float, b: float) -> bool:
    if b / a >= 0.25:
        return True
    else:
        return False

# If the parameter C's value is at least 20, the lowest possible value of parameter D is 40.
def r2(c: float, d: float) -> bool:
    if d / c >= 2:
        return True
    else:
        return False

# Parameter E's value cannot be less than parameter F's value.
def r3(e: float, f: float) -> bool:
    if e >= f:
        return True
    else:
        return False

# Parameter G's value cannot be less than parameter H's value.
def r4(g: float, h: float) -> bool:
    if g >= h:
        return True
    else:
        return False

# Parameter I's value cannot be less than parameter J's value.
def r5(i: float, j: float) -> bool:
    if i >= j:
        return True
    else:
        return False

# Parameter K's value cannot be less than parameter L's value.
def r6(k: float, l: float) -> bool:
    if k >= l:
        return True
    else:
        return False

# Parameter M's value cannot be greater than parameter N's value.
def r7(m: float, n: float) -> bool:
    if m <= n:
        return True
    else:
        return False


        
Input text:
Textual context: Idle time must always be less than or equal to the total operation time.
Driving time must always be less than or equal to the total operation time.
The total stop count must not be lower than the count of stops where PTO is engaged.
Axle 1's load cannot exceed Axle 2's load.
Axle 1's load cannot exceed Axle 3's load.
Axle 2's load must always be equal to or greater than the payload.
The combined time for PTO operation, idle time, and driving time must not surpass the total operation time.";"Idle time must always be less than or equal to the total operation time.
Driving time must always be less than or equal to the total operation time.
The total stop count must not be lower than the count of stops where PTO is engaged.
Axle 1's load cannot exceed Axle 2's load.
Axle 1's load cannot exceed Axle 3's load.
Axle 2's load must always be equal to or greater than the payload.
The combined time for PTO operation, idle time, and driving time must not surpass the total operation time.";7;[['idle time', 'total operation time'], ['driving time', 'total operation time'], ['stops', 'stops with PTO engaged'], ['axle 1 load', 'axle 2 load'], ['axle 1 load', 'axle 3 load'], ['axle 2 load', 'payload'], ['PTO operation time', 'idle time', 'driving time', 'total operation time']];Llama-8;"def r1(idle_time: float, total_operation_time: float) -> bool:
    if idle_time <= total_operation_time:
        return True
    else:
        return False

def r2(driving_time: float, total_operation_time: float) -> bool:
    if driving_time <= total_operation_time:
        return True
    else:
        return False

def r3(total_stop_count: int, pto_stop_count: int) -> bool:
    if total_stop_count >= pto_stop_count:
        return True
    else:
        return False

def r4(axle1_load: float, axle2_load: float) -> bool:
    if axle1_load <= axle2_load:
        return True
    else:
        return False

def r5(axle1_load: float, axle3_load: float) -> bool:
    if axle1_load <= axle3_load:
        return True
    else:
        return False

def r6(axle2_load: float, payload: float) -> bool:
    if axle2_load >= payload:
        return True
    else:
        return False

def r7(pto_operation_time: float, idle_time: float, driving_time: float, total_operation_time: float) -> bool:
    if pto_operation_time + idle_time + driving_time <= total_operation_time:
        return True
    else:
        return False

def r8(arg1: float, arg2: float, arg3: float, arg4: float, arg5: float, arg6: float, arg7: float, arg8: float, arg9: float, arg10: float, arg11: float, arg12: float, arg13: float, arg14: float, arg15: float, arg16: float):
    return not(r1(arg1, arg2) and r2(arg3, arg4) and r3(arg5, arg6) and r4(arg7, arg8) and r5(arg9, arg10) and r6(arg11, arg12) and r7(arg13, arg14, arg15, arg16)), r1(arg1, arg2), r2(arg3, arg4), r3(arg5, arg6), r4(arg7, arg8), r5(arg9, arg10), r6(arg11, arg12), r7(arg13, arg14, arg15, arg16)";Correct syntax;['True, True, True, True, False, False, False, True', 'False, True, True, True, True, True, True, True', 'True, False, False, False, True, True, True, False'];['True, True, True, True, False, False, False, True', 'False, True, True, True, True, True, True, True', 'True, False, False, False, True, True, True, False']
"System Message:
        You are a logician with a background in mathematics that translates natural language
        reasoning text to Python3 code so that these natural language reasoning problems can be solved.
        During the translation, please pay close attention to defining variables and rules.
        Do not add any comments from you.
        Be guided by the following example:
        Example input text:
        Textual context: If the parameter A's value is at least 20, the lowest possible value of parameter B is 5.
If the parameter C's value is at least 20, the lowest possible value of parameter D is 40.
Parameter E's value cannot be less than parameter F's value.
Parameter G's value cannot be less than parameter H's value.
Parameter I's value cannot be less than parameter J's value.
Parameter K's value cannot be less than parameter L's value.
Parameter M's value cannot be greater than parameter N's value.

        Example Python3 code:
        # If the parameter A's value is at least 20, the lowest possible value of parameter B is 5.
def r1(a: float, b: float) -> bool:
    if b / a >= 0.25:
        return True
    else:
        return False

# If the parameter C's value is at least 20, the lowest possible value of parameter D is 40.
def r2(c: float, d: float) -> bool:
    if d / c >= 2:
        return True
    else:
        return False

# Parameter E's value cannot be less than parameter F's value.
def r3(e: float, f: float) -> bool:
    if e >= f:
        return True
    else:
        return False

# Parameter G's value cannot be less than parameter H's value.
def r4(g: float, h: float) -> bool:
    if g >= h:
        return True
    else:
        return False

# Parameter I's value cannot be less than parameter J's value.
def r5(i: float, j: float) -> bool:
    if i >= j:
        return True
    else:
        return False

# Parameter K's value cannot be less than parameter L's value.
def r6(k: float, l: float) -> bool:
    if k >= l:
        return True
    else:
        return False

# Parameter M's value cannot be greater than parameter N's value.
def r7(m: float, n: float) -> bool:
    if m <= n:
        return True
    else:
        return False


        
Input text:
Textual context: The total operation duration must not be lower than the PTO operation time.
Idle time must always be less than or equal to the total operation time.
Total operation time should shouldn’t be lower than driving time.
The number of stops where PTO is engaged must not exceed the overall stop count.
The load on axle 1 must not surpass the load on axle 3.
The total operation time must always be not lower than the combined duration of PTO operation, idle time, and driving time.";"The total operation duration must not be lower than the PTO operation time.
Idle time must always be less than or equal to the total operation time.
Total operation time should shouldn’t be lower than driving time.
The number of stops where PTO is engaged must not exceed the overall stop count.
The load on axle 1 must not surpass the load on axle 3.
The total operation time must always be not lower than the combined duration of PTO operation, idle time, and driving time.";6;[['total operation time', 'PTO operation time'], ['idle time', 'total operation time'], ['total operation time', 'driving time'], ['stops with PTO engaged', 'stops'], ['axle 1 load', 'axle 3 load'], ['total operation time', 'PTO operation time', 'idle time', 'driving time']];Llama-8;"def r1(total_time: float, pto_time: float) -> bool:
    if total_time >= pto_time:
        return True
    else:
        return False

def r2(idle_time: float, total_time: float) -> bool:
    if idle_time <= total_time:
        return True
    else:
        return False

def r3(total_time: float, driving_time: float) -> bool:
    if total_time >= driving_time:
        return True
    else:
        return False

def r4(pto_stops: int, overall_stops: int) -> bool:
    if pto_stops <= overall_stops:
        return True
    else:
        return False

def r5(axle1: float, axle3: float) -> bool:
    if axle1 <= axle3:
        return True
    else:
        return False

def r6(total_time: float, pto_time: float, idle_time: float, driving_time: float) -> bool:
    if total_time >= pto_time + idle_time + driving_time:
        return True
    else:
        return False

def r7(arg1: float, arg2: float, arg3: float, arg4: float, arg5: float, arg6: float, arg7: float, arg8: float, arg9: float, arg10: float, arg11: float, arg12: float, arg13: float, arg14: float):
    return not(r1(arg1, arg2) and r2(arg3, arg4) and r3(arg5, arg6) and r4(arg7, arg8) and r5(arg9, arg10) and r6(arg11, arg12, arg13, arg14)), r1(arg1, arg2), r2(arg3, arg4), r3(arg5, arg6), r4(arg7, arg8), r5(arg9, arg10), r6(arg11, arg12, arg13, arg14)";Correct syntax;['True, True, True, True, True, False, True', 'False, True, True, True, True, True, True', 'True, False, False, False, False, True, False'];['True, True, True, True, True, False, True', 'False, True, True, True, True, True, True', 'True, False, False, False, False, True, False']
"System Message:
        You are a logician with a background in mathematics that translates natural language
        reasoning text to Python3 code so that these natural language reasoning problems can be solved.
        During the translation, please pay close attention to defining variables and rules.
        Do not add any comments from you.
        Be guided by the following example:
        Example input text:
        Textual context: If the parameter A's value is at least 20, the lowest possible value of parameter B is 5.
If the parameter C's value is at least 20, the lowest possible value of parameter D is 40.
Parameter E's value cannot be less than parameter F's value.
Parameter G's value cannot be less than parameter H's value.
Parameter I's value cannot be less than parameter J's value.
Parameter K's value cannot be less than parameter L's value.
Parameter M's value cannot be greater than parameter N's value.

        Example Python3 code:
        # If the parameter A's value is at least 20, the lowest possible value of parameter B is 5.
def r1(a: float, b: float) -> bool:
    if b / a >= 0.25:
        return True
    else:
        return False

# If the parameter C's value is at least 20, the lowest possible value of parameter D is 40.
def r2(c: float, d: float) -> bool:
    if d / c >= 2:
        return True
    else:
        return False

# Parameter E's value cannot be less than parameter F's value.
def r3(e: float, f: float) -> bool:
    if e >= f:
        return True
    else:
        return False

# Parameter G's value cannot be less than parameter H's value.
def r4(g: float, h: float) -> bool:
    if g >= h:
        return True
    else:
        return False

# Parameter I's value cannot be less than parameter J's value.
def r5(i: float, j: float) -> bool:
    if i >= j:
        return True
    else:
        return False

# Parameter K's value cannot be less than parameter L's value.
def r6(k: float, l: float) -> bool:
    if k >= l:
        return True
    else:
        return False

# Parameter M's value cannot be greater than parameter N's value.
def r7(m: float, n: float) -> bool:
    if m <= n:
        return True
    else:
        return False


        
Input text:
Textual context: Idle time should be less than or equal to the total operation time.
The load supported by axle 1 cannot exceed that of axle 2.
The load supported by axle 1 cannot exceed that of axle 3.
The payload must always be smaller than or equal to the load on axle 2.
Axle 3's load must always be equal to or greater than the payload.
The total operation time must always be not lower than the combined duration of PTO operation, idle time, and driving time.";"Idle time should be less than or equal to the total operation time.
The load supported by axle 1 cannot exceed that of axle 2.
The load supported by axle 1 cannot exceed that of axle 3.
The payload must always be smaller than or equal to the load on axle 2.
Axle 3's load must always be equal to or greater than the payload.
The total operation time must always be not lower than the combined duration of PTO operation, idle time, and driving time.";6;[['idle time', 'total operation time'], ['axle 1 load', 'axle 2 load'], ['axle 1 load', 'axle 3 load'], ['payload', 'axle 2 load'], ['axle 3 load', 'payload'], ['total operation time', 'PTO operation time', 'idle time', 'driving time']];Llama-8;"def r1(idle_time: float, total_operation_time: float) -> bool:
    if idle_time <= total_operation_time:
        return True
    else:
        return False

def r2(axle1_load: float, axle2_load: float) -> bool:
    if axle1_load <= axle2_load:
        return True
    else:
        return False

def r3(axle1_load: float, axle3_load: float) -> bool:
    if axle1_load <= axle3_load:
        return True
    else:
        return False

def r4(payload: float, axle2_load: float) -> bool:
    if payload <= axle2_load:
        return True
    else:
        return False

def r5(axle3_load: float, payload: float) -> bool:
    if axle3_load >= payload:
        return True
    else:
        return False

def r6(total_operation_time: float, pto_operation_time: float, idle_time: float, driving_time: float) -> bool:
    if total_operation_time >= pto_operation_time + idle_time + driving_time:
        return True
    else:
        return False

def r7(arg1: float, arg2: float, arg3: float, arg4: float, arg5: float, arg6: float, arg7: float, arg8: float, arg9: float, arg10: float, arg11: float, arg12: float, arg13: float, arg14: float):
    return not(r1(arg1, arg2) and r2(arg3, arg4) and r3(arg5, arg6) and r4(arg7, arg8) and r5(arg9, arg10) and r6(arg11, arg12, arg13, arg14)), r1(arg1, arg2), r2(arg3, arg4), r3(arg5, arg6), r4(arg7, arg8), r5(arg9, arg10), r6(arg11, arg12, arg13, arg14)";Correct syntax;['True, True, False, False, False, False, True', 'False, True, True, True, True, True, True', 'True, False, True, True, True, True, False'];['True, True, False, False, False, False, True', 'False, True, True, True, True, True, True', 'True, False, True, True, True, True, False']
"System Message:
        You are a logician with a background in mathematics that translates natural language
        reasoning text to Python3 code so that these natural language reasoning problems can be solved.
        During the translation, please pay close attention to defining variables and rules.
        Do not add any comments from you.
        Be guided by the following example:
        Example input text:
        Textual context: If the parameter A's value is at least 20, the lowest possible value of parameter B is 5.
If the parameter C's value is at least 20, the lowest possible value of parameter D is 40.
Parameter E's value cannot be less than parameter F's value.
Parameter G's value cannot be less than parameter H's value.
Parameter I's value cannot be less than parameter J's value.
Parameter K's value cannot be less than parameter L's value.
Parameter M's value cannot be greater than parameter N's value.

        Example Python3 code:
        # If the parameter A's value is at least 20, the lowest possible value of parameter B is 5.
def r1(a: float, b: float) -> bool:
    if b / a >= 0.25:
        return True
    else:
        return False

# If the parameter C's value is at least 20, the lowest possible value of parameter D is 40.
def r2(c: float, d: float) -> bool:
    if d / c >= 2:
        return True
    else:
        return False

# Parameter E's value cannot be less than parameter F's value.
def r3(e: float, f: float) -> bool:
    if e >= f:
        return True
    else:
        return False

# Parameter G's value cannot be less than parameter H's value.
def r4(g: float, h: float) -> bool:
    if g >= h:
        return True
    else:
        return False

# Parameter I's value cannot be less than parameter J's value.
def r5(i: float, j: float) -> bool:
    if i >= j:
        return True
    else:
        return False

# Parameter K's value cannot be less than parameter L's value.
def r6(k: float, l: float) -> bool:
    if k >= l:
        return True
    else:
        return False

# Parameter M's value cannot be greater than parameter N's value.
def r7(m: float, n: float) -> bool:
    if m <= n:
        return True
    else:
        return False


        
Input text:
Textual context: The total operation duration must not be lower than the PTO operation time.
The total operation durationmust not be lower than the driving time.
The number of stops where PTO is engaged must not exceed the overall stop count.
The load on axle 1 must not surpass the load on axle 2.
The load carried by axle 1 must be smaller than or equal to the load on axle 3.
Axle 3's load must always be equal to or greater than the payload.";"The total operation duration must not be lower than the PTO operation time.
The total operation durationmust not be lower than the driving time.
The number of stops where PTO is engaged must not exceed the overall stop count.
The load on axle 1 must not surpass the load on axle 2.
The load carried by axle 1 must be smaller than or equal to the load on axle 3.
Axle 3's load must always be equal to or greater than the payload.";6;[['total operation time', 'PTO operation time'], ['total operation time', 'driving time'], ['stops with PTO engaged', 'stops'], ['axle 1 load', 'axle 2 load'], ['axle 1 load', 'axle 3 load'], ['axle 3 load', 'payload']];Llama-8;"def r1(total_operation_duration: float, pto_operation_time: float) -> bool:
    if total_operation_duration >= pto_operation_time:
        return True
    else:
        return False

def r2(total_operation_duration: float, driving_time: float) -> bool:
    if total_operation_duration >= driving_time:
        return True
    else:
        return False

def r3(stops_with_pto: int, overall_stop_count: int) -> bool:
    if stops_with_pto <= overall_stop_count:
        return True
    else:
        return False

def r4(axle1_load: float, axle2_load: float) -> bool:
    if axle1_load <= axle2_load:
        return True
    else:
        return False

def r5(axle1_load: float, axle3_load: float) -> bool:
    if axle1_load <= axle3_load:
        return True
    else:
        return False

def r6(axle3_load: float, payload: float) -> bool:
    if axle3_load >= payload:
        return True
    else:
        return False

def r7(arg1: float, arg2: float, arg3: float, arg4: float, arg5: float, arg6: float, arg7: float, arg8: float, arg9: float, arg10: float, arg11: float, arg12: float):
    return not(r1(arg1, arg2) and r2(arg3, arg4) and r3(arg5, arg6) and r4(arg7, arg8) and r5(arg9, arg10) and r6(arg11, arg12)), r1(arg1, arg2), r2(arg3, arg4), r3(arg5, arg6), r4(arg7, arg8), r5(arg9, arg10), r6(arg11, arg12)";Correct syntax;['True, True, True, True, False, False, False', 'False, True, True, True, True, True, True', 'True, False, False, False, True, True, True'];['True, True, True, True, False, False, False', 'False, True, True, True, True, True, True', 'True, False, False, False, True, True, True']
"System Message:
        You are a logician with a background in mathematics that translates natural language
        reasoning text to Python3 code so that these natural language reasoning problems can be solved.
        During the translation, please pay close attention to defining variables and rules.
        Do not add any comments from you.
        Be guided by the following example:
        Example input text:
        Textual context: If the parameter A's value is at least 20, the lowest possible value of parameter B is 5.
If the parameter C's value is at least 20, the lowest possible value of parameter D is 40.
Parameter E's value cannot be less than parameter F's value.
Parameter G's value cannot be less than parameter H's value.
Parameter I's value cannot be less than parameter J's value.
Parameter K's value cannot be less than parameter L's value.
Parameter M's value cannot be greater than parameter N's value.

        Example Python3 code:
        # If the parameter A's value is at least 20, the lowest possible value of parameter B is 5.
def r1(a: float, b: float) -> bool:
    if b / a >= 0.25:
        return True
    else:
        return False

# If the parameter C's value is at least 20, the lowest possible value of parameter D is 40.
def r2(c: float, d: float) -> bool:
    if d / c >= 2:
        return True
    else:
        return False

# Parameter E's value cannot be less than parameter F's value.
def r3(e: float, f: float) -> bool:
    if e >= f:
        return True
    else:
        return False

# Parameter G's value cannot be less than parameter H's value.
def r4(g: float, h: float) -> bool:
    if g >= h:
        return True
    else:
        return False

# Parameter I's value cannot be less than parameter J's value.
def r5(i: float, j: float) -> bool:
    if i >= j:
        return True
    else:
        return False

# Parameter K's value cannot be less than parameter L's value.
def r6(k: float, l: float) -> bool:
    if k >= l:
        return True
    else:
        return False

# Parameter M's value cannot be greater than parameter N's value.
def r7(m: float, n: float) -> bool:
    if m <= n:
        return True
    else:
        return False


        
Input text:
Textual context: PTO operation time should be less than or equal to the total operation time.
The total operation duration must not be lower than the idle time.
Axle 1's load cannot exceed Axle 2's load.
Axle 1's load cannot exceed Axle 3's load.
The payload cannot exceed the capacity of axle 2.
The payload must always be smaller than or equal to the load on axle 3.
The combined time for PTO operation, idle time, and driving time must not surpass the total operation time.";"PTO operation time should be less than or equal to the total operation time.
The total operation duration must not be lower than the idle time.
Axle 1's load cannot exceed Axle 2's load.
Axle 1's load cannot exceed Axle 3's load.
The payload cannot exceed the capacity of axle 2.
The payload must always be smaller than or equal to the load on axle 3.
The combined time for PTO operation, idle time, and driving time must not surpass the total operation time.";7;[['PTO operation time', 'total operation time'], ['total operation time', 'idle time'], ['axle 1 load', 'axle 2 load'], ['axle 1 load', 'axle 3 load'], ['payload', 'axle 2 load'], ['payload', 'axle 3 load'], ['PTO operation time', 'idle time', 'driving time', 'total operation time']];Llama-8;"def r1(pto: float, total: float) -> bool:
    if pto <= total:
        return True
    else:
        return False

def r2(total: float, idle: float) -> bool:
    if total >= idle:
        return True
    else:
        return False

def r3(axle1: float, axle2: float) -> bool:
    if axle1 <= axle2:
        return True
    else:
        return False

def r4(axle1: float, axle3: float) -> bool:
    if axle1 <= axle3:
        return True
    else:
        return False

def r5(payload: float, axle2: float) -> bool:
    if payload <= axle2:
        return True
    else:
        return False

def r6(payload: float, axle3: float) -> bool:
    if payload <= axle3:
        return True
    else:
        return False

def r7(pto: float, idle: float, driving: float, total: float) -> bool:
    if pto + idle + driving <= total:
        return True
    else:
        return False

def r8(arg1: float, arg2: float, arg3: float, arg4: float, arg5: float, arg6: float, arg7: float, arg8: float, arg9: float, arg10: float, arg11: float, arg12: float, arg13: float, arg14: float, arg15: float, arg16: float):
    return not(r1(arg1, arg2) and r2(arg3, arg4) and r3(arg5, arg6) and r4(arg7, arg8) and r5(arg9, arg10) and r6(arg11, arg12) and r7(arg13, arg14, arg15, arg16)), r1(arg1, arg2), r2(arg3, arg4), r3(arg5, arg6), r4(arg7, arg8), r5(arg9, arg10), r6(arg11, arg12), r7(arg13, arg14, arg15, arg16)";Correct syntax;['True, True, True, False, False, False, False, True', 'False, True, True, True, True, True, True, True', 'True, False, False, True, True, True, True, False'];['True, True, True, False, False, False, False, True', 'False, True, True, True, True, True, True, True', 'True, False, False, True, True, True, True, False']
"System Message:
        You are a logician with a background in mathematics that translates natural language
        reasoning text to Python3 code so that these natural language reasoning problems can be solved.
        During the translation, please pay close attention to defining variables and rules.
        Do not add any comments from you.
        Be guided by the following example:
        Example input text:
        Textual context: If the parameter A's value is at least 20, the lowest possible value of parameter B is 5.
If the parameter C's value is at least 20, the lowest possible value of parameter D is 40.
Parameter E's value cannot be less than parameter F's value.
Parameter G's value cannot be less than parameter H's value.
Parameter I's value cannot be less than parameter J's value.
Parameter K's value cannot be less than parameter L's value.
Parameter M's value cannot be greater than parameter N's value.

        Example Python3 code:
        # If the parameter A's value is at least 20, the lowest possible value of parameter B is 5.
def r1(a: float, b: float) -> bool:
    if b / a >= 0.25:
        return True
    else:
        return False

# If the parameter C's value is at least 20, the lowest possible value of parameter D is 40.
def r2(c: float, d: float) -> bool:
    if d / c >= 2:
        return True
    else:
        return False

# Parameter E's value cannot be less than parameter F's value.
def r3(e: float, f: float) -> bool:
    if e >= f:
        return True
    else:
        return False

# Parameter G's value cannot be less than parameter H's value.
def r4(g: float, h: float) -> bool:
    if g >= h:
        return True
    else:
        return False

# Parameter I's value cannot be less than parameter J's value.
def r5(i: float, j: float) -> bool:
    if i >= j:
        return True
    else:
        return False

# Parameter K's value cannot be less than parameter L's value.
def r6(k: float, l: float) -> bool:
    if k >= l:
        return True
    else:
        return False

# Parameter M's value cannot be greater than parameter N's value.
def r7(m: float, n: float) -> bool:
    if m <= n:
        return True
    else:
        return False


        
Input text:
Textual context: Stops with PTO engaged cannot outnumber the total stops.
The weight on axle 1 cannot surpass the weight on axle 2.
The payload must always be smaller than or equal to the load on axle 2.
The payload must not exceed the load carried by axle 3.
Total operation time must be greater than or equal to the sum of PTO operation, idle, and driving times.";"Stops with PTO engaged cannot outnumber the total stops.
The weight on axle 1 cannot surpass the weight on axle 2.
The payload must always be smaller than or equal to the load on axle 2.
The payload must not exceed the load carried by axle 3.
Total operation time must be greater than or equal to the sum of PTO operation, idle, and driving times.";5;[['stops with PTO engaged', 'stops'], ['axle 1 load', 'axle 2 load'], ['payload', 'axle 2 load'], ['payload', 'axle 3 load'], ['total operation time', 'PTO operation time', 'idle time', 'driving time']];Llama-8;"def r1(p: int, t: int) -> bool:
    if p <= t:
        return True
    else:
        return False

def r2(w1: float, w2: float) -> bool:
    if w1 <= w2:
        return True
    else:
        return False

def r3(p: float, w2: float) -> bool:
    if p <= w2:
        return True
    else:
        return False

def r4(p: float, w3: float) -> bool:
    if p <= w3:
        return True
    else:
        return False

def r5(t: float, p: float, i: float, d: float) -> bool:
    if t >= p + i + d:
        return True
    else:
        return False

def r6(arg1: float, arg2: float, arg3: float, arg4: float, arg5: float, arg6: float, arg7: float, arg8: float, arg9: float, arg10: float, arg11: float, arg12: float):
    return not(r1(arg1, arg2) and r2(arg3, arg4) and r3(arg5, arg6) and r4(arg7, arg8) and r5(arg9, arg10, arg11, arg12)), r1(arg1, arg2), r2(arg3, arg4), r3(arg5, arg6), r4(arg7, arg8), r5(arg9, arg10, arg11, arg12)";Correct syntax;['True, True, False, False, False, True', 'False, True, True, True, True, True', 'True, False, True, True, True, False'];['True, True, False, False, False, True', 'False, True, True, True, True, True', 'True, False, True, True, True, False']
"System Message:
        You are a logician with a background in mathematics that translates natural language
        reasoning text to Python3 code so that these natural language reasoning problems can be solved.
        During the translation, please pay close attention to defining variables and rules.
        Do not add any comments from you.
        Be guided by the following example:
        Example input text:
        Textual context: If the parameter A's value is at least 20, the lowest possible value of parameter B is 5.
If the parameter C's value is at least 20, the lowest possible value of parameter D is 40.
Parameter E's value cannot be less than parameter F's value.
Parameter G's value cannot be less than parameter H's value.
Parameter I's value cannot be less than parameter J's value.
Parameter K's value cannot be less than parameter L's value.
Parameter M's value cannot be greater than parameter N's value.

        Example Python3 code:
        # If the parameter A's value is at least 20, the lowest possible value of parameter B is 5.
def r1(a: float, b: float) -> bool:
    if b / a >= 0.25:
        return True
    else:
        return False

# If the parameter C's value is at least 20, the lowest possible value of parameter D is 40.
def r2(c: float, d: float) -> bool:
    if d / c >= 2:
        return True
    else:
        return False

# Parameter E's value cannot be less than parameter F's value.
def r3(e: float, f: float) -> bool:
    if e >= f:
        return True
    else:
        return False

# Parameter G's value cannot be less than parameter H's value.
def r4(g: float, h: float) -> bool:
    if g >= h:
        return True
    else:
        return False

# Parameter I's value cannot be less than parameter J's value.
def r5(i: float, j: float) -> bool:
    if i >= j:
        return True
    else:
        return False

# Parameter K's value cannot be less than parameter L's value.
def r6(k: float, l: float) -> bool:
    if k >= l:
        return True
    else:
        return False

# Parameter M's value cannot be greater than parameter N's value.
def r7(m: float, n: float) -> bool:
    if m <= n:
        return True
    else:
        return False


        
Input text:
Textual context: The total operation duration must not be lower than the PTO operation time.
Total operation time shouldn’t be lower than idle time.
Driving time cannot be greater than the total operation time.
Stops with PTO engaged cannot outnumber the total stops.
The load on axle 1 must not surpass the load on axle 2.
The weight on axle 1 cannot surpass the weight on axle 3.";"The total operation duration must not be lower than the PTO operation time.
Total operation time shouldn’t be lower than idle time.
Driving time cannot be greater than the total operation time.
Stops with PTO engaged cannot outnumber the total stops.
The load on axle 1 must not surpass the load on axle 2.
The weight on axle 1 cannot surpass the weight on axle 3.";6;[['total operation time', 'PTO operation time'], ['total operation time', 'idle time'], ['driving time', 'total operation time'], ['stops with PTO engaged', 'stops'], ['axle 1 load', 'axle 2 load'], ['axle 1 load', 'axle 3 load']];Llama-8;"def r1(c: float, d: float) -> bool:
    if c >= d:
        return True
    else:
        return False

def r2(e: float, f: float) -> bool:
    if e >= f:
        return True
    else:
        return False

def r3(g: float, h: float) -> bool:
    if g <= h:
        return True
    else:
        return False

def r4(i: float, j: float) -> bool:
    if i <= j:
        return True
    else:
        return False

def r5(k: float, l: float) -> bool:
    if k <= l:
        return True
    else:
        return False

def r6(m: float, n: float) -> bool:
    if m <= n:
        return True
    else:
        return False

def r7(arg1: float, arg2: float, arg3: float, arg4: float, arg5: float, arg6: float, arg7: float, arg8: float, arg9: float, arg10: float, arg11: float, arg12: float):
    return not(r1(arg1, arg2) and r2(arg3, arg4) and r3(arg5, arg6) and r4(arg7, arg8) and r5(arg9, arg10) and r6(arg11, arg12)), r1(arg1, arg2), r2(arg3, arg4), r3(arg5, arg6), r4(arg7, arg8), r5(arg9, arg10), r6(arg11, arg12)";Correct syntax;['True, True, True, True, True, False, False', 'False, True, True, True, True, True, True', 'True, False, False, False, False, True, True'];['True, True, True, True, True, False, False', 'False, True, True, True, True, True, True', 'True, False, False, False, False, True, True']
"System Message:
You are an agent which task is to correct Python3 code implementing logical rules, generated by another large language model,
so that they throw no runtime errors during program execution and correspond to the logical assumptions expressed in natural language.
To perform this task you will receive a Python3 code with valid syntax, which not correspond to the logical premises and throw runtime errors,
and these logical premises expressed in natural language, which should be translated into rules in Python3 code.
Your task is to return a valid Python3 rules for a given premises, having corrected the runtime errors.
Improvements made should mainly include defining the correct number of arguments for each function according to corresponding premise
and using inside functions the proper variables, previously defined in the function declaration.
Do not make any corrections to the last function.
Please output only a valid Python code only with comments started with #.
Do not add any additional texts, tags and comments.
Be guided by the following examples:

Example 1
# If the parameter C's value is at least 20, the lowest possible value of parameter D is 40.
def r1(c: float, d: float) -> bool:
    if c >= 20 and d / c >= 0.4:
        return True
    else:
        return False

# Parameter W value should be at least the sum of parameter X, parameter Y and parameter Z.
def r2(x: float, y: float, z: float) -> bool:
    if x + y + z >= 0:
        return True
    else:
        return False

# To identify the day as abnormal, it is enough that even one or more conditions are violated.
def r3(arg1: float, arg2: float, arg3: float, arg4: float, arg5: float, arg6: float):
    return not(r1(arg1, arg2) and r2(arg3, arg4, arg5, arg6)), r1(arg1, arg2), r2(arg3, arg4, arg5, arg6)

It is supposed to translate the following example text into rules:
If the parameter C's value is at least 20, the lowest possible value of parameter D is 40.
Parameter W value should be at least the sum of parameter X, parameter Y and parameter Z.

Code after execution returns the following error:
Traceback (most recent call last):
  File ""/home/obywatelfg/Doktorat/Badania/Logic-LLM/LLM-logic/New_val_Adapt_Task2_outputs_python_no_final_rule/Llama-8/2/python_code/2_output_python.py"", line 18, in <module>
    print(r3(2226.8, 2432.3, 0.3, 0.9, 2.7, 1.0))
  File ""/home/obywatelfg/Doktorat/Badania/Logic-LLM/LLM-logic/New_val_Adapt_Task2_outputs_python_no_final_rule/Llama-8/2/python_code/2_output_python.py"", line 16, in r3
    return not(r1(arg1, arg2) and r2(arg3, arg4, arg5, arg6)), r1(arg1, arg2), r2(arg3, arg4, arg5, arg6)
TypeError: r2() takes 3 positional arguments but 4 were given

Please correct the code.

The corrected code should be the following:
# If the parameter C's value is at least 20, the lowest possible value of parameter D is 40.
def r1(c: float, d: float) -> bool:
    if c >= 20 and d / c >= 0.4:
        return True
    else:
        return False

# This function lack of parameter W in a function definition and a body, where logical rule should check the proportion between param W and sum of params x, y, z.
# Parameter W value should be at least the sum of parameter X, parameter Y and parameter Z.
def r2(x: float, y: float, z: float, w: float) -> bool:
    if x + y + z <= w:
        return True
    else:
        return False

# To identify the day as abnormal, it is enough that even one or more conditions are violated.
def r3(arg1: float, arg2: float, arg3: float, arg4: float, arg5: float, arg6: float):
    return not(r1(arg1, arg2) and r2(arg3, arg4, arg5, arg6)), r1(arg1, arg2), r2(arg3, arg4, arg5, arg6)


Example 2
# If the parameter C's value is at least 20, the lowest possible value of parameter D is 40.
def r1(c: float) -> bool:
    if c >= 40 and c >= 0.4:
        return True
    else:
        return False

# Parameter T's value shouldn't be lower than parameter P's value.
def r2(t: float, p: float) -> bool:
    if t >= p:
        return True
    else:
        return False

# To identify the day as abnormal, it is enough that even one or more conditions are violated.
def r3(arg1: float, arg2: float, arg3: float, arg4: float):
    return not(r1(arg1, arg2) and r2(arg3, arg4)), r1(arg1, arg2), r2(arg3, arg4)

It is supposed to translate the following example text into rules:
If the parameter C's value is at least 20, the lowest possible value of parameter D is 40.
Parameter T's value shouldn't be lower than parameter P's value.

Code after execution returns the following error:
Traceback (most recent call last):
  File ""/home/obywatelfg/Doktorat/Badania/Logic-LLM/LLM-logic/New_val_Adapt_Task2_outputs_python_no_final_rule/Llama-8/4/python_code/121_output_python.py"", line 32, in <module>
    print(r5(227.70000000000002, 75.9, 9.5, 1.9, 7203.1, 6652.3, 10268.5, 8400.7))
  File ""/home/obywatelfg/Doktorat/Badania/Logic-LLM/LLM-logic/New_val_Adapt_Task2_outputs_python_no_final_rule/Llama-8/4/python_code/121_output_python.py"", line 30, in r5
    return not(r1(arg1, arg2) and r2(arg3, arg4) and r3(arg5, arg6) and r4(arg7, arg8)), r1(arg1, arg2), r2(arg3, arg4), r3(arg5, arg6), r4(arg7, arg8)
TypeError: r1() takes 1 positional argument but 2 were given

Please correct the code.

The corrected code should be the following:
# If the parameter C's value is at least 20, the lowest possible value of parameter D is 40.
def r1(c: float, d: float) -> bool:
    if d / c >= 2:
        return True
    else:
        return False

# Parameter T's value shouldn't be lower than parameter P's value.
def r2(t: float, p: float) -> bool:
    if t >= p:
        return True
    else:
        return False

# To identify the day as abnormal, it is enough that even one or more conditions are violated.
def r3(arg1: float, arg2: float, arg3: float, arg4: float):
    return not(r1(arg1, arg2) and r2(arg3, arg4)), r1(arg1, arg2), r2(arg3, arg4)


The input for your task:
This is the Python3 code which not correspond to the given logical premises:
def r1(total_operation_duration: float, pto_operation_time: float) -> bool:
    if total_operation_duration >= pto_operation_time:
        return True
    else:
        return False

def r2(idle_time: float, total_operation_duration: float) -> bool:
    if idle_time <= total_operation_duration:
        return True
    else:
        return False

def r3(pto_engaged_stops: int, total_stops: int) -> bool:
    if ptos_stops <= total_stops:
        return True
    else:
        return False

def r4(load_axle1: float, load_axle2: float) -> bool:
    if load_axle1 <= load_axle2:
        return True
    else:
        return False

def r5(load_axle1: float, load_axle3: float) -> bool:
    if load_axle1 <= load_axle3:
        return True
    else:
        return False

def r6(payload: float, load_axle2: float) -> bool:
    if payload <= load_axle2:
        return True
    else:
        return False

def r7(total_operation_duration: float, pto_time: float, idle_time: float, driving_time: float) -> bool:
    if total_operation_duration >= pto_time + idle_time + driving_time:
        return True
    else:
        return False

def r8(arg1: float, arg2: float, arg3: float, arg4: float, arg5: float, arg6: float, arg7: float, arg8: float, arg9: float, arg10: float, arg11: float, arg12: float, arg13: float, arg14: float, arg15: float, arg16: float):
    return not(r1(arg1, arg2) and r2(arg3, arg4) and r3(arg5, arg6) and r4(arg7, arg8) and r5(arg9, arg10) and r6(arg11, arg12) and r7(arg13, arg14, arg15, arg16)), r1(arg1, arg2), r2(arg3, arg4), r3(arg5, arg6), r4(arg7, arg8), r5(arg9, arg10), r6(arg11, arg12), r7(arg13, arg14, arg15, arg16)

It is supposed to translate the following text into rules:
The total operation duration must not be lower than the PTO operation time.
Idle time should be less than or equal to the total operation time.
PTO-engaged stops cannot exceed the total number of stops.
The load on axle 1 must not surpass the load on axle 2.
The load carried by axle 1 must be smaller than or equal to the load on axle 3.
Payload must remain below or equal to the load carried by axle 2.
The total operation duration must always be greater than or equal to the combined time for PTO, idle, and driving.

Code after execution returns the following error:
Traceback (most recent call last):
  File ""/home/frank/Doktorat/ExKLoP/saved_outputs/Task2_syntax_outputs/Llama-8/7/python_code/265_output_python.py"", line 46, in <module>
    print(r8(5.7, 4.0, 2.0, 3.8, 110, 171, 3241.2, 3010.4, 4270.1, 2362.5, 51.6, 7.7, 2.1, 0.3, 1.0, 0.7))
  File ""/home/frank/Doktorat/ExKLoP/saved_outputs/Task2_syntax_outputs/Llama-8/7/python_code/265_output_python.py"", line 44, in r8
    return not(r1(arg1, arg2) and r2(arg3, arg4) and r3(arg5, arg6) and r4(arg7, arg8) and r5(arg9, arg10) and r6(arg11, arg12) and r7(arg13, arg14, arg15, arg16)), r1(arg1, arg2), r2(arg3, arg4), r3(arg5, arg6), r4(arg7, arg8), r5(arg9, arg10), r6(arg11, arg12), r7(arg13, arg14, arg15, arg16)
  File ""/home/frank/Doktorat/ExKLoP/saved_outputs/Task2_syntax_outputs/Llama-8/7/python_code/265_output_python.py"", line 14, in r3
    if ptos_stops <= total_stops:
NameError: name 'ptos_stops' is not defined. Did you mean: 'total_stops'?


Please correct the code.   ";"The total operation duration must not be lower than the PTO operation time.
Idle time should be less than or equal to the total operation time.
PTO-engaged stops cannot exceed the total number of stops.
The load on axle 1 must not surpass the load on axle 2.
The load carried by axle 1 must be smaller than or equal to the load on axle 3.
Payload must remain below or equal to the load carried by axle 2.
The total operation duration must always be greater than or equal to the combined time for PTO, idle, and driving.";7;[['total operation time', 'PTO operation time'], ['idle time', 'total operation time'], ['stops with PTO engaged', 'stops'], ['axle 1 load', 'axle 2 load'], ['axle 1 load', 'axle 3 load'], ['payload', 'axle 2 load'], ['total operation time', 'PTO operation time', 'idle time', 'driving time']];Llama-8;"# The total operation duration must not be lower than the PTO operation time.
def r1(total_operation_duration: float, pto_operation_time: float) -> bool:
    if total_operation_duration >= pto_operation_time:
        return True
    else:
        return False

# Idle time should be less than or equal to the total operation time.
def r2(idle_time: float, total_operation_duration: float) -> bool:
    if idle_time <= total_operation_duration:
        return True
    else:
        return False

# PTO-engaged stops cannot exceed the total number of stops.
def r3(pto_engaged_stops: int, total_stops: int) -> bool:
    if pto_engaged_stops <= total_stops:
        return True
    else:
        return False

# The load on axle 1 must not surpass the load on axle 2.
def r4(load_axle1: float, load_axle2: float) -> bool:
    if load_axle1 <= load_axle2:
        return True
    else:
        return False

# The load carried by axle 1 must be smaller than or equal to the load on axle 3.
def r5(load_axle1: float, load_axle3: float) -> bool:
    if load_axle1 <= load_axle3:
        return True
    else:
        return False

# Payload must remain below or equal to the load carried by axle 2.
def r6(payload: float, load_axle2: float) -> bool:
    if payload <= load_axle2:
        return True
    else:
        return False

# The total operation duration must always be greater than or equal to the combined time for PTO, idle, and driving.
def r7(pto_time: float, idle_time: float, driving_time: float) -> bool:
    if pto_time + idle_time + driving_time <= total_operation_duration:
        return True
    else:
        return False

# To identify the day as abnormal, it is enough that even one or more conditions are violated.
def r8(pto_operation_time: float, idle_time: float, pto_engaged_stops: int, load_axle1: float, load_axle2: float, load_axle3: float, payload: float, total_operation_duration: float, pto_time: float, idle_time2: float, driving_time: float) -> bool:
    return not(r1(total_operation_duration, pto_operation_time) and r2(idle_time, total_operation_duration) and r3(pto_engaged_stops, total_operation_duration) and r4(load_axle1, load_axle2) and r5(load_axle1, load_axle3) and r6(payload, load_axle2) and r7(pto_time, idle_time2, driving_time)), r1(total_operation_duration, pto_operation_time), r2(idle_time, total_operation_duration), r3(pto_engaged_stops, total_operation_duration), r4(load_axle1, load_axle2), r5(load_axle1, load_axle3), r6(payload, load_axle2), r7(pto_time, idle_time2, driving_time)

def r8(arg1: float, arg2: float, arg3: float, arg4: float, arg5: float, arg6: float, arg7: float, arg8: float, arg9: float, arg10: float, arg11: float, arg12: float, arg13: float, arg14: float, arg15: float, arg16: float):
    return not(r1(arg1, arg2) and r2(arg3, arg4) and r3(arg5, arg6) and r4(arg7, arg8) and r5(arg9, arg10) and r6(arg11, arg12) and r7(arg13, arg14, arg15, arg16)), r1(arg1, arg2), r2(arg3, arg4), r3(arg5, arg6), r4(arg7, arg8), r5(arg9, arg10), r6(arg11, arg12), r7(arg13, arg14, arg15, arg16)";Correct syntax;Error;"Traceback (most recent call last):
  File ""/home/frank/Doktorat/ExKLoP/saved_outputs/Task2_runtime_outputs/Llama-8/7/python_code/265_output_python.py"", line 57, in <module>
    print(r8(5.7, 4.0, 2.0, 3.8, 110, 171, 3241.2, 3010.4, 4270.1, 2362.5, 51.6, 7.7, 2.1, 0.3, 1.0, 0.7))
  File ""/home/frank/Doktorat/ExKLoP/saved_outputs/Task2_runtime_outputs/Llama-8/7/python_code/265_output_python.py"", line 55, in r8
    return not(r1(arg1, arg2) and r2(arg3, arg4) and r3(arg5, arg6) and r4(arg7, arg8) and r5(arg9, arg10) and r6(arg11, arg12) and r7(arg13, arg14, arg15, arg16)), r1(arg1, arg2), r2(arg3, arg4), r3(arg5, arg6), r4(arg7, arg8), r5(arg9, arg10), r6(arg11, arg12), r7(arg13, arg14, arg15, arg16)
TypeError: r7() takes 3 positional arguments but 4 were given
"
"System Message:
        You are a logician with a background in mathematics that translates natural language
        reasoning text to Python3 code so that these natural language reasoning problems can be solved.
        During the translation, please pay close attention to defining variables and rules.
        Do not add any comments from you.
        Be guided by the following example:
        Example input text:
        Textual context: If the parameter A's value is at least 20, the lowest possible value of parameter B is 5.
If the parameter C's value is at least 20, the lowest possible value of parameter D is 40.
Parameter E's value cannot be less than parameter F's value.
Parameter G's value cannot be less than parameter H's value.
Parameter I's value cannot be less than parameter J's value.
Parameter K's value cannot be less than parameter L's value.
Parameter M's value cannot be greater than parameter N's value.

        Example Python3 code:
        # If the parameter A's value is at least 20, the lowest possible value of parameter B is 5.
def r1(a: float, b: float) -> bool:
    if b / a >= 0.25:
        return True
    else:
        return False

# If the parameter C's value is at least 20, the lowest possible value of parameter D is 40.
def r2(c: float, d: float) -> bool:
    if d / c >= 2:
        return True
    else:
        return False

# Parameter E's value cannot be less than parameter F's value.
def r3(e: float, f: float) -> bool:
    if e >= f:
        return True
    else:
        return False

# Parameter G's value cannot be less than parameter H's value.
def r4(g: float, h: float) -> bool:
    if g >= h:
        return True
    else:
        return False

# Parameter I's value cannot be less than parameter J's value.
def r5(i: float, j: float) -> bool:
    if i >= j:
        return True
    else:
        return False

# Parameter K's value cannot be less than parameter L's value.
def r6(k: float, l: float) -> bool:
    if k >= l:
        return True
    else:
        return False

# Parameter M's value cannot be greater than parameter N's value.
def r7(m: float, n: float) -> bool:
    if m <= n:
        return True
    else:
        return False


        
Input text:
Textual context: PTO operation time cannot be greater than the total operation time.
Total operation time shouldn’t be lower than idle time.
Total operation time should shouldn’t be lower than driving time.
The payload cannot exceed the capacity of axle 2.
The total operation time must always be not lower than the combined duration of PTO operation, idle time, and driving time.";"PTO operation time cannot be greater than the total operation time.
Total operation time shouldn’t be lower than idle time.
Total operation time should shouldn’t be lower than driving time.
The payload cannot exceed the capacity of axle 2.
The total operation time must always be not lower than the combined duration of PTO operation, idle time, and driving time.";5;[['PTO operation time', 'total operation time'], ['total operation time', 'idle time'], ['total operation time', 'driving time'], ['payload', 'axle 2 load'], ['total operation time', 'PTO operation time', 'idle time', 'driving time']];Llama-8;"def r1(pto_time: float, total_time: float) -> bool:
    if pto_time <= total_time:
        return True
    else:
        return False

def r2(total_time: float, idle_time: float) -> bool:
    if total_time >= idle_time:
        return True
    else:
        return False

def r3(total_time: float, driving_time: float) -> bool:
    if total_time >= driving_time:
        return True
    else:
        return False

def r4(payload: float, axle2_capacity: float) -> bool:
    if payload <= axle2_capacity:
        return True
    else:
        return False

def r5(total_time: float, pto_time: float, idle_time: float, driving_time: float) -> bool:
    if total_time >= pto_time + idle_time + driving_time:
        return True
    else:
        return False

def r6(arg1: float, arg2: float, arg3: float, arg4: float, arg5: float, arg6: float, arg7: float, arg8: float, arg9: float, arg10: float, arg11: float, arg12: float):
    return not(r1(arg1, arg2) and r2(arg3, arg4) and r3(arg5, arg6) and r4(arg7, arg8) and r5(arg9, arg10, arg11, arg12)), r1(arg1, arg2), r2(arg3, arg4), r3(arg5, arg6), r4(arg7, arg8), r5(arg9, arg10, arg11, arg12)";Correct syntax;['True, True, True, True, False, True', 'False, True, True, True, True, True', 'True, False, False, False, True, False'];['True, True, True, True, False, True', 'False, True, True, True, True, True', 'True, False, False, False, True, False']
"System Message:
        You are a logician with a background in mathematics that translates natural language
        reasoning text to Python3 code so that these natural language reasoning problems can be solved.
        During the translation, please pay close attention to defining variables and rules.
        Do not add any comments from you.
        Be guided by the following example:
        Example input text:
        Textual context: If the parameter A's value is at least 20, the lowest possible value of parameter B is 5.
If the parameter C's value is at least 20, the lowest possible value of parameter D is 40.
Parameter E's value cannot be less than parameter F's value.
Parameter G's value cannot be less than parameter H's value.
Parameter I's value cannot be less than parameter J's value.
Parameter K's value cannot be less than parameter L's value.
Parameter M's value cannot be greater than parameter N's value.

        Example Python3 code:
        # If the parameter A's value is at least 20, the lowest possible value of parameter B is 5.
def r1(a: float, b: float) -> bool:
    if b / a >= 0.25:
        return True
    else:
        return False

# If the parameter C's value is at least 20, the lowest possible value of parameter D is 40.
def r2(c: float, d: float) -> bool:
    if d / c >= 2:
        return True
    else:
        return False

# Parameter E's value cannot be less than parameter F's value.
def r3(e: float, f: float) -> bool:
    if e >= f:
        return True
    else:
        return False

# Parameter G's value cannot be less than parameter H's value.
def r4(g: float, h: float) -> bool:
    if g >= h:
        return True
    else:
        return False

# Parameter I's value cannot be less than parameter J's value.
def r5(i: float, j: float) -> bool:
    if i >= j:
        return True
    else:
        return False

# Parameter K's value cannot be less than parameter L's value.
def r6(k: float, l: float) -> bool:
    if k >= l:
        return True
    else:
        return False

# Parameter M's value cannot be greater than parameter N's value.
def r7(m: float, n: float) -> bool:
    if m <= n:
        return True
    else:
        return False


        
Input text:
Textual context: Idle time must always be less than or equal to the total operation time.
Driving time cannot be greater than the total operation time.
Stops with PTO engaged cannot outnumber the total stops.
The load carried by axle 1 must be smaller than or equal to the load on axle 2.
The load on axle 1 must not surpass the load on axle 3.";"Idle time must always be less than or equal to the total operation time.
Driving time cannot be greater than the total operation time.
Stops with PTO engaged cannot outnumber the total stops.
The load carried by axle 1 must be smaller than or equal to the load on axle 2.
The load on axle 1 must not surpass the load on axle 3.";5;[['idle time', 'total operation time'], ['driving time', 'total operation time'], ['stops with PTO engaged', 'stops'], ['axle 1 load', 'axle 2 load'], ['axle 1 load', 'axle 3 load']];Llama-8;"def r1(idle: float, operation: float) -> bool:
    if idle <= operation:
        return True
    else:
        return False

def r2(driving: float, operation: float) -> bool:
    if driving <= operation:
        return True
    else:
        return False

def r3(pto_stops: int, total_stops: int) -> bool:
    if pto_stops <= total_stops:
        return True
    else:
        return False

def r4(axle1: float, axle2: float) -> bool:
    if axle1 <= axle2:
        return True
    else:
        return False

def r5(axle1: float, axle3: float) -> bool:
    if axle1 <= axle3:
        return True
    else:
        return False

def r6(arg1: float, arg2: float, arg3: float, arg4: float, arg5: float, arg6: float, arg7: float, arg8: float, arg9: float, arg10: float):
    return not(r1(arg1, arg2) and r2(arg3, arg4) and r3(arg5, arg6) and r4(arg7, arg8) and r5(arg9, arg10)), r1(arg1, arg2), r2(arg3, arg4), r3(arg5, arg6), r4(arg7, arg8), r5(arg9, arg10)";Correct syntax;['True, True, True, True, False, False', 'False, True, True, True, True, True', 'True, False, False, False, True, True'];['True, True, True, True, False, False', 'False, True, True, True, True, True', 'True, False, False, False, True, True']
"System Message:
        You are a logician with a background in mathematics that translates natural language
        reasoning text to Python3 code so that these natural language reasoning problems can be solved.
        During the translation, please pay close attention to defining variables and rules.
        Do not add any comments from you.
        Be guided by the following example:
        Example input text:
        Textual context: If the parameter A's value is at least 20, the lowest possible value of parameter B is 5.
If the parameter C's value is at least 20, the lowest possible value of parameter D is 40.
Parameter E's value cannot be less than parameter F's value.
Parameter G's value cannot be less than parameter H's value.
Parameter I's value cannot be less than parameter J's value.
Parameter K's value cannot be less than parameter L's value.
Parameter M's value cannot be greater than parameter N's value.

        Example Python3 code:
        # If the parameter A's value is at least 20, the lowest possible value of parameter B is 5.
def r1(a: float, b: float) -> bool:
    if b / a >= 0.25:
        return True
    else:
        return False

# If the parameter C's value is at least 20, the lowest possible value of parameter D is 40.
def r2(c: float, d: float) -> bool:
    if d / c >= 2:
        return True
    else:
        return False

# Parameter E's value cannot be less than parameter F's value.
def r3(e: float, f: float) -> bool:
    if e >= f:
        return True
    else:
        return False

# Parameter G's value cannot be less than parameter H's value.
def r4(g: float, h: float) -> bool:
    if g >= h:
        return True
    else:
        return False

# Parameter I's value cannot be less than parameter J's value.
def r5(i: float, j: float) -> bool:
    if i >= j:
        return True
    else:
        return False

# Parameter K's value cannot be less than parameter L's value.
def r6(k: float, l: float) -> bool:
    if k >= l:
        return True
    else:
        return False

# Parameter M's value cannot be greater than parameter N's value.
def r7(m: float, n: float) -> bool:
    if m <= n:
        return True
    else:
        return False


        
Input text:
Textual context: The total operation duration must not be lower than the PTO operation time.
Idle time should be less than or equal to the total operation time.
The total operation durationmust not be lower than the driving time.
Stops with PTO engaged cannot outnumber the total stops.
The load on axle 1 must not surpass the load on axle 2.
Axle 1's load cannot exceed Axle 3's load.";"The total operation duration must not be lower than the PTO operation time.
Idle time should be less than or equal to the total operation time.
The total operation durationmust not be lower than the driving time.
Stops with PTO engaged cannot outnumber the total stops.
The load on axle 1 must not surpass the load on axle 2.
Axle 1's load cannot exceed Axle 3's load.";6;[['total operation time', 'PTO operation time'], ['idle time', 'total operation time'], ['total operation time', 'driving time'], ['stops with PTO engaged', 'stops'], ['axle 1 load', 'axle 2 load'], ['axle 1 load', 'axle 3 load']];Llama-8;"def r1(total_operation_time: float, pto_operation_time: float) -> bool:
    if total_operation_time >= pto_operation_time:
        return True
    else:
        return False

def r2(idle_time: float, total_operation_time: float) -> bool:
    if idle_time <= total_operation_time:
        return True
    else:
        return False

def r3(total_operation_time: float, driving_time: float) -> bool:
    if total_operation_time >= driving_time:
        return True
    else:
        return False

def r4(pto_stops: int, total_stops: int) -> bool:
    if pto_stops <= total_stops:
        return True
    else:
        return False

def r5(axle1_load: float, axle2_load: float) -> bool:
    if axle1_load <= axle2_load:
        return True
    else:
        return False

def r6(axle1_load: float, axle3_load: float) -> bool:
    if axle1_load <= axle3_load:
        return True
    else:
        return False

def r7(arg1: float, arg2: float, arg3: float, arg4: float, arg5: float, arg6: float, arg7: float, arg8: float, arg9: float, arg10: float, arg11: float, arg12: float):
    return not(r1(arg1, arg2) and r2(arg3, arg4) and r3(arg5, arg6) and r4(arg7, arg8) and r5(arg9, arg10) and r6(arg11, arg12)), r1(arg1, arg2), r2(arg3, arg4), r3(arg5, arg6), r4(arg7, arg8), r5(arg9, arg10), r6(arg11, arg12)";Correct syntax;['True, True, True, True, True, False, False', 'False, True, True, True, True, True, True', 'True, False, False, False, False, True, True'];['True, True, True, True, True, False, False', 'False, True, True, True, True, True, True', 'True, False, False, False, False, True, True']
"System Message:
        You are a logician with a background in mathematics that translates natural language
        reasoning text to Python3 code so that these natural language reasoning problems can be solved.
        During the translation, please pay close attention to defining variables and rules.
        Do not add any comments from you.
        Be guided by the following example:
        Example input text:
        Textual context: If the parameter A's value is at least 20, the lowest possible value of parameter B is 5.
If the parameter C's value is at least 20, the lowest possible value of parameter D is 40.
Parameter E's value cannot be less than parameter F's value.
Parameter G's value cannot be less than parameter H's value.
Parameter I's value cannot be less than parameter J's value.
Parameter K's value cannot be less than parameter L's value.
Parameter M's value cannot be greater than parameter N's value.

        Example Python3 code:
        # If the parameter A's value is at least 20, the lowest possible value of parameter B is 5.
def r1(a: float, b: float) -> bool:
    if b / a >= 0.25:
        return True
    else:
        return False

# If the parameter C's value is at least 20, the lowest possible value of parameter D is 40.
def r2(c: float, d: float) -> bool:
    if d / c >= 2:
        return True
    else:
        return False

# Parameter E's value cannot be less than parameter F's value.
def r3(e: float, f: float) -> bool:
    if e >= f:
        return True
    else:
        return False

# Parameter G's value cannot be less than parameter H's value.
def r4(g: float, h: float) -> bool:
    if g >= h:
        return True
    else:
        return False

# Parameter I's value cannot be less than parameter J's value.
def r5(i: float, j: float) -> bool:
    if i >= j:
        return True
    else:
        return False

# Parameter K's value cannot be less than parameter L's value.
def r6(k: float, l: float) -> bool:
    if k >= l:
        return True
    else:
        return False

# Parameter M's value cannot be greater than parameter N's value.
def r7(m: float, n: float) -> bool:
    if m <= n:
        return True
    else:
        return False


        
Input text:
Textual context: PTO operation time should be less than or equal to the total operation time.
Idle time cannot be greater than the total operation time.
Driving time should be less than or equal to the total operation time.
Stops with PTO engaged should never outnumber total stops.
Axle 1's load cannot exceed Axle 2's load.
Payload must remain below or equal to the load carried by axle 2.";"PTO operation time should be less than or equal to the total operation time.
Idle time cannot be greater than the total operation time.
Driving time should be less than or equal to the total operation time.
Stops with PTO engaged should never outnumber total stops.
Axle 1's load cannot exceed Axle 2's load.
Payload must remain below or equal to the load carried by axle 2.";6;[['PTO operation time', 'total operation time'], ['idle time', 'total operation time'], ['driving time', 'total operation time'], ['stops with PTO engaged', 'stops'], ['axle 1 load', 'axle 2 load'], ['payload', 'axle 2 load']];Llama-8;"def r1(pto: float, total: float) -> bool:
    if pto <= total:
        return True
    else:
        return False

def r2(idle: float, total: float) -> bool:
    if idle <= total:
        return True
    else:
        return False

def r3(driving: float, total: float) -> bool:
    if driving <= total:
        return True
    else:
        return False

def r4(pto_stops: int, total_stops: int) -> bool:
    if pto_stops <= total_stops:
        return True
    else:
        return False

def r5(axle1: float, axle2: float) -> bool:
    if axle1 <= axle2:
        return True
    else:
        return False

def r6(payload: float, axle2: float) -> bool:
    if payload <= axle2:
        return True
    else:
        return False

def r7(arg1: float, arg2: float, arg3: float, arg4: float, arg5: float, arg6: float, arg7: float, arg8: float, arg9: float, arg10: float, arg11: float, arg12: float):
    return not(r1(arg1, arg2) and r2(arg3, arg4) and r3(arg5, arg6) and r4(arg7, arg8) and r5(arg9, arg10) and r6(arg11, arg12)), r1(arg1, arg2), r2(arg3, arg4), r3(arg5, arg6), r4(arg7, arg8), r5(arg9, arg10), r6(arg11, arg12)";Correct syntax;['True, True, True, True, True, False, False', 'False, True, True, True, True, True, True', 'True, False, False, False, False, True, True'];['True, True, True, True, True, False, False', 'False, True, True, True, True, True, True', 'True, False, False, False, False, True, True']
"System Message:
        You are a logician with a background in mathematics that translates natural language
        reasoning text to Python3 code so that these natural language reasoning problems can be solved.
        During the translation, please pay close attention to defining variables and rules.
        Do not add any comments from you.
        Be guided by the following example:
        Example input text:
        Textual context: If the parameter A's value is at least 20, the lowest possible value of parameter B is 5.
If the parameter C's value is at least 20, the lowest possible value of parameter D is 40.
Parameter E's value cannot be less than parameter F's value.
Parameter G's value cannot be less than parameter H's value.
Parameter I's value cannot be less than parameter J's value.
Parameter K's value cannot be less than parameter L's value.
Parameter M's value cannot be greater than parameter N's value.

        Example Python3 code:
        # If the parameter A's value is at least 20, the lowest possible value of parameter B is 5.
def r1(a: float, b: float) -> bool:
    if b / a >= 0.25:
        return True
    else:
        return False

# If the parameter C's value is at least 20, the lowest possible value of parameter D is 40.
def r2(c: float, d: float) -> bool:
    if d / c >= 2:
        return True
    else:
        return False

# Parameter E's value cannot be less than parameter F's value.
def r3(e: float, f: float) -> bool:
    if e >= f:
        return True
    else:
        return False

# Parameter G's value cannot be less than parameter H's value.
def r4(g: float, h: float) -> bool:
    if g >= h:
        return True
    else:
        return False

# Parameter I's value cannot be less than parameter J's value.
def r5(i: float, j: float) -> bool:
    if i >= j:
        return True
    else:
        return False

# Parameter K's value cannot be less than parameter L's value.
def r6(k: float, l: float) -> bool:
    if k >= l:
        return True
    else:
        return False

# Parameter M's value cannot be greater than parameter N's value.
def r7(m: float, n: float) -> bool:
    if m <= n:
        return True
    else:
        return False


        
Input text:
Textual context: PTO operation time must be less than or equal to the total operation time.
Idle time cannot be greater than the total operation time.
Driving time must always be less than or equal to the total operation time.
Stops with PTO engaged should never outnumber total stops.
The payload must not exceed the load carried by axle 2.
The payload cannot exceed the capacity of axle 3.";"PTO operation time must be less than or equal to the total operation time.
Idle time cannot be greater than the total operation time.
Driving time must always be less than or equal to the total operation time.
Stops with PTO engaged should never outnumber total stops.
The payload must not exceed the load carried by axle 2.
The payload cannot exceed the capacity of axle 3.";6;[['PTO operation time', 'total operation time'], ['idle time', 'total operation time'], ['driving time', 'total operation time'], ['stops with PTO engaged', 'stops'], ['payload', 'axle 2 load'], ['payload', 'axle 3 load']];Llama-8;"def r1(pto: float, total: float) -> bool:
    if pto <= total:
        return True
    else:
        return False

def r2(idle: float, total: float) -> bool:
    if idle <= total:
        return True
    else:
        return False

def r3(driving: float, total: float) -> bool:
    if driving <= total:
        return True
    else:
        return False

def r4(pto_stops: int, total_stops: int) -> bool:
    if pto_stops <= total_stops:
        return True
    else:
        return False

def r5(payload: float, axle2: float) -> bool:
    if payload <= axle2:
        return True
    else:
        return False

def r6(payload: float, axle3: float) -> bool:
    if payload <= axle3:
        return True
    else:
        return False

def r7(arg1: float, arg2: float, arg3: float, arg4: float, arg5: float, arg6: float, arg7: float, arg8: float, arg9: float, arg10: float, arg11: float, arg12: float):
    return not(r1(arg1, arg2) and r2(arg3, arg4) and r3(arg5, arg6) and r4(arg7, arg8) and r5(arg9, arg10) and r6(arg11, arg12)), r1(arg1, arg2), r2(arg3, arg4), r3(arg5, arg6), r4(arg7, arg8), r5(arg9, arg10), r6(arg11, arg12)";Correct syntax;['True, True, True, True, True, False, False', 'False, True, True, True, True, True, True', 'True, False, False, False, False, True, True'];['True, True, True, True, True, False, False', 'False, True, True, True, True, True, True', 'True, False, False, False, False, True, True']
"System Message:
You are an agent which task is to correct Python3 code implementing logical rules, generated by another large language model,
so that they throw no runtime errors during program execution and correspond to the logical assumptions expressed in natural language.
To perform this task you will receive a Python3 code with valid syntax, which not correspond to the logical premises and throw runtime errors,
and these logical premises expressed in natural language, which should be translated into rules in Python3 code.
Your task is to return a valid Python3 rules for a given premises, having corrected the runtime errors.
Improvements made should mainly include defining the correct number of arguments for each function according to corresponding premise
and using inside functions the proper variables, previously defined in the function declaration.
Do not make any corrections to the last function.
Please output only a valid Python code only with comments started with #.
Do not add any additional texts, tags and comments.
Be guided by the following examples:

Example 1
# If the parameter C's value is at least 20, the lowest possible value of parameter D is 40.
def r1(c: float, d: float) -> bool:
    if c >= 20 and d / c >= 0.4:
        return True
    else:
        return False

# Parameter W value should be at least the sum of parameter X, parameter Y and parameter Z.
def r2(x: float, y: float, z: float) -> bool:
    if x + y + z >= 0:
        return True
    else:
        return False

# To identify the day as abnormal, it is enough that even one or more conditions are violated.
def r3(arg1: float, arg2: float, arg3: float, arg4: float, arg5: float, arg6: float):
    return not(r1(arg1, arg2) and r2(arg3, arg4, arg5, arg6)), r1(arg1, arg2), r2(arg3, arg4, arg5, arg6)

It is supposed to translate the following example text into rules:
If the parameter C's value is at least 20, the lowest possible value of parameter D is 40.
Parameter W value should be at least the sum of parameter X, parameter Y and parameter Z.

Code after execution returns the following error:
Traceback (most recent call last):
  File ""/home/obywatelfg/Doktorat/Badania/Logic-LLM/LLM-logic/New_val_Adapt_Task2_outputs_python_no_final_rule/Llama-8/2/python_code/2_output_python.py"", line 18, in <module>
    print(r3(2226.8, 2432.3, 0.3, 0.9, 2.7, 1.0))
  File ""/home/obywatelfg/Doktorat/Badania/Logic-LLM/LLM-logic/New_val_Adapt_Task2_outputs_python_no_final_rule/Llama-8/2/python_code/2_output_python.py"", line 16, in r3
    return not(r1(arg1, arg2) and r2(arg3, arg4, arg5, arg6)), r1(arg1, arg2), r2(arg3, arg4, arg5, arg6)
TypeError: r2() takes 3 positional arguments but 4 were given

Please correct the code.

The corrected code should be the following:
# If the parameter C's value is at least 20, the lowest possible value of parameter D is 40.
def r1(c: float, d: float) -> bool:
    if c >= 20 and d / c >= 0.4:
        return True
    else:
        return False

# This function lack of parameter W in a function definition and a body, where logical rule should check the proportion between param W and sum of params x, y, z.
# Parameter W value should be at least the sum of parameter X, parameter Y and parameter Z.
def r2(x: float, y: float, z: float, w: float) -> bool:
    if x + y + z <= w:
        return True
    else:
        return False

# To identify the day as abnormal, it is enough that even one or more conditions are violated.
def r3(arg1: float, arg2: float, arg3: float, arg4: float, arg5: float, arg6: float):
    return not(r1(arg1, arg2) and r2(arg3, arg4, arg5, arg6)), r1(arg1, arg2), r2(arg3, arg4, arg5, arg6)


Example 2
# If the parameter C's value is at least 20, the lowest possible value of parameter D is 40.
def r1(c: float) -> bool:
    if c >= 40 and c >= 0.4:
        return True
    else:
        return False

# Parameter T's value shouldn't be lower than parameter P's value.
def r2(t: float, p: float) -> bool:
    if t >= p:
        return True
    else:
        return False

# To identify the day as abnormal, it is enough that even one or more conditions are violated.
def r3(arg1: float, arg2: float, arg3: float, arg4: float):
    return not(r1(arg1, arg2) and r2(arg3, arg4)), r1(arg1, arg2), r2(arg3, arg4)

It is supposed to translate the following example text into rules:
If the parameter C's value is at least 20, the lowest possible value of parameter D is 40.
Parameter T's value shouldn't be lower than parameter P's value.

Code after execution returns the following error:
Traceback (most recent call last):
  File ""/home/obywatelfg/Doktorat/Badania/Logic-LLM/LLM-logic/New_val_Adapt_Task2_outputs_python_no_final_rule/Llama-8/4/python_code/121_output_python.py"", line 32, in <module>
    print(r5(227.70000000000002, 75.9, 9.5, 1.9, 7203.1, 6652.3, 10268.5, 8400.7))
  File ""/home/obywatelfg/Doktorat/Badania/Logic-LLM/LLM-logic/New_val_Adapt_Task2_outputs_python_no_final_rule/Llama-8/4/python_code/121_output_python.py"", line 30, in r5
    return not(r1(arg1, arg2) and r2(arg3, arg4) and r3(arg5, arg6) and r4(arg7, arg8)), r1(arg1, arg2), r2(arg3, arg4), r3(arg5, arg6), r4(arg7, arg8)
TypeError: r1() takes 1 positional argument but 2 were given

Please correct the code.

The corrected code should be the following:
# If the parameter C's value is at least 20, the lowest possible value of parameter D is 40.
def r1(c: float, d: float) -> bool:
    if d / c >= 2:
        return True
    else:
        return False

# Parameter T's value shouldn't be lower than parameter P's value.
def r2(t: float, p: float) -> bool:
    if t >= p:
        return True
    else:
        return False

# To identify the day as abnormal, it is enough that even one or more conditions are violated.
def r3(arg1: float, arg2: float, arg3: float, arg4: float):
    return not(r1(arg1, arg2) and r2(arg3, arg4)), r1(arg1, arg2), r2(arg3, arg4)


The input for your task:
This is the Python3 code which not correspond to the given logical premises:
def r1(total_operation_time: float, idle_time: float) -> bool:
    if total_operation_time >= idle_time:
        return True
    else:
        return False

def r2(driving_time: float, total_operation_time: float) -> bool:
    if driving_time <= total_operation_time:
        return True
    else:
        return False

def r3(pto_engaged_stops: int, total_stops: int) -> bool:
    if ptos_stops <= total_stops:
        return True
    else:
        return False

def r4(axle1_weight: float, axle2_weight: float) -> bool:
    if axle1_weight <= axle2_weight:
        return True
    else:
        return False

def r5(axle1_weight: float, axle3_weight: float) -> bool:
    if axle1_weight <= axle3_weight:
        return True
    else:
        return False

def r6(payload: float, axle3_capacity: float) -> bool:
    if payload <= axle3_capacity:
        return True
    else:
        return False

def r7(pto_operation_time: float, idle_time: float, driving_time: float, total_operation_time: float) -> bool:
    if pto_operation_time + idle_time + driving_time <= total_operation_time:
        return True
    else:
        return False

def r8(arg1: float, arg2: float, arg3: float, arg4: float, arg5: float, arg6: float, arg7: float, arg8: float, arg9: float, arg10: float, arg11: float, arg12: float, arg13: float, arg14: float, arg15: float, arg16: float):
    return not(r1(arg1, arg2) and r2(arg3, arg4) and r3(arg5, arg6) and r4(arg7, arg8) and r5(arg9, arg10) and r6(arg11, arg12) and r7(arg13, arg14, arg15, arg16)), r1(arg1, arg2), r2(arg3, arg4), r3(arg5, arg6), r4(arg7, arg8), r5(arg9, arg10), r6(arg11, arg12), r7(arg13, arg14, arg15, arg16)

It is supposed to translate the following text into rules:
Total operation time shouldn’t be lower than idle time.
Driving time must always be less than or equal to the total operation time.
PTO-engaged stops cannot exceed the total number of stops.
The weight on axle 1 cannot surpass the weight on axle 2.
The weight on axle 1 cannot surpass the weight on axle 3.
The payload cannot exceed the capacity of axle 3.
The combined time for PTO operation, idle time, and driving time must not surpass the total operation time.

Code after execution returns the following error:
Traceback (most recent call last):
  File ""/home/frank/Doktorat/ExKLoP/saved_outputs/Task2_syntax_outputs/Llama-8/7/python_code/271_output_python.py"", line 46, in <module>
    print(r8(3.8, 2.0, 3.2, 8.6, 110, 171, 3241.2, 3010.4, 4270.1, 2362.5, 7094.8, 1093.9, 0.3, 1.0, 0.7, 2.1))
  File ""/home/frank/Doktorat/ExKLoP/saved_outputs/Task2_syntax_outputs/Llama-8/7/python_code/271_output_python.py"", line 44, in r8
    return not(r1(arg1, arg2) and r2(arg3, arg4) and r3(arg5, arg6) and r4(arg7, arg8) and r5(arg9, arg10) and r6(arg11, arg12) and r7(arg13, arg14, arg15, arg16)), r1(arg1, arg2), r2(arg3, arg4), r3(arg5, arg6), r4(arg7, arg8), r5(arg9, arg10), r6(arg11, arg12), r7(arg13, arg14, arg15, arg16)
  File ""/home/frank/Doktorat/ExKLoP/saved_outputs/Task2_syntax_outputs/Llama-8/7/python_code/271_output_python.py"", line 14, in r3
    if ptos_stops <= total_stops:
NameError: name 'ptos_stops' is not defined. Did you mean: 'total_stops'?


Please correct the code.   ";"Total operation time shouldn’t be lower than idle time.
Driving time must always be less than or equal to the total operation time.
PTO-engaged stops cannot exceed the total number of stops.
The weight on axle 1 cannot surpass the weight on axle 2.
The weight on axle 1 cannot surpass the weight on axle 3.
The payload cannot exceed the capacity of axle 3.
The combined time for PTO operation, idle time, and driving time must not surpass the total operation time.";7;[['total operation time', 'idle time'], ['driving time', 'total operation time'], ['stops with PTO engaged', 'stops'], ['axle 1 load', 'axle 2 load'], ['axle 1 load', 'axle 3 load'], ['payload', 'axle 3 load'], ['PTO operation time', 'idle time', 'driving time', 'total operation time']];Llama-8;"def r1(total_operation_time: float, idle_time: float) -> bool:
    if total_operation_time >= idle_time:
        return True
    else:
        return False

def r2(driving_time: float, total_operation_time: float) -> bool:
    if driving_time <= total_operation_time:
        return True
    else:
        return False

def r3(pto_engaged_stops: int, total_stops: int) -> bool:
    if pto_engaged_stops <= total_stops:
        return True
    else:
        return False

def r4(axle1_weight: float, axle2_weight: float) -> bool:
    if axle1_weight <= axle2_weight:
        return True
    else:
        return False

def r5(axle1_weight: float, axle3_weight: float) -> bool:
    if axle1_weight <= axle3_weight:
        return True
    else:
        return False

def r6(payload: float, axle3_capacity: float) -> bool:
    if payload <= axle3_capacity:
        return True
    else:
        return False

def r7(pto_operation_time: float, idle_time: float, driving_time: float, total_operation_time: float) -> bool:
    if pto_operation_time + idle_time + driving_time <= total_operation_time:
        return True
    else:
        return False

def r8(arg1: float, arg2: float, arg3: float, arg4: float, arg5: float, arg6: float, arg7: float, arg8: float, arg9: float, arg10: float, arg11: float, arg12: float, arg13: float, arg14: float, arg15: float, arg16: float):
    return not(r1(arg1, arg2) and r2(arg3, arg4) and r3(arg5, arg6) and r4(arg7, arg8) and r5(arg9, arg10) and r6(arg11, arg12) and r7(arg13, arg14, arg15, arg16)), r1(arg1, arg2), r2(arg3, arg4), r3(arg5, arg6), r4(arg7, arg8), r5(arg9, arg10), r6(arg11, arg12), r7(arg13, arg14, arg15, arg16)";Correct syntax;['True, True, True, True, False, False, False, True', 'False, True, True, True, True, True, True, True', 'True, False, False, False, True, True, True, False'];['True, True, True, True, False, False, False, True', 'False, True, True, True, True, True, True, True', 'True, False, False, False, True, True, True, False']
"System Message:
        You are a logician with a background in mathematics that translates natural language
        reasoning text to Python3 code so that these natural language reasoning problems can be solved.
        During the translation, please pay close attention to defining variables and rules.
        Do not add any comments from you.
        Be guided by the following example:
        Example input text:
        Textual context: If the parameter A's value is at least 20, the lowest possible value of parameter B is 5.
If the parameter C's value is at least 20, the lowest possible value of parameter D is 40.
Parameter E's value cannot be less than parameter F's value.
Parameter G's value cannot be less than parameter H's value.
Parameter I's value cannot be less than parameter J's value.
Parameter K's value cannot be less than parameter L's value.
Parameter M's value cannot be greater than parameter N's value.

        Example Python3 code:
        # If the parameter A's value is at least 20, the lowest possible value of parameter B is 5.
def r1(a: float, b: float) -> bool:
    if b / a >= 0.25:
        return True
    else:
        return False

# If the parameter C's value is at least 20, the lowest possible value of parameter D is 40.
def r2(c: float, d: float) -> bool:
    if d / c >= 2:
        return True
    else:
        return False

# Parameter E's value cannot be less than parameter F's value.
def r3(e: float, f: float) -> bool:
    if e >= f:
        return True
    else:
        return False

# Parameter G's value cannot be less than parameter H's value.
def r4(g: float, h: float) -> bool:
    if g >= h:
        return True
    else:
        return False

# Parameter I's value cannot be less than parameter J's value.
def r5(i: float, j: float) -> bool:
    if i >= j:
        return True
    else:
        return False

# Parameter K's value cannot be less than parameter L's value.
def r6(k: float, l: float) -> bool:
    if k >= l:
        return True
    else:
        return False

# Parameter M's value cannot be greater than parameter N's value.
def r7(m: float, n: float) -> bool:
    if m <= n:
        return True
    else:
        return False


        
Input text:
Textual context: PTO operation time cannot be greater than the total operation time.
The total operation duration must not be lower than the idle time.
Stops with PTO engaged should never outnumber total stops.
The load carried by axle 1 must be smaller than or equal to the load on axle 2.
Axle 3's load must always be equal to or greater than the payload.
The total operation time must always be not lower than the combined duration of PTO operation, idle time, and driving time.";"PTO operation time cannot be greater than the total operation time.
The total operation duration must not be lower than the idle time.
Stops with PTO engaged should never outnumber total stops.
The load carried by axle 1 must be smaller than or equal to the load on axle 2.
Axle 3's load must always be equal to or greater than the payload.
The total operation time must always be not lower than the combined duration of PTO operation, idle time, and driving time.";6;[['PTO operation time', 'total operation time'], ['total operation time', 'idle time'], ['stops with PTO engaged', 'stops'], ['axle 1 load', 'axle 2 load'], ['axle 3 load', 'payload'], ['total operation time', 'PTO operation time', 'idle time', 'driving time']];Llama-8;"def r1(pto_operation_time: float, total_operation_time: float) -> bool:
    if pto_operation_time <= total_operation_time:
        return True
    else:
        return False

def r2(total_operation_time: float, idle_time: float) -> bool:
    if total_operation_time >= idle_time:
        return True
    else:
        return False

def r3(pto_stops: int, total_stops: int) -> bool:
    if pto_stops <= total_stops:
        return True
    else:
        return False

def r4(axle1_load: float, axle2_load: float) -> bool:
    if axle1_load <= axle2_load:
        return True
    else:
        return False

def r5(axle3_load: float, payload: float) -> bool:
    if axle3_load >= payload:
        return True
    else:
        return False

def r6(total_operation_time: float, pto_operation_time: float, idle_time: float, driving_time: float) -> bool:
    if total_operation_time >= pto_operation_time + idle_time + driving_time:
        return True
    else:
        return False

def r7(arg1: float, arg2: float, arg3: float, arg4: float, arg5: float, arg6: float, arg7: float, arg8: float, arg9: float, arg10: float, arg11: float, arg12: float, arg13: float, arg14: float):
    return not(r1(arg1, arg2) and r2(arg3, arg4) and r3(arg5, arg6) and r4(arg7, arg8) and r5(arg9, arg10) and r6(arg11, arg12, arg13, arg14)), r1(arg1, arg2), r2(arg3, arg4), r3(arg5, arg6), r4(arg7, arg8), r5(arg9, arg10), r6(arg11, arg12, arg13, arg14)";Correct syntax;['True, True, True, True, False, False, True', 'False, True, True, True, True, True, True', 'True, False, False, False, True, True, False'];['True, True, True, True, False, False, True', 'False, True, True, True, True, True, True', 'True, False, False, False, True, True, False']
"System Message:
        You are a logician with a background in mathematics that translates natural language
        reasoning text to Python3 code so that these natural language reasoning problems can be solved.
        During the translation, please pay close attention to defining variables and rules.
        Do not add any comments from you.
        Be guided by the following example:
        Example input text:
        Textual context: If the parameter A's value is at least 20, the lowest possible value of parameter B is 5.
If the parameter C's value is at least 20, the lowest possible value of parameter D is 40.
Parameter E's value cannot be less than parameter F's value.
Parameter G's value cannot be less than parameter H's value.
Parameter I's value cannot be less than parameter J's value.
Parameter K's value cannot be less than parameter L's value.
Parameter M's value cannot be greater than parameter N's value.

        Example Python3 code:
        # If the parameter A's value is at least 20, the lowest possible value of parameter B is 5.
def r1(a: float, b: float) -> bool:
    if b / a >= 0.25:
        return True
    else:
        return False

# If the parameter C's value is at least 20, the lowest possible value of parameter D is 40.
def r2(c: float, d: float) -> bool:
    if d / c >= 2:
        return True
    else:
        return False

# Parameter E's value cannot be less than parameter F's value.
def r3(e: float, f: float) -> bool:
    if e >= f:
        return True
    else:
        return False

# Parameter G's value cannot be less than parameter H's value.
def r4(g: float, h: float) -> bool:
    if g >= h:
        return True
    else:
        return False

# Parameter I's value cannot be less than parameter J's value.
def r5(i: float, j: float) -> bool:
    if i >= j:
        return True
    else:
        return False

# Parameter K's value cannot be less than parameter L's value.
def r6(k: float, l: float) -> bool:
    if k >= l:
        return True
    else:
        return False

# Parameter M's value cannot be greater than parameter N's value.
def r7(m: float, n: float) -> bool:
    if m <= n:
        return True
    else:
        return False


        
Input text:
Textual context: The total operation duration must not be lower than the PTO operation time.
Total operation time should shouldn’t be lower than driving time.
Axle 1's load cannot exceed Axle 2's load.
Axle 1's load cannot exceed Axle 3's load.
Axle 3's load must always be equal to or greater than the payload.
Total operation time should be at least the sum of PTO, idle, and driving times.";"The total operation duration must not be lower than the PTO operation time.
Total operation time should shouldn’t be lower than driving time.
Axle 1's load cannot exceed Axle 2's load.
Axle 1's load cannot exceed Axle 3's load.
Axle 3's load must always be equal to or greater than the payload.
Total operation time should be at least the sum of PTO, idle, and driving times.";6;[['total operation time', 'PTO operation time'], ['total operation time', 'driving time'], ['axle 1 load', 'axle 2 load'], ['axle 1 load', 'axle 3 load'], ['axle 3 load', 'payload'], ['total operation time', 'PTO operation time', 'idle time', 'driving time']];Llama-8;"def r1(total_operation_time: float, pto_operation_time: float) -> bool:
    if total_operation_time >= pto_operation_time:
        return True
    else:
        return False

def r2(total_operation_time: float, driving_time: float) -> bool:
    if total_operation_time >= driving_time:
        return True
    else:
        return False

def r3(axle1_load: float, axle2_load: float) -> bool:
    if axle1_load <= axle2_load:
        return True
    else:
        return False

def r4(axle1_load: float, axle3_load: float) -> bool:
    if axle1_load <= axle3_load:
        return True
    else:
        return False

def r5(axle3_load: float, payload: float) -> bool:
    if axle3_load >= payload:
        return True
    else:
        return False

def r6(total_operation_time: float, pto_operation_time: float, idle_time: float, driving_time: float) -> bool:
    if total_operation_time >= pto_operation_time + idle_time + driving_time:
        return True
    else:
        return False

def r7(arg1: float, arg2: float, arg3: float, arg4: float, arg5: float, arg6: float, arg7: float, arg8: float, arg9: float, arg10: float, arg11: float, arg12: float, arg13: float, arg14: float):
    return not(r1(arg1, arg2) and r2(arg3, arg4) and r3(arg5, arg6) and r4(arg7, arg8) and r5(arg9, arg10) and r6(arg11, arg12, arg13, arg14)), r1(arg1, arg2), r2(arg3, arg4), r3(arg5, arg6), r4(arg7, arg8), r5(arg9, arg10), r6(arg11, arg12, arg13, arg14)";Correct syntax;['True, True, True, False, False, False, True', 'False, True, True, True, True, True, True', 'True, False, False, True, True, True, False'];['True, True, True, False, False, False, True', 'False, True, True, True, True, True, True', 'True, False, False, True, True, True, False']
"System Message:
You are an agent which task is to correct Python3 code implementing logical rules, generated by another large language model,
so that they throw no runtime errors during program execution and correspond to the logical assumptions expressed in natural language.
To perform this task you will receive a Python3 code with valid syntax, which not correspond to the logical premises and throw runtime errors,
and these logical premises expressed in natural language, which should be translated into rules in Python3 code.
Your task is to return a valid Python3 rules for a given premises, having corrected the runtime errors.
Improvements made should mainly include defining the correct number of arguments for each function according to corresponding premise
and using inside functions the proper variables, previously defined in the function declaration.
Do not make any corrections to the last function.
Please output only a valid Python code only with comments started with #.
Do not add any additional texts, tags and comments.
Be guided by the following examples:

Example 1
# If the parameter C's value is at least 20, the lowest possible value of parameter D is 40.
def r1(c: float, d: float) -> bool:
    if c >= 20 and d / c >= 0.4:
        return True
    else:
        return False

# Parameter W value should be at least the sum of parameter X, parameter Y and parameter Z.
def r2(x: float, y: float, z: float) -> bool:
    if x + y + z >= 0:
        return True
    else:
        return False

# To identify the day as abnormal, it is enough that even one or more conditions are violated.
def r3(arg1: float, arg2: float, arg3: float, arg4: float, arg5: float, arg6: float):
    return not(r1(arg1, arg2) and r2(arg3, arg4, arg5, arg6)), r1(arg1, arg2), r2(arg3, arg4, arg5, arg6)

It is supposed to translate the following example text into rules:
If the parameter C's value is at least 20, the lowest possible value of parameter D is 40.
Parameter W value should be at least the sum of parameter X, parameter Y and parameter Z.

Code after execution returns the following error:
Traceback (most recent call last):
  File ""/home/obywatelfg/Doktorat/Badania/Logic-LLM/LLM-logic/New_val_Adapt_Task2_outputs_python_no_final_rule/Llama-8/2/python_code/2_output_python.py"", line 18, in <module>
    print(r3(2226.8, 2432.3, 0.3, 0.9, 2.7, 1.0))
  File ""/home/obywatelfg/Doktorat/Badania/Logic-LLM/LLM-logic/New_val_Adapt_Task2_outputs_python_no_final_rule/Llama-8/2/python_code/2_output_python.py"", line 16, in r3
    return not(r1(arg1, arg2) and r2(arg3, arg4, arg5, arg6)), r1(arg1, arg2), r2(arg3, arg4, arg5, arg6)
TypeError: r2() takes 3 positional arguments but 4 were given

Please correct the code.

The corrected code should be the following:
# If the parameter C's value is at least 20, the lowest possible value of parameter D is 40.
def r1(c: float, d: float) -> bool:
    if c >= 20 and d / c >= 0.4:
        return True
    else:
        return False

# This function lack of parameter W in a function definition and a body, where logical rule should check the proportion between param W and sum of params x, y, z.
# Parameter W value should be at least the sum of parameter X, parameter Y and parameter Z.
def r2(x: float, y: float, z: float, w: float) -> bool:
    if x + y + z <= w:
        return True
    else:
        return False

# To identify the day as abnormal, it is enough that even one or more conditions are violated.
def r3(arg1: float, arg2: float, arg3: float, arg4: float, arg5: float, arg6: float):
    return not(r1(arg1, arg2) and r2(arg3, arg4, arg5, arg6)), r1(arg1, arg2), r2(arg3, arg4, arg5, arg6)


Example 2
# If the parameter C's value is at least 20, the lowest possible value of parameter D is 40.
def r1(c: float) -> bool:
    if c >= 40 and c >= 0.4:
        return True
    else:
        return False

# Parameter T's value shouldn't be lower than parameter P's value.
def r2(t: float, p: float) -> bool:
    if t >= p:
        return True
    else:
        return False

# To identify the day as abnormal, it is enough that even one or more conditions are violated.
def r3(arg1: float, arg2: float, arg3: float, arg4: float):
    return not(r1(arg1, arg2) and r2(arg3, arg4)), r1(arg1, arg2), r2(arg3, arg4)

It is supposed to translate the following example text into rules:
If the parameter C's value is at least 20, the lowest possible value of parameter D is 40.
Parameter T's value shouldn't be lower than parameter P's value.

Code after execution returns the following error:
Traceback (most recent call last):
  File ""/home/obywatelfg/Doktorat/Badania/Logic-LLM/LLM-logic/New_val_Adapt_Task2_outputs_python_no_final_rule/Llama-8/4/python_code/121_output_python.py"", line 32, in <module>
    print(r5(227.70000000000002, 75.9, 9.5, 1.9, 7203.1, 6652.3, 10268.5, 8400.7))
  File ""/home/obywatelfg/Doktorat/Badania/Logic-LLM/LLM-logic/New_val_Adapt_Task2_outputs_python_no_final_rule/Llama-8/4/python_code/121_output_python.py"", line 30, in r5
    return not(r1(arg1, arg2) and r2(arg3, arg4) and r3(arg5, arg6) and r4(arg7, arg8)), r1(arg1, arg2), r2(arg3, arg4), r3(arg5, arg6), r4(arg7, arg8)
TypeError: r1() takes 1 positional argument but 2 were given

Please correct the code.

The corrected code should be the following:
# If the parameter C's value is at least 20, the lowest possible value of parameter D is 40.
def r1(c: float, d: float) -> bool:
    if d / c >= 2:
        return True
    else:
        return False

# Parameter T's value shouldn't be lower than parameter P's value.
def r2(t: float, p: float) -> bool:
    if t >= p:
        return True
    else:
        return False

# To identify the day as abnormal, it is enough that even one or more conditions are violated.
def r3(arg1: float, arg2: float, arg3: float, arg4: float):
    return not(r1(arg1, arg2) and r2(arg3, arg4)), r1(arg1, arg2), r2(arg3, arg4)


The input for your task:
This is the Python3 code which not correspond to the given logical premises:
def r1(a: float, b: float) -> bool:
    if a >= b:
        return True
    else:
        return False

def r2(c: float, a: float) -> bool:
    if c <= a:
        return True
    else:
        return False

def r3(a: float, d: float) -> bool:
    if a >= d:
        return True
    else:
        return False

def r4(e: float, f: float) -> bool:
    if e <= f:
        return True
    else:
        return False

def r5(g: float, h: float) -> bool:
    if g <= h:
        return True
    else:
        return False

def r6(f: float, g: float) -> bool:
    if f >= g:
        return True
    else:
        return False

def r7(b: float, a: float, d: float) -> bool:
    if b + a + d <= a:
        return True
    else:
        return False

def r8(arg1: float, arg2: float, arg3: float, arg4: float, arg5: float, arg6: float, arg7: float, arg8: float, arg9: float, arg10: float, arg11: float, arg12: float, arg13: float, arg14: float, arg15: float, arg16: float):
    return not(r1(arg1, arg2) and r2(arg3, arg4) and r3(arg5, arg6) and r4(arg7, arg8) and r5(arg9, arg10) and r6(arg11, arg12) and r7(arg13, arg14, arg15, arg16)), r1(arg1, arg2), r2(arg3, arg4), r3(arg5, arg6), r4(arg7, arg8), r5(arg9, arg10), r6(arg11, arg12), r7(arg13, arg14, arg15, arg16)

It is supposed to translate the following text into rules:
Total operation time shouldn’t be lower than PTO operation time.
Idle time cannot be greater than the total operation time.
Total operation time should shouldn’t be lower than driving time.
The load supported by axle 1 cannot exceed that of axle 3.
The payload must not exceed the load carried by axle 2.
Axle 3's load must always be equal to or greater than the payload.
The combined time for PTO operation, idle time, and driving time must not surpass the total operation time.

Code after execution returns the following error:
Traceback (most recent call last):
  File ""/home/frank/Doktorat/ExKLoP/saved_outputs/Task2_syntax_outputs/Llama-8/7/python_code/274_output_python.py"", line 46, in <module>
    print(r8(5.7, 4.0, 2.0, 3.8, 8.6, 3.2, 4270.1, 2362.5, 51.6, 7.7, 1093.9, 7094.8, 0.3, 1.0, 0.7, 2.1))
  File ""/home/frank/Doktorat/ExKLoP/saved_outputs/Task2_syntax_outputs/Llama-8/7/python_code/274_output_python.py"", line 44, in r8
    return not(r1(arg1, arg2) and r2(arg3, arg4) and r3(arg5, arg6) and r4(arg7, arg8) and r5(arg9, arg10) and r6(arg11, arg12) and r7(arg13, arg14, arg15, arg16)), r1(arg1, arg2), r2(arg3, arg4), r3(arg5, arg6), r4(arg7, arg8), r5(arg9, arg10), r6(arg11, arg12), r7(arg13, arg14, arg15, arg16)
TypeError: r7() takes 3 positional arguments but 4 were given


Please correct the code.   ";"Total operation time shouldn’t be lower than PTO operation time.
Idle time cannot be greater than the total operation time.
Total operation time should shouldn’t be lower than driving time.
The load supported by axle 1 cannot exceed that of axle 3.
The payload must not exceed the load carried by axle 2.
Axle 3's load must always be equal to or greater than the payload.
The combined time for PTO operation, idle time, and driving time must not surpass the total operation time.";7;[['total operation time', 'PTO operation time'], ['idle time', 'total operation time'], ['total operation time', 'driving time'], ['axle 1 load', 'axle 3 load'], ['payload', 'axle 2 load'], ['axle 3 load', 'payload'], ['PTO operation time', 'idle time', 'driving time', 'total operation time']];Llama-8;"def r1(a: float, b: float) -> bool:
    if a >= b:
        return True
    else:
        return False

def r2(a: float, b: float) -> bool:
    if a <= b:
        return True
    else:
        return False

def r3(a: float, b: float) -> bool:
    if a >= b:
        return True
    else:
        return False

def r4(a: float, b: float) -> bool:
    if a <= b:
        return True
    else:
        return False

def r5(a: float, b: float) -> bool:
    if a <= b:
        return True
    else:
        return False

def r6(a: float, b: float) -> bool:
    if a >= b:
        return True
    else:
        return False

def r7(a: float, b: float, c: float) -> bool:
    if a + b + c <= a:
        return True
    else:
        return False

def r8(arg1: float, arg2: float, arg3: float, arg4: float, arg5: float, arg6: float, arg7: float, arg8: float, arg9: float, arg10: float, arg11: float, arg12: float, arg13: float, arg14: float, arg15: float, arg16: float):
    return not(r1(arg1, arg2) and r2(arg3, arg4) and r3(arg5, arg6) and r4(arg7, arg8) and r5(arg9, arg10) and r6(arg11, arg12) and r7(arg13, arg14, arg15, arg16)), r1(arg1, arg2), r2(arg3, arg4), r3(arg5, arg6), r4(arg7, arg8), r5(arg9, arg10), r6(arg11, arg12), r7(arg13, arg14, arg15, arg16)";Correct syntax;Error;"Traceback (most recent call last):
  File ""/home/frank/Doktorat/ExKLoP/saved_outputs/Task2_runtime_outputs/Llama-8/7/python_code/274_output_python.py"", line 46, in <module>
    print(r8(5.7, 4.0, 2.0, 3.8, 8.6, 3.2, 4270.1, 2362.5, 51.6, 7.7, 1093.9, 7094.8, 0.3, 1.0, 0.7, 2.1))
  File ""/home/frank/Doktorat/ExKLoP/saved_outputs/Task2_runtime_outputs/Llama-8/7/python_code/274_output_python.py"", line 44, in r8
    return not(r1(arg1, arg2) and r2(arg3, arg4) and r3(arg5, arg6) and r4(arg7, arg8) and r5(arg9, arg10) and r6(arg11, arg12) and r7(arg13, arg14, arg15, arg16)), r1(arg1, arg2), r2(arg3, arg4), r3(arg5, arg6), r4(arg7, arg8), r5(arg9, arg10), r6(arg11, arg12), r7(arg13, arg14, arg15, arg16)
TypeError: r7() takes 3 positional arguments but 4 were given
"
"System Message:
        You are a logician with a background in mathematics that translates natural language
        reasoning text to Python3 code so that these natural language reasoning problems can be solved.
        During the translation, please pay close attention to defining variables and rules.
        Do not add any comments from you.
        Be guided by the following example:
        Example input text:
        Textual context: If the parameter A's value is at least 20, the lowest possible value of parameter B is 5.
If the parameter C's value is at least 20, the lowest possible value of parameter D is 40.
Parameter E's value cannot be less than parameter F's value.
Parameter G's value cannot be less than parameter H's value.
Parameter I's value cannot be less than parameter J's value.
Parameter K's value cannot be less than parameter L's value.
Parameter M's value cannot be greater than parameter N's value.

        Example Python3 code:
        # If the parameter A's value is at least 20, the lowest possible value of parameter B is 5.
def r1(a: float, b: float) -> bool:
    if b / a >= 0.25:
        return True
    else:
        return False

# If the parameter C's value is at least 20, the lowest possible value of parameter D is 40.
def r2(c: float, d: float) -> bool:
    if d / c >= 2:
        return True
    else:
        return False

# Parameter E's value cannot be less than parameter F's value.
def r3(e: float, f: float) -> bool:
    if e >= f:
        return True
    else:
        return False

# Parameter G's value cannot be less than parameter H's value.
def r4(g: float, h: float) -> bool:
    if g >= h:
        return True
    else:
        return False

# Parameter I's value cannot be less than parameter J's value.
def r5(i: float, j: float) -> bool:
    if i >= j:
        return True
    else:
        return False

# Parameter K's value cannot be less than parameter L's value.
def r6(k: float, l: float) -> bool:
    if k >= l:
        return True
    else:
        return False

# Parameter M's value cannot be greater than parameter N's value.
def r7(m: float, n: float) -> bool:
    if m <= n:
        return True
    else:
        return False


        
Input text:
Textual context: Total operation time should shouldn’t be lower than driving time.
The number of stops where PTO is engaged must not exceed the overall stop count.
The load supported by axle 1 cannot exceed that of axle 2.
The weight on axle 1 cannot surpass the weight on axle 3.
Payload must remain below or equal to the load carried by axle 2.
The combined time for PTO operation, idle time, and driving time must not surpass the total operation time.";"Total operation time should shouldn’t be lower than driving time.
The number of stops where PTO is engaged must not exceed the overall stop count.
The load supported by axle 1 cannot exceed that of axle 2.
The weight on axle 1 cannot surpass the weight on axle 3.
Payload must remain below or equal to the load carried by axle 2.
The combined time for PTO operation, idle time, and driving time must not surpass the total operation time.";6;[['total operation time', 'driving time'], ['stops with PTO engaged', 'stops'], ['axle 1 load', 'axle 2 load'], ['axle 1 load', 'axle 3 load'], ['payload', 'axle 2 load'], ['PTO operation time', 'idle time', 'driving time', 'total operation time']];Llama-8;"def r1(o: float, d: float) -> bool:
    if o >= d:
        return True
    else:
        return False

def r2(s: int, p: int) -> bool:
    if s >= p:
        return True
    else:
        return False

def r3(l1: float, l2: float) -> bool:
    if l1 <= l2:
        return True
    else:
        return False

def r4(w1: float, w3: float) -> bool:
    if w1 <= w3:
        return True
    else:
        return False

def r5(p: float, l2: float) -> bool:
    if p <= l2:
        return True
    else:
        return False

def r6(t1: float, t2: float, t3: float, o: float) -> bool:
    if t1 + t2 + t3 <= o:
        return True
    else:
        return False

def r7(arg1: float, arg2: float, arg3: float, arg4: float, arg5: float, arg6: float, arg7: float, arg8: float, arg9: float, arg10: float, arg11: float, arg12: float, arg13: float, arg14: float):
    return not(r1(arg1, arg2) and r2(arg3, arg4) and r3(arg5, arg6) and r4(arg7, arg8) and r5(arg9, arg10) and r6(arg11, arg12, arg13, arg14)), r1(arg1, arg2), r2(arg3, arg4), r3(arg5, arg6), r4(arg7, arg8), r5(arg9, arg10), r6(arg11, arg12, arg13, arg14)";Correct syntax;['True, True, True, False, False, False, True', 'False, True, True, True, True, True, True', 'True, False, False, True, True, True, False'];['True, True, False, False, False, False, True', 'False, True, True, True, True, True, True', 'True, False, True, True, True, True, False']
"System Message:
        You are a logician with a background in mathematics that translates natural language
        reasoning text to Python3 code so that these natural language reasoning problems can be solved.
        During the translation, please pay close attention to defining variables and rules.
        Do not add any comments from you.
        Be guided by the following example:
        Example input text:
        Textual context: If the parameter A's value is at least 20, the lowest possible value of parameter B is 5.
If the parameter C's value is at least 20, the lowest possible value of parameter D is 40.
Parameter E's value cannot be less than parameter F's value.
Parameter G's value cannot be less than parameter H's value.
Parameter I's value cannot be less than parameter J's value.
Parameter K's value cannot be less than parameter L's value.
Parameter M's value cannot be greater than parameter N's value.

        Example Python3 code:
        # If the parameter A's value is at least 20, the lowest possible value of parameter B is 5.
def r1(a: float, b: float) -> bool:
    if b / a >= 0.25:
        return True
    else:
        return False

# If the parameter C's value is at least 20, the lowest possible value of parameter D is 40.
def r2(c: float, d: float) -> bool:
    if d / c >= 2:
        return True
    else:
        return False

# Parameter E's value cannot be less than parameter F's value.
def r3(e: float, f: float) -> bool:
    if e >= f:
        return True
    else:
        return False

# Parameter G's value cannot be less than parameter H's value.
def r4(g: float, h: float) -> bool:
    if g >= h:
        return True
    else:
        return False

# Parameter I's value cannot be less than parameter J's value.
def r5(i: float, j: float) -> bool:
    if i >= j:
        return True
    else:
        return False

# Parameter K's value cannot be less than parameter L's value.
def r6(k: float, l: float) -> bool:
    if k >= l:
        return True
    else:
        return False

# Parameter M's value cannot be greater than parameter N's value.
def r7(m: float, n: float) -> bool:
    if m <= n:
        return True
    else:
        return False


        
Input text:
Textual context: Total operation time shouldn’t be lower than PTO operation time.
The total operation duration must not be lower than the idle time.
Total operation time should shouldn’t be lower than driving time.
Stops with PTO engaged should never outnumber total stops.
The load carried by axle 1 must be smaller than or equal to the load on axle 2.
Axle 3's load must always be equal to or greater than the payload.
Total operation time should be at least the sum of PTO, idle, and driving times.";"Total operation time shouldn’t be lower than PTO operation time.
The total operation duration must not be lower than the idle time.
Total operation time should shouldn’t be lower than driving time.
Stops with PTO engaged should never outnumber total stops.
The load carried by axle 1 must be smaller than or equal to the load on axle 2.
Axle 3's load must always be equal to or greater than the payload.
Total operation time should be at least the sum of PTO, idle, and driving times.";7;[['total operation time', 'PTO operation time'], ['total operation time', 'idle time'], ['total operation time', 'driving time'], ['stops with PTO engaged', 'stops'], ['axle 1 load', 'axle 2 load'], ['axle 3 load', 'payload'], ['total operation time', 'PTO operation time', 'idle time', 'driving time']];Llama-8;"def r1(ot: float, pto: float) -> bool:
    if ot >= pto:
        return True
    else:
        return False

def r2(ot: float, idle: float) -> bool:
    if ot >= idle:
        return True
    else:
        return False

def r3(ot: float, driving: float) -> bool:
    if ot >= driving:
        return True
    else:
        return False

def r4(pto_stops: int, total_stops: int) -> bool:
    if pto_stops <= total_stops:
        return True
    else:
        return False

def r5(axle1: float, axle2: float) -> bool:
    if axle1 <= axle2:
        return True
    else:
        return False

def r6(axle3: float, payload: float) -> bool:
    if axle3 >= payload:
        return True
    else:
        return False

def r7(ot: float, pto: float, idle: float, driving: float) -> bool:
    if ot >= pto + idle + driving:
        return True
    else:
        return False

def r8(arg1: float, arg2: float, arg3: float, arg4: float, arg5: float, arg6: float, arg7: float, arg8: float, arg9: float, arg10: float, arg11: float, arg12: float, arg13: float, arg14: float, arg15: float, arg16: float):
    return not(r1(arg1, arg2) and r2(arg3, arg4) and r3(arg5, arg6) and r4(arg7, arg8) and r5(arg9, arg10) and r6(arg11, arg12) and r7(arg13, arg14, arg15, arg16)), r1(arg1, arg2), r2(arg3, arg4), r3(arg5, arg6), r4(arg7, arg8), r5(arg9, arg10), r6(arg11, arg12), r7(arg13, arg14, arg15, arg16)";Correct syntax;['True, True, True, True, True, False, False, True', 'False, True, True, True, True, True, True, True', 'True, False, False, False, False, True, True, False'];['True, True, True, True, True, False, False, True', 'False, True, True, True, True, True, True, True', 'True, False, False, False, False, True, True, False']
"System Message:
        You are a logician with a background in mathematics that translates natural language
        reasoning text to Python3 code so that these natural language reasoning problems can be solved.
        During the translation, please pay close attention to defining variables and rules.
        Do not add any comments from you.
        Be guided by the following example:
        Example input text:
        Textual context: If the parameter A's value is at least 20, the lowest possible value of parameter B is 5.
If the parameter C's value is at least 20, the lowest possible value of parameter D is 40.
Parameter E's value cannot be less than parameter F's value.
Parameter G's value cannot be less than parameter H's value.
Parameter I's value cannot be less than parameter J's value.
Parameter K's value cannot be less than parameter L's value.
Parameter M's value cannot be greater than parameter N's value.

        Example Python3 code:
        # If the parameter A's value is at least 20, the lowest possible value of parameter B is 5.
def r1(a: float, b: float) -> bool:
    if b / a >= 0.25:
        return True
    else:
        return False

# If the parameter C's value is at least 20, the lowest possible value of parameter D is 40.
def r2(c: float, d: float) -> bool:
    if d / c >= 2:
        return True
    else:
        return False

# Parameter E's value cannot be less than parameter F's value.
def r3(e: float, f: float) -> bool:
    if e >= f:
        return True
    else:
        return False

# Parameter G's value cannot be less than parameter H's value.
def r4(g: float, h: float) -> bool:
    if g >= h:
        return True
    else:
        return False

# Parameter I's value cannot be less than parameter J's value.
def r5(i: float, j: float) -> bool:
    if i >= j:
        return True
    else:
        return False

# Parameter K's value cannot be less than parameter L's value.
def r6(k: float, l: float) -> bool:
    if k >= l:
        return True
    else:
        return False

# Parameter M's value cannot be greater than parameter N's value.
def r7(m: float, n: float) -> bool:
    if m <= n:
        return True
    else:
        return False


        
Input text:
Textual context: PTO operation time should be less than or equal to the total operation time.
Idle time should be less than or equal to the total operation time.
Driving time cannot be greater than the total operation time.
Axle 1's load cannot exceed Axle 3's load.
The payload must not exceed the load carried by axle 3.
Total operation time must be greater than or equal to the sum of PTO operation, idle, and driving times.";"PTO operation time should be less than or equal to the total operation time.
Idle time should be less than or equal to the total operation time.
Driving time cannot be greater than the total operation time.
Axle 1's load cannot exceed Axle 3's load.
The payload must not exceed the load carried by axle 3.
Total operation time must be greater than or equal to the sum of PTO operation, idle, and driving times.";6;[['PTO operation time', 'total operation time'], ['idle time', 'total operation time'], ['driving time', 'total operation time'], ['axle 1 load', 'axle 3 load'], ['payload', 'axle 3 load'], ['total operation time', 'PTO operation time', 'idle time', 'driving time']];Llama-8;"def r1(pto: float, total: float) -> bool:
    if pto <= total:
        return True
    else:
        return False

def r2(idle: float, total: float) -> bool:
    if idle <= total:
        return True
    else:
        return False

def r3(driving: float, total: float) -> bool:
    if driving <= total:
        return True
    else:
        return False

def r4(axle1: float, axle3: float) -> bool:
    if axle1 <= axle3:
        return True
    else:
        return False

def r5(payload: float, axle3: float) -> bool:
    if payload <= axle3:
        return True
    else:
        return False

def r6(total: float, pto: float, idle: float, driving: float) -> bool:
    if total >= pto + idle + driving:
        return True
    else:
        return False

def r7(arg1: float, arg2: float, arg3: float, arg4: float, arg5: float, arg6: float, arg7: float, arg8: float, arg9: float, arg10: float, arg11: float, arg12: float, arg13: float, arg14: float):
    return not(r1(arg1, arg2) and r2(arg3, arg4) and r3(arg5, arg6) and r4(arg7, arg8) and r5(arg9, arg10) and r6(arg11, arg12, arg13, arg14)), r1(arg1, arg2), r2(arg3, arg4), r3(arg5, arg6), r4(arg7, arg8), r5(arg9, arg10), r6(arg11, arg12, arg13, arg14)";Correct syntax;['True, True, True, True, False, False, True', 'False, True, True, True, True, True, True', 'True, False, False, False, True, True, False'];['True, True, True, True, False, False, True', 'False, True, True, True, True, True, True', 'True, False, False, False, True, True, False']
"System Message:
        You are a logician with a background in mathematics that translates natural language
        reasoning text to Python3 code so that these natural language reasoning problems can be solved.
        During the translation, please pay close attention to defining variables and rules.
        Do not add any comments from you.
        Be guided by the following example:
        Example input text:
        Textual context: If the parameter A's value is at least 20, the lowest possible value of parameter B is 5.
If the parameter C's value is at least 20, the lowest possible value of parameter D is 40.
Parameter E's value cannot be less than parameter F's value.
Parameter G's value cannot be less than parameter H's value.
Parameter I's value cannot be less than parameter J's value.
Parameter K's value cannot be less than parameter L's value.
Parameter M's value cannot be greater than parameter N's value.

        Example Python3 code:
        # If the parameter A's value is at least 20, the lowest possible value of parameter B is 5.
def r1(a: float, b: float) -> bool:
    if b / a >= 0.25:
        return True
    else:
        return False

# If the parameter C's value is at least 20, the lowest possible value of parameter D is 40.
def r2(c: float, d: float) -> bool:
    if d / c >= 2:
        return True
    else:
        return False

# Parameter E's value cannot be less than parameter F's value.
def r3(e: float, f: float) -> bool:
    if e >= f:
        return True
    else:
        return False

# Parameter G's value cannot be less than parameter H's value.
def r4(g: float, h: float) -> bool:
    if g >= h:
        return True
    else:
        return False

# Parameter I's value cannot be less than parameter J's value.
def r5(i: float, j: float) -> bool:
    if i >= j:
        return True
    else:
        return False

# Parameter K's value cannot be less than parameter L's value.
def r6(k: float, l: float) -> bool:
    if k >= l:
        return True
    else:
        return False

# Parameter M's value cannot be greater than parameter N's value.
def r7(m: float, n: float) -> bool:
    if m <= n:
        return True
    else:
        return False


        
Input text:
Textual context: The total operation duration must not be lower than the PTO operation time.
The total operation duration must not be lower than the idle time.
Axle 1's load cannot exceed Axle 3's load.
Payload must remain below or equal to the load carried by axle 2.
Total operation time should be at least the sum of PTO, idle, and driving times.";"The total operation duration must not be lower than the PTO operation time.
The total operation duration must not be lower than the idle time.
Axle 1's load cannot exceed Axle 3's load.
Payload must remain below or equal to the load carried by axle 2.
Total operation time should be at least the sum of PTO, idle, and driving times.";5;[['total operation time', 'PTO operation time'], ['total operation time', 'idle time'], ['axle 1 load', 'axle 3 load'], ['payload', 'axle 2 load'], ['total operation time', 'PTO operation time', 'idle time', 'driving time']];Llama-8;"def r1(total_operation_time: float, pto_operation_time: float) -> bool:
    if total_operation_time >= pto_operation_time:
        return True
    else:
        return False

def r2(total_operation_time: float, idle_time: float) -> bool:
    if total_operation_time >= idle_time:
        return True
    else:
        return False

def r3(axle1_load: float, axle3_load: float) -> bool:
    if axle1_load <= axle3_load:
        return True
    else:
        return False

def r4(payload: float, axle2_load: float) -> bool:
    if payload <= axle2_load:
        return True
    else:
        return False

def r5(total_operation_time: float, pto_operation_time: float, idle_time: float, driving_time: float) -> bool:
    if total_operation_time >= pto_operation_time + idle_time + driving_time:
        return True
    else:
        return False

def r6(arg1: float, arg2: float, arg3: float, arg4: float, arg5: float, arg6: float, arg7: float, arg8: float, arg9: float, arg10: float, arg11: float, arg12: float):
    return not(r1(arg1, arg2) and r2(arg3, arg4) and r3(arg5, arg6) and r4(arg7, arg8) and r5(arg9, arg10, arg11, arg12)), r1(arg1, arg2), r2(arg3, arg4), r3(arg5, arg6), r4(arg7, arg8), r5(arg9, arg10, arg11, arg12)";Correct syntax;['True, True, True, False, False, True', 'False, True, True, True, True, True', 'True, False, False, True, True, False'];['True, True, True, False, False, True', 'False, True, True, True, True, True', 'True, False, False, True, True, False']
"System Message:
        You are a logician with a background in mathematics that translates natural language
        reasoning text to Python3 code so that these natural language reasoning problems can be solved.
        During the translation, please pay close attention to defining variables and rules.
        Do not add any comments from you.
        Be guided by the following example:
        Example input text:
        Textual context: If the parameter A's value is at least 20, the lowest possible value of parameter B is 5.
If the parameter C's value is at least 20, the lowest possible value of parameter D is 40.
Parameter E's value cannot be less than parameter F's value.
Parameter G's value cannot be less than parameter H's value.
Parameter I's value cannot be less than parameter J's value.
Parameter K's value cannot be less than parameter L's value.
Parameter M's value cannot be greater than parameter N's value.

        Example Python3 code:
        # If the parameter A's value is at least 20, the lowest possible value of parameter B is 5.
def r1(a: float, b: float) -> bool:
    if b / a >= 0.25:
        return True
    else:
        return False

# If the parameter C's value is at least 20, the lowest possible value of parameter D is 40.
def r2(c: float, d: float) -> bool:
    if d / c >= 2:
        return True
    else:
        return False

# Parameter E's value cannot be less than parameter F's value.
def r3(e: float, f: float) -> bool:
    if e >= f:
        return True
    else:
        return False

# Parameter G's value cannot be less than parameter H's value.
def r4(g: float, h: float) -> bool:
    if g >= h:
        return True
    else:
        return False

# Parameter I's value cannot be less than parameter J's value.
def r5(i: float, j: float) -> bool:
    if i >= j:
        return True
    else:
        return False

# Parameter K's value cannot be less than parameter L's value.
def r6(k: float, l: float) -> bool:
    if k >= l:
        return True
    else:
        return False

# Parameter M's value cannot be greater than parameter N's value.
def r7(m: float, n: float) -> bool:
    if m <= n:
        return True
    else:
        return False


        
Input text:
Textual context: Total operation time shouldn’t be lower than idle time.
Total operation time should shouldn’t be lower than driving time.
The number of stops where PTO is engaged must not exceed the overall stop count.
The load carried by axle 1 must be smaller than or equal to the load on axle 2.
The payload must always be smaller than or equal to the load on axle 2.";"Total operation time shouldn’t be lower than idle time.
Total operation time should shouldn’t be lower than driving time.
The number of stops where PTO is engaged must not exceed the overall stop count.
The load carried by axle 1 must be smaller than or equal to the load on axle 2.
The payload must always be smaller than or equal to the load on axle 2.";5;[['total operation time', 'idle time'], ['total operation time', 'driving time'], ['stops with PTO engaged', 'stops'], ['axle 1 load', 'axle 2 load'], ['payload', 'axle 2 load']];Llama-8;"def r1(operation_time: float, idle_time: float) -> bool:
    if operation_time >= idle_time:
        return True
    else:
        return False

def r2(operation_time: float, driving_time: float) -> bool:
    if operation_time >= driving_time:
        return True
    else:
        return False

def r3(pto_stops: int, overall_stops: int) -> bool:
    if pto_stops <= overall_stops:
        return True
    else:
        return False

def r4(axle1_load: float, axle2_load: float) -> bool:
    if axle1_load <= axle2_load:
        return True
    else:
        return False

def r5(payload: float, axle2_load: float) -> bool:
    if payload <= axle2_load:
        return True
    else:
        return False

def r6(arg1: float, arg2: float, arg3: float, arg4: float, arg5: float, arg6: float, arg7: float, arg8: float, arg9: float, arg10: float):
    return not(r1(arg1, arg2) and r2(arg3, arg4) and r3(arg5, arg6) and r4(arg7, arg8) and r5(arg9, arg10)), r1(arg1, arg2), r2(arg3, arg4), r3(arg5, arg6), r4(arg7, arg8), r5(arg9, arg10)";Correct syntax;['True, True, True, True, False, False', 'False, True, True, True, True, True', 'True, False, False, False, True, True'];['True, True, True, True, False, False', 'False, True, True, True, True, True', 'True, False, False, False, True, True']
"System Message:
        You are a logician with a background in mathematics that translates natural language
        reasoning text to Python3 code so that these natural language reasoning problems can be solved.
        During the translation, please pay close attention to defining variables and rules.
        Do not add any comments from you.
        Be guided by the following example:
        Example input text:
        Textual context: If the parameter A's value is at least 20, the lowest possible value of parameter B is 5.
If the parameter C's value is at least 20, the lowest possible value of parameter D is 40.
Parameter E's value cannot be less than parameter F's value.
Parameter G's value cannot be less than parameter H's value.
Parameter I's value cannot be less than parameter J's value.
Parameter K's value cannot be less than parameter L's value.
Parameter M's value cannot be greater than parameter N's value.

        Example Python3 code:
        # If the parameter A's value is at least 20, the lowest possible value of parameter B is 5.
def r1(a: float, b: float) -> bool:
    if b / a >= 0.25:
        return True
    else:
        return False

# If the parameter C's value is at least 20, the lowest possible value of parameter D is 40.
def r2(c: float, d: float) -> bool:
    if d / c >= 2:
        return True
    else:
        return False

# Parameter E's value cannot be less than parameter F's value.
def r3(e: float, f: float) -> bool:
    if e >= f:
        return True
    else:
        return False

# Parameter G's value cannot be less than parameter H's value.
def r4(g: float, h: float) -> bool:
    if g >= h:
        return True
    else:
        return False

# Parameter I's value cannot be less than parameter J's value.
def r5(i: float, j: float) -> bool:
    if i >= j:
        return True
    else:
        return False

# Parameter K's value cannot be less than parameter L's value.
def r6(k: float, l: float) -> bool:
    if k >= l:
        return True
    else:
        return False

# Parameter M's value cannot be greater than parameter N's value.
def r7(m: float, n: float) -> bool:
    if m <= n:
        return True
    else:
        return False


        
Input text:
Textual context: PTO operation time should be less than or equal to the total operation time.
Idle time cannot be greater than the total operation time.
The total operation durationmust not be lower than the driving time.
The load on axle 1 must not surpass the load on axle 2.
The weight on axle 1 cannot surpass the weight on axle 3.
Payload must remain below or equal to the load carried by axle 2.
Total operation time should be at least the sum of PTO, idle, and driving times.";"PTO operation time should be less than or equal to the total operation time.
Idle time cannot be greater than the total operation time.
The total operation durationmust not be lower than the driving time.
The load on axle 1 must not surpass the load on axle 2.
The weight on axle 1 cannot surpass the weight on axle 3.
Payload must remain below or equal to the load carried by axle 2.
Total operation time should be at least the sum of PTO, idle, and driving times.";7;[['PTO operation time', 'total operation time'], ['idle time', 'total operation time'], ['total operation time', 'driving time'], ['axle 1 load', 'axle 2 load'], ['axle 1 load', 'axle 3 load'], ['payload', 'axle 2 load'], ['total operation time', 'PTO operation time', 'idle time', 'driving time']];Llama-8;"def r1(pto: float, total_operation_time: float) -> bool:
    if pto <= total_operation_time:
        return True
    else:
        return False

def r2(idle: float, total_operation_time: float) -> bool:
    if idle <= total_operation_time:
        return True
    else:
        return False

def r3(total_operation_time: float, driving_time: float) -> bool:
    if total_operation_time >= driving_time:
        return True
    else:
        return False

def r4(load_axle1: float, load_axle2: float) -> bool:
    if load_axle1 <= load_axle2:
        return True
    else:
        return False

def r5(weight_axle1: float, weight_axle3: float) -> bool:
    if weight_axle1 <= weight_axle3:
        return True
    else:
        return False

def r6(payload: float, load_axle2: float) -> bool:
    if payload <= load_axle2:
        return True
    else:
        return False

def r7(total_operation_time: float, pto: float, idle: float, driving_time: float) -> bool:
    if total_operation_time >= pto + idle + driving_time:
        return True
    else:
        return False

def r8(arg1: float, arg2: float, arg3: float, arg4: float, arg5: float, arg6: float, arg7: float, arg8: float, arg9: float, arg10: float, arg11: float, arg12: float, arg13: float, arg14: float, arg15: float, arg16: float):
    return not(r1(arg1, arg2) and r2(arg3, arg4) and r3(arg5, arg6) and r4(arg7, arg8) and r5(arg9, arg10) and r6(arg11, arg12) and r7(arg13, arg14, arg15, arg16)), r1(arg1, arg2), r2(arg3, arg4), r3(arg5, arg6), r4(arg7, arg8), r5(arg9, arg10), r6(arg11, arg12), r7(arg13, arg14, arg15, arg16)";Correct syntax;['True, True, True, True, False, False, False, True', 'False, True, True, True, True, True, True, True', 'True, False, False, False, True, True, True, False'];['True, True, True, True, False, False, False, True', 'False, True, True, True, True, True, True, True', 'True, False, False, False, True, True, True, False']
"System Message:
        You are a logician with a background in mathematics that translates natural language
        reasoning text to Python3 code so that these natural language reasoning problems can be solved.
        During the translation, please pay close attention to defining variables and rules.
        Do not add any comments from you.
        Be guided by the following example:
        Example input text:
        Textual context: If the parameter A's value is at least 20, the lowest possible value of parameter B is 5.
If the parameter C's value is at least 20, the lowest possible value of parameter D is 40.
Parameter E's value cannot be less than parameter F's value.
Parameter G's value cannot be less than parameter H's value.
Parameter I's value cannot be less than parameter J's value.
Parameter K's value cannot be less than parameter L's value.
Parameter M's value cannot be greater than parameter N's value.

        Example Python3 code:
        # If the parameter A's value is at least 20, the lowest possible value of parameter B is 5.
def r1(a: float, b: float) -> bool:
    if b / a >= 0.25:
        return True
    else:
        return False

# If the parameter C's value is at least 20, the lowest possible value of parameter D is 40.
def r2(c: float, d: float) -> bool:
    if d / c >= 2:
        return True
    else:
        return False

# Parameter E's value cannot be less than parameter F's value.
def r3(e: float, f: float) -> bool:
    if e >= f:
        return True
    else:
        return False

# Parameter G's value cannot be less than parameter H's value.
def r4(g: float, h: float) -> bool:
    if g >= h:
        return True
    else:
        return False

# Parameter I's value cannot be less than parameter J's value.
def r5(i: float, j: float) -> bool:
    if i >= j:
        return True
    else:
        return False

# Parameter K's value cannot be less than parameter L's value.
def r6(k: float, l: float) -> bool:
    if k >= l:
        return True
    else:
        return False

# Parameter M's value cannot be greater than parameter N's value.
def r7(m: float, n: float) -> bool:
    if m <= n:
        return True
    else:
        return False


        
Input text:
Textual context: Idle time should be less than or equal to the total operation time.
Axle 1's load cannot exceed Axle 2's load.
The load supported by axle 1 cannot exceed that of axle 3.
The payload cannot exceed the capacity of axle 2.
The payload must always be smaller than or equal to the load on axle 3.
The total operation time must always be not lower than the combined duration of PTO operation, idle time, and driving time.";"Idle time should be less than or equal to the total operation time.
Axle 1's load cannot exceed Axle 2's load.
The load supported by axle 1 cannot exceed that of axle 3.
The payload cannot exceed the capacity of axle 2.
The payload must always be smaller than or equal to the load on axle 3.
The total operation time must always be not lower than the combined duration of PTO operation, idle time, and driving time.";6;[['idle time', 'total operation time'], ['axle 1 load', 'axle 2 load'], ['axle 1 load', 'axle 3 load'], ['payload', 'axle 2 load'], ['payload', 'axle 3 load'], ['total operation time', 'PTO operation time', 'idle time', 'driving time']];Llama-8;"def r1(idle: float, operation: float) -> bool:
    if idle <= operation:
        return True
    else:
        return False

def r2(axle1: float, axle2: float) -> bool:
    if axle1 <= axle2:
        return True
    else:
        return False

def r3(axle1: float, axle3: float) -> bool:
    if axle1 <= axle3:
        return True
    else:
        return False

def r4(payload: float, axle2: float) -> bool:
    if payload <= axle2:
        return True
    else:
        return False

def r5(payload: float, axle3: float) -> bool:
    if payload <= axle3:
        return True
    else:
        return False

def r6(operation: float, pto: float, idle: float, driving: float) -> bool:
    if operation >= pto + idle + driving:
        return True
    else:
        return False

def r7(arg1: float, arg2: float, arg3: float, arg4: float, arg5: float, arg6: float, arg7: float, arg8: float, arg9: float, arg10: float, arg11: float, arg12: float, arg13: float, arg14: float):
    return not(r1(arg1, arg2) and r2(arg3, arg4) and r3(arg5, arg6) and r4(arg7, arg8) and r5(arg9, arg10) and r6(arg11, arg12, arg13, arg14)), r1(arg1, arg2), r2(arg3, arg4), r3(arg5, arg6), r4(arg7, arg8), r5(arg9, arg10), r6(arg11, arg12, arg13, arg14)";Correct syntax;['True, True, False, False, False, False, True', 'False, True, True, True, True, True, True', 'True, False, True, True, True, True, False'];['True, True, False, False, False, False, True', 'False, True, True, True, True, True, True', 'True, False, True, True, True, True, False']
"System Message:
        You are a logician with a background in mathematics that translates natural language
        reasoning text to Python3 code so that these natural language reasoning problems can be solved.
        During the translation, please pay close attention to defining variables and rules.
        Do not add any comments from you.
        Be guided by the following example:
        Example input text:
        Textual context: If the parameter A's value is at least 20, the lowest possible value of parameter B is 5.
If the parameter C's value is at least 20, the lowest possible value of parameter D is 40.
Parameter E's value cannot be less than parameter F's value.
Parameter G's value cannot be less than parameter H's value.
Parameter I's value cannot be less than parameter J's value.
Parameter K's value cannot be less than parameter L's value.
Parameter M's value cannot be greater than parameter N's value.

        Example Python3 code:
        # If the parameter A's value is at least 20, the lowest possible value of parameter B is 5.
def r1(a: float, b: float) -> bool:
    if b / a >= 0.25:
        return True
    else:
        return False

# If the parameter C's value is at least 20, the lowest possible value of parameter D is 40.
def r2(c: float, d: float) -> bool:
    if d / c >= 2:
        return True
    else:
        return False

# Parameter E's value cannot be less than parameter F's value.
def r3(e: float, f: float) -> bool:
    if e >= f:
        return True
    else:
        return False

# Parameter G's value cannot be less than parameter H's value.
def r4(g: float, h: float) -> bool:
    if g >= h:
        return True
    else:
        return False

# Parameter I's value cannot be less than parameter J's value.
def r5(i: float, j: float) -> bool:
    if i >= j:
        return True
    else:
        return False

# Parameter K's value cannot be less than parameter L's value.
def r6(k: float, l: float) -> bool:
    if k >= l:
        return True
    else:
        return False

# Parameter M's value cannot be greater than parameter N's value.
def r7(m: float, n: float) -> bool:
    if m <= n:
        return True
    else:
        return False


        
Input text:
Textual context: PTO operation time should be less than or equal to the total operation time.
Driving time cannot be greater than the total operation time.
Stops with PTO engaged should never outnumber total stops.
Axle 1's load cannot exceed Axle 3's load.
Axle 3's load must always be equal to or greater than the payload.
Total operation time should be at least the sum of PTO, idle, and driving times.";"PTO operation time should be less than or equal to the total operation time.
Driving time cannot be greater than the total operation time.
Stops with PTO engaged should never outnumber total stops.
Axle 1's load cannot exceed Axle 3's load.
Axle 3's load must always be equal to or greater than the payload.
Total operation time should be at least the sum of PTO, idle, and driving times.";6;[['PTO operation time', 'total operation time'], ['driving time', 'total operation time'], ['stops with PTO engaged', 'stops'], ['axle 1 load', 'axle 3 load'], ['axle 3 load', 'payload'], ['total operation time', 'PTO operation time', 'idle time', 'driving time']];Llama-8;"def r1(pto: float, total: float) -> bool:
    if pto <= total:
        return True
    else:
        return False

def r2(driving: float, total: float) -> bool:
    if driving <= total:
        return True
    else:
        return False

def r3(pto_stops: int, total_stops: int) -> bool:
    if pto_stops <= total_stops:
        return True
    else:
        return False

def r4(axle1: float, axle3: float) -> bool:
    if axle1 <= axle3:
        return True
    else:
        return False

def r5(axle3: float, payload: float) -> bool:
    if axle3 >= payload:
        return True
    else:
        return False

def r6(total: float, pto: float, idle: float, driving: float) -> bool:
    if total >= pto + idle + driving:
        return True
    else:
        return False

def r7(arg1: float, arg2: float, arg3: float, arg4: float, arg5: float, arg6: float, arg7: float, arg8: float, arg9: float, arg10: float, arg11: float, arg12: float, arg13: float, arg14: float):
    return not(r1(arg1, arg2) and r2(arg3, arg4) and r3(arg5, arg6) and r4(arg7, arg8) and r5(arg9, arg10) and r6(arg11, arg12, arg13, arg14)), r1(arg1, arg2), r2(arg3, arg4), r3(arg5, arg6), r4(arg7, arg8), r5(arg9, arg10), r6(arg11, arg12, arg13, arg14)";Correct syntax;['True, True, True, True, False, False, True', 'False, True, True, True, True, True, True', 'True, False, False, False, True, True, False'];['True, True, True, True, False, False, True', 'False, True, True, True, True, True, True', 'True, False, False, False, True, True, False']
"System Message:
        You are a logician with a background in mathematics that translates natural language
        reasoning text to Python3 code so that these natural language reasoning problems can be solved.
        During the translation, please pay close attention to defining variables and rules.
        Do not add any comments from you.
        Be guided by the following example:
        Example input text:
        Textual context: If the parameter A's value is at least 20, the lowest possible value of parameter B is 5.
If the parameter C's value is at least 20, the lowest possible value of parameter D is 40.
Parameter E's value cannot be less than parameter F's value.
Parameter G's value cannot be less than parameter H's value.
Parameter I's value cannot be less than parameter J's value.
Parameter K's value cannot be less than parameter L's value.
Parameter M's value cannot be greater than parameter N's value.

        Example Python3 code:
        # If the parameter A's value is at least 20, the lowest possible value of parameter B is 5.
def r1(a: float, b: float) -> bool:
    if b / a >= 0.25:
        return True
    else:
        return False

# If the parameter C's value is at least 20, the lowest possible value of parameter D is 40.
def r2(c: float, d: float) -> bool:
    if d / c >= 2:
        return True
    else:
        return False

# Parameter E's value cannot be less than parameter F's value.
def r3(e: float, f: float) -> bool:
    if e >= f:
        return True
    else:
        return False

# Parameter G's value cannot be less than parameter H's value.
def r4(g: float, h: float) -> bool:
    if g >= h:
        return True
    else:
        return False

# Parameter I's value cannot be less than parameter J's value.
def r5(i: float, j: float) -> bool:
    if i >= j:
        return True
    else:
        return False

# Parameter K's value cannot be less than parameter L's value.
def r6(k: float, l: float) -> bool:
    if k >= l:
        return True
    else:
        return False

# Parameter M's value cannot be greater than parameter N's value.
def r7(m: float, n: float) -> bool:
    if m <= n:
        return True
    else:
        return False


        
Input text:
Textual context: PTO operation time cannot be greater than the total operation time.
Idle time should be less than or equal to the total operation time.
Driving time cannot be greater than the total operation time.
Stops with PTO engaged cannot outnumber the total stops.
The load supported by axle 1 cannot exceed that of axle 3.";"PTO operation time cannot be greater than the total operation time.
Idle time should be less than or equal to the total operation time.
Driving time cannot be greater than the total operation time.
Stops with PTO engaged cannot outnumber the total stops.
The load supported by axle 1 cannot exceed that of axle 3.";5;[['PTO operation time', 'total operation time'], ['idle time', 'total operation time'], ['driving time', 'total operation time'], ['stops with PTO engaged', 'stops'], ['axle 1 load', 'axle 3 load']];Llama-8;"def r1(pto_operation_time: float, total_operation_time: float) -> bool:
    if pto_operation_time > total_operation_time:
        return False
    else:
        return True

def r2(idle_time: float, total_operation_time: float) -> bool:
    if idle_time > total_operation_time:
        return False
    else:
        return True

def r3(driving_time: float, total_operation_time: float) -> bool:
    if driving_time > total_operation_time:
        return False
    else:
        return True

def r4(pto_stops: int, total_stops: int) -> bool:
    if pto_stops > total_stops:
        return False
    else:
        return True

def r5(axle1_load: float, axle3_load: float) -> bool:
    if axle1_load > axle3_load:
        return False
    else:
        return True

def r6(arg1: float, arg2: float, arg3: float, arg4: float, arg5: float, arg6: float, arg7: float, arg8: float, arg9: float, arg10: float):
    return not(r1(arg1, arg2) and r2(arg3, arg4) and r3(arg5, arg6) and r4(arg7, arg8) and r5(arg9, arg10)), r1(arg1, arg2), r2(arg3, arg4), r3(arg5, arg6), r4(arg7, arg8), r5(arg9, arg10)";Correct syntax;['True, True, True, True, True, False', 'False, True, True, True, True, True', 'True, False, False, False, False, True'];['True, True, True, True, True, False', 'False, True, True, True, True, True', 'True, False, False, False, False, True']
"System Message:
        You are a logician with a background in mathematics that translates natural language
        reasoning text to Python3 code so that these natural language reasoning problems can be solved.
        During the translation, please pay close attention to defining variables and rules.
        Do not add any comments from you.
        Be guided by the following example:
        Example input text:
        Textual context: If the parameter A's value is at least 20, the lowest possible value of parameter B is 5.
If the parameter C's value is at least 20, the lowest possible value of parameter D is 40.
Parameter E's value cannot be less than parameter F's value.
Parameter G's value cannot be less than parameter H's value.
Parameter I's value cannot be less than parameter J's value.
Parameter K's value cannot be less than parameter L's value.
Parameter M's value cannot be greater than parameter N's value.

        Example Python3 code:
        # If the parameter A's value is at least 20, the lowest possible value of parameter B is 5.
def r1(a: float, b: float) -> bool:
    if b / a >= 0.25:
        return True
    else:
        return False

# If the parameter C's value is at least 20, the lowest possible value of parameter D is 40.
def r2(c: float, d: float) -> bool:
    if d / c >= 2:
        return True
    else:
        return False

# Parameter E's value cannot be less than parameter F's value.
def r3(e: float, f: float) -> bool:
    if e >= f:
        return True
    else:
        return False

# Parameter G's value cannot be less than parameter H's value.
def r4(g: float, h: float) -> bool:
    if g >= h:
        return True
    else:
        return False

# Parameter I's value cannot be less than parameter J's value.
def r5(i: float, j: float) -> bool:
    if i >= j:
        return True
    else:
        return False

# Parameter K's value cannot be less than parameter L's value.
def r6(k: float, l: float) -> bool:
    if k >= l:
        return True
    else:
        return False

# Parameter M's value cannot be greater than parameter N's value.
def r7(m: float, n: float) -> bool:
    if m <= n:
        return True
    else:
        return False


        
Input text:
Textual context: The total operation duration must not be lower than the PTO operation time.
Driving time cannot be greater than the total operation time.
Axle 1's load cannot exceed Axle 2's load.
The weight on axle 1 cannot surpass the weight on axle 3.
The payload must always be smaller than or equal to the load on axle 2.";"The total operation duration must not be lower than the PTO operation time.
Driving time cannot be greater than the total operation time.
Axle 1's load cannot exceed Axle 2's load.
The weight on axle 1 cannot surpass the weight on axle 3.
The payload must always be smaller than or equal to the load on axle 2.";5;[['total operation time', 'PTO operation time'], ['driving time', 'total operation time'], ['axle 1 load', 'axle 2 load'], ['axle 1 load', 'axle 3 load'], ['payload', 'axle 2 load']];Llama-8;"def r1(total_operation_duration: float, pto_operation_time: float) -> bool:
    if total_operation_duration >= pto_operation_time:
        return True
    else:
        return False

def r2(driving_time: float, total_operation_duration: float) -> bool:
    if driving_time <= total_operation_duration:
        return True
    else:
        return False

def r3(axle1_load: float, axle2_load: float) -> bool:
    if axle1_load <= axle2_load:
        return True
    else:
        return False

def r4(axle1_weight: float, axle3_weight: float) -> bool:
    if axle1_weight <= axle3_weight:
        return True
    else:
        return False

def r5(payload: float, axle2_load: float) -> bool:
    if payload <= axle2_load:
        return True
    else:
        return False

def r6(arg1: float, arg2: float, arg3: float, arg4: float, arg5: float, arg6: float, arg7: float, arg8: float, arg9: float, arg10: float):
    return not(r1(arg1, arg2) and r2(arg3, arg4) and r3(arg5, arg6) and r4(arg7, arg8) and r5(arg9, arg10)), r1(arg1, arg2), r2(arg3, arg4), r3(arg5, arg6), r4(arg7, arg8), r5(arg9, arg10)";Correct syntax;['True, True, True, False, False, False', 'False, True, True, True, True, True', 'True, False, False, True, True, True'];['True, True, True, False, False, False', 'False, True, True, True, True, True', 'True, False, False, True, True, True']
"System Message:
        You are a logician with a background in mathematics that translates natural language
        reasoning text to Python3 code so that these natural language reasoning problems can be solved.
        During the translation, please pay close attention to defining variables and rules.
        Do not add any comments from you.
        Be guided by the following example:
        Example input text:
        Textual context: If the parameter A's value is at least 20, the lowest possible value of parameter B is 5.
If the parameter C's value is at least 20, the lowest possible value of parameter D is 40.
Parameter E's value cannot be less than parameter F's value.
Parameter G's value cannot be less than parameter H's value.
Parameter I's value cannot be less than parameter J's value.
Parameter K's value cannot be less than parameter L's value.
Parameter M's value cannot be greater than parameter N's value.

        Example Python3 code:
        # If the parameter A's value is at least 20, the lowest possible value of parameter B is 5.
def r1(a: float, b: float) -> bool:
    if b / a >= 0.25:
        return True
    else:
        return False

# If the parameter C's value is at least 20, the lowest possible value of parameter D is 40.
def r2(c: float, d: float) -> bool:
    if d / c >= 2:
        return True
    else:
        return False

# Parameter E's value cannot be less than parameter F's value.
def r3(e: float, f: float) -> bool:
    if e >= f:
        return True
    else:
        return False

# Parameter G's value cannot be less than parameter H's value.
def r4(g: float, h: float) -> bool:
    if g >= h:
        return True
    else:
        return False

# Parameter I's value cannot be less than parameter J's value.
def r5(i: float, j: float) -> bool:
    if i >= j:
        return True
    else:
        return False

# Parameter K's value cannot be less than parameter L's value.
def r6(k: float, l: float) -> bool:
    if k >= l:
        return True
    else:
        return False

# Parameter M's value cannot be greater than parameter N's value.
def r7(m: float, n: float) -> bool:
    if m <= n:
        return True
    else:
        return False


        
Input text:
Textual context: Idle time cannot be greater than the total operation time.
Driving time should be less than or equal to the total operation time.
The number of stops where PTO is engaged must not exceed the overall stop count.
Axle 1's load cannot exceed Axle 3's load.
The payload must not exceed the load carried by axle 3.
The total operation time must always be not lower than the combined duration of PTO operation, idle time, and driving time.";"Idle time cannot be greater than the total operation time.
Driving time should be less than or equal to the total operation time.
The number of stops where PTO is engaged must not exceed the overall stop count.
Axle 1's load cannot exceed Axle 3's load.
The payload must not exceed the load carried by axle 3.
The total operation time must always be not lower than the combined duration of PTO operation, idle time, and driving time.";6;[['idle time', 'total operation time'], ['driving time', 'total operation time'], ['stops with PTO engaged', 'stops'], ['axle 1 load', 'axle 3 load'], ['payload', 'axle 3 load'], ['total operation time', 'PTO operation time', 'idle time', 'driving time']];Llama-8;"def r1(idle_time: float, total_operation_time: float) -> bool:
    if idle_time <= total_operation_time:
        return True
    else:
        return False

def r2(driving_time: float, total_operation_time: float) -> bool:
    if driving_time <= total_operation_time:
        return True
    else:
        return False

def r3(pto_stops: int, overall_stops: int) -> bool:
    if pto_stops <= overall_stops:
        return True
    else:
        return False

def r4(axle1_load: float, axle3_load: float) -> bool:
    if axle1_load <= axle3_load:
        return True
    else:
        return False

def r5(payload: float, axle3_load: float) -> bool:
    if payload <= axle3_load:
        return True
    else:
        return False

def r6(pto_operation_time: float, idle_time: float, driving_time: float, total_operation_time: float) -> bool:
    if pto_operation_time + idle_time + driving_time <= total_operation_time:
        return True
    else:
        return False

def r7(arg1: float, arg2: float, arg3: float, arg4: float, arg5: float, arg6: float, arg7: float, arg8: float, arg9: float, arg10: float, arg11: float, arg12: float, arg13: float, arg14: float):
    return not(r1(arg1, arg2) and r2(arg3, arg4) and r3(arg5, arg6) and r4(arg7, arg8) and r5(arg9, arg10) and r6(arg11, arg12, arg13, arg14)), r1(arg1, arg2), r2(arg3, arg4), r3(arg5, arg6), r4(arg7, arg8), r5(arg9, arg10), r6(arg11, arg12, arg13, arg14)";Correct syntax;['True, True, True, True, False, False, True', 'False, True, True, True, True, True, True', 'True, False, False, False, True, True, False'];['True, True, True, True, False, False, False', 'True, True, True, True, True, True, False', 'True, False, False, False, True, True, False']
"System Message:
        You are a logician with a background in mathematics that translates natural language
        reasoning text to Python3 code so that these natural language reasoning problems can be solved.
        During the translation, please pay close attention to defining variables and rules.
        Do not add any comments from you.
        Be guided by the following example:
        Example input text:
        Textual context: If the parameter A's value is at least 20, the lowest possible value of parameter B is 5.
If the parameter C's value is at least 20, the lowest possible value of parameter D is 40.
Parameter E's value cannot be less than parameter F's value.
Parameter G's value cannot be less than parameter H's value.
Parameter I's value cannot be less than parameter J's value.
Parameter K's value cannot be less than parameter L's value.
Parameter M's value cannot be greater than parameter N's value.

        Example Python3 code:
        # If the parameter A's value is at least 20, the lowest possible value of parameter B is 5.
def r1(a: float, b: float) -> bool:
    if b / a >= 0.25:
        return True
    else:
        return False

# If the parameter C's value is at least 20, the lowest possible value of parameter D is 40.
def r2(c: float, d: float) -> bool:
    if d / c >= 2:
        return True
    else:
        return False

# Parameter E's value cannot be less than parameter F's value.
def r3(e: float, f: float) -> bool:
    if e >= f:
        return True
    else:
        return False

# Parameter G's value cannot be less than parameter H's value.
def r4(g: float, h: float) -> bool:
    if g >= h:
        return True
    else:
        return False

# Parameter I's value cannot be less than parameter J's value.
def r5(i: float, j: float) -> bool:
    if i >= j:
        return True
    else:
        return False

# Parameter K's value cannot be less than parameter L's value.
def r6(k: float, l: float) -> bool:
    if k >= l:
        return True
    else:
        return False

# Parameter M's value cannot be greater than parameter N's value.
def r7(m: float, n: float) -> bool:
    if m <= n:
        return True
    else:
        return False


        
Input text:
Textual context: PTO operation time cannot be greater than the total operation time.
The total stop count must not be lower than the count of stops where PTO is engaged.
The load carried by axle 1 must be smaller than or equal to the load on axle 2.
The load supported by axle 1 cannot exceed that of axle 3.
The combined time for PTO operation, idle time, and driving time must not surpass the total operation time.";"PTO operation time cannot be greater than the total operation time.
The total stop count must not be lower than the count of stops where PTO is engaged.
The load carried by axle 1 must be smaller than or equal to the load on axle 2.
The load supported by axle 1 cannot exceed that of axle 3.
The combined time for PTO operation, idle time, and driving time must not surpass the total operation time.";5;[['PTO operation time', 'total operation time'], ['stops', 'stops with PTO engaged'], ['axle 1 load', 'axle 2 load'], ['axle 1 load', 'axle 3 load'], ['PTO operation time', 'idle time', 'driving time', 'total operation time']];Llama-8;"def r1(pto_time: float, total_time: float) -> bool:
    if pto_time <= total_time:
        return True
    else:
        return False

def r2(total_stops: int, pto_stops: int) -> bool:
    if total_stops >= pto_stops:
        return True
    else:
        return False

def r3(axle1_load: float, axle2_load: float) -> bool:
    if axle1_load <= axle2_load:
        return True
    else:
        return False

def r4(axle1_load: float, axle3_load: float) -> bool:
    if axle1_load <= axle3_load:
        return True
    else:
        return False

def r5(pto_time: float, idle_time: float, driving_time: float, total_time: float) -> bool:
    if pto_time + idle_time + driving_time <= total_time:
        return True
    else:
        return False

def r6(arg1: float, arg2: float, arg3: float, arg4: float, arg5: float, arg6: float, arg7: float, arg8: float, arg9: float, arg10: float, arg11: float, arg12: float):
    return not(r1(arg1, arg2) and r2(arg3, arg4) and r3(arg5, arg6) and r4(arg7, arg8) and r5(arg9, arg10, arg11, arg12)), r1(arg1, arg2), r2(arg3, arg4), r3(arg5, arg6), r4(arg7, arg8), r5(arg9, arg10, arg11, arg12)";Correct syntax;['True, True, True, False, False, True', 'False, True, True, True, True, True', 'True, False, False, True, True, False'];['True, True, True, False, False, True', 'False, True, True, True, True, True', 'True, False, False, True, True, False']
"System Message:
        You are a logician with a background in mathematics that translates natural language
        reasoning text to Python3 code so that these natural language reasoning problems can be solved.
        During the translation, please pay close attention to defining variables and rules.
        Do not add any comments from you.
        Be guided by the following example:
        Example input text:
        Textual context: If the parameter A's value is at least 20, the lowest possible value of parameter B is 5.
If the parameter C's value is at least 20, the lowest possible value of parameter D is 40.
Parameter E's value cannot be less than parameter F's value.
Parameter G's value cannot be less than parameter H's value.
Parameter I's value cannot be less than parameter J's value.
Parameter K's value cannot be less than parameter L's value.
Parameter M's value cannot be greater than parameter N's value.

        Example Python3 code:
        # If the parameter A's value is at least 20, the lowest possible value of parameter B is 5.
def r1(a: float, b: float) -> bool:
    if b / a >= 0.25:
        return True
    else:
        return False

# If the parameter C's value is at least 20, the lowest possible value of parameter D is 40.
def r2(c: float, d: float) -> bool:
    if d / c >= 2:
        return True
    else:
        return False

# Parameter E's value cannot be less than parameter F's value.
def r3(e: float, f: float) -> bool:
    if e >= f:
        return True
    else:
        return False

# Parameter G's value cannot be less than parameter H's value.
def r4(g: float, h: float) -> bool:
    if g >= h:
        return True
    else:
        return False

# Parameter I's value cannot be less than parameter J's value.
def r5(i: float, j: float) -> bool:
    if i >= j:
        return True
    else:
        return False

# Parameter K's value cannot be less than parameter L's value.
def r6(k: float, l: float) -> bool:
    if k >= l:
        return True
    else:
        return False

# Parameter M's value cannot be greater than parameter N's value.
def r7(m: float, n: float) -> bool:
    if m <= n:
        return True
    else:
        return False


        
Input text:
Textual context: The total operation duration must not be lower than the PTO operation time.
The total stop count must not be lower than the count of stops where PTO is engaged.
Axle 1's load cannot exceed Axle 3's load.
The payload must not exceed the load carried by axle 2.
The payload must not exceed the load carried by axle 3.
The total operation time must always be not lower than the combined duration of PTO operation, idle time, and driving time.";"The total operation duration must not be lower than the PTO operation time.
The total stop count must not be lower than the count of stops where PTO is engaged.
Axle 1's load cannot exceed Axle 3's load.
The payload must not exceed the load carried by axle 2.
The payload must not exceed the load carried by axle 3.
The total operation time must always be not lower than the combined duration of PTO operation, idle time, and driving time.";6;[['total operation time', 'PTO operation time'], ['stops', 'stops with PTO engaged'], ['axle 1 load', 'axle 3 load'], ['payload', 'axle 2 load'], ['payload', 'axle 3 load'], ['total operation time', 'PTO operation time', 'idle time', 'driving time']];Llama-8;"def r1(total_operation_time: float, pto_operation_time: float) -> bool:
    if total_operation_time >= pto_operation_time:
        return True
    else:
        return False

def r2(total_stop_count: int, pto_stop_count: int) -> bool:
    if total_stop_count >= pto_stop_count:
        return True
    else:
        return False

def r3(axle1_load: float, axle3_load: float) -> bool:
    if axle1_load <= axle3_load:
        return True
    else:
        return False

def r4(payload: float, axle2_load: float) -> bool:
    if payload <= axle2_load:
        return True
    else:
        return False

def r5(payload: float, axle3_load: float) -> bool:
    if payload <= axle3_load:
        return True
    else:
        return False

def r6(total_operation_time: float, pto_operation_time: float, idle_time: float, driving_time: float) -> bool:
    if total_operation_time >= pto_operation_time + idle_time + driving_time:
        return True
    else:
        return False

def r7(arg1: float, arg2: float, arg3: float, arg4: float, arg5: float, arg6: float, arg7: float, arg8: float, arg9: float, arg10: float, arg11: float, arg12: float, arg13: float, arg14: float):
    return not(r1(arg1, arg2) and r2(arg3, arg4) and r3(arg5, arg6) and r4(arg7, arg8) and r5(arg9, arg10) and r6(arg11, arg12, arg13, arg14)), r1(arg1, arg2), r2(arg3, arg4), r3(arg5, arg6), r4(arg7, arg8), r5(arg9, arg10), r6(arg11, arg12, arg13, arg14)";Correct syntax;['True, True, True, False, False, False, True', 'False, True, True, True, True, True, True', 'True, False, False, True, True, True, False'];['True, True, True, False, False, False, True', 'False, True, True, True, True, True, True', 'True, False, False, True, True, True, False']
"System Message:
        You are a logician with a background in mathematics that translates natural language
        reasoning text to Python3 code so that these natural language reasoning problems can be solved.
        During the translation, please pay close attention to defining variables and rules.
        Do not add any comments from you.
        Be guided by the following example:
        Example input text:
        Textual context: If the parameter A's value is at least 20, the lowest possible value of parameter B is 5.
If the parameter C's value is at least 20, the lowest possible value of parameter D is 40.
Parameter E's value cannot be less than parameter F's value.
Parameter G's value cannot be less than parameter H's value.
Parameter I's value cannot be less than parameter J's value.
Parameter K's value cannot be less than parameter L's value.
Parameter M's value cannot be greater than parameter N's value.

        Example Python3 code:
        # If the parameter A's value is at least 20, the lowest possible value of parameter B is 5.
def r1(a: float, b: float) -> bool:
    if b / a >= 0.25:
        return True
    else:
        return False

# If the parameter C's value is at least 20, the lowest possible value of parameter D is 40.
def r2(c: float, d: float) -> bool:
    if d / c >= 2:
        return True
    else:
        return False

# Parameter E's value cannot be less than parameter F's value.
def r3(e: float, f: float) -> bool:
    if e >= f:
        return True
    else:
        return False

# Parameter G's value cannot be less than parameter H's value.
def r4(g: float, h: float) -> bool:
    if g >= h:
        return True
    else:
        return False

# Parameter I's value cannot be less than parameter J's value.
def r5(i: float, j: float) -> bool:
    if i >= j:
        return True
    else:
        return False

# Parameter K's value cannot be less than parameter L's value.
def r6(k: float, l: float) -> bool:
    if k >= l:
        return True
    else:
        return False

# Parameter M's value cannot be greater than parameter N's value.
def r7(m: float, n: float) -> bool:
    if m <= n:
        return True
    else:
        return False


        
Input text:
Textual context: Idle time must always be less than or equal to the total operation time.
Stops with PTO engaged cannot outnumber the total stops.
The load on axle 1 must not surpass the load on axle 2.
The weight on axle 1 cannot surpass the weight on axle 3.
Total operation time should be at least the sum of PTO, idle, and driving times.";"Idle time must always be less than or equal to the total operation time.
Stops with PTO engaged cannot outnumber the total stops.
The load on axle 1 must not surpass the load on axle 2.
The weight on axle 1 cannot surpass the weight on axle 3.
Total operation time should be at least the sum of PTO, idle, and driving times.";5;[['idle time', 'total operation time'], ['stops with PTO engaged', 'stops'], ['axle 1 load', 'axle 2 load'], ['axle 1 load', 'axle 3 load'], ['total operation time', 'PTO operation time', 'idle time', 'driving time']];Llama-8;"def r1(i: float, t: float) -> bool:
    if i <= t:
        return True
    else:
        return False

def r2(s: float, t: float) -> bool:
    if s <= t:
        return True
    else:
        return False

def r3(l1: float, l2: float) -> bool:
    if l1 <= l2:
        return True
    else:
        return False

def r4(w1: float, w3: float) -> bool:
    if w1 <= w3:
        return True
    else:
        return False

def r5(t: float, p: float, i: float, d: float) -> bool:
    if t >= p + i + d:
        return True
    else:
        return False

def r6(arg1: float, arg2: float, arg3: float, arg4: float, arg5: float, arg6: float, arg7: float, arg8: float, arg9: float, arg10: float, arg11: float, arg12: float):
    return not(r1(arg1, arg2) and r2(arg3, arg4) and r3(arg5, arg6) and r4(arg7, arg8) and r5(arg9, arg10, arg11, arg12)), r1(arg1, arg2), r2(arg3, arg4), r3(arg5, arg6), r4(arg7, arg8), r5(arg9, arg10, arg11, arg12)";Correct syntax;['True, True, True, False, False, True', 'False, True, True, True, True, True', 'True, False, False, True, True, False'];['True, True, True, False, False, True', 'False, True, True, True, True, True', 'True, False, False, True, True, False']
"System Message:
        You are a logician with a background in mathematics that translates natural language
        reasoning text to Python3 code so that these natural language reasoning problems can be solved.
        During the translation, please pay close attention to defining variables and rules.
        Do not add any comments from you.
        Be guided by the following example:
        Example input text:
        Textual context: If the parameter A's value is at least 20, the lowest possible value of parameter B is 5.
If the parameter C's value is at least 20, the lowest possible value of parameter D is 40.
Parameter E's value cannot be less than parameter F's value.
Parameter G's value cannot be less than parameter H's value.
Parameter I's value cannot be less than parameter J's value.
Parameter K's value cannot be less than parameter L's value.
Parameter M's value cannot be greater than parameter N's value.

        Example Python3 code:
        # If the parameter A's value is at least 20, the lowest possible value of parameter B is 5.
def r1(a: float, b: float) -> bool:
    if b / a >= 0.25:
        return True
    else:
        return False

# If the parameter C's value is at least 20, the lowest possible value of parameter D is 40.
def r2(c: float, d: float) -> bool:
    if d / c >= 2:
        return True
    else:
        return False

# Parameter E's value cannot be less than parameter F's value.
def r3(e: float, f: float) -> bool:
    if e >= f:
        return True
    else:
        return False

# Parameter G's value cannot be less than parameter H's value.
def r4(g: float, h: float) -> bool:
    if g >= h:
        return True
    else:
        return False

# Parameter I's value cannot be less than parameter J's value.
def r5(i: float, j: float) -> bool:
    if i >= j:
        return True
    else:
        return False

# Parameter K's value cannot be less than parameter L's value.
def r6(k: float, l: float) -> bool:
    if k >= l:
        return True
    else:
        return False

# Parameter M's value cannot be greater than parameter N's value.
def r7(m: float, n: float) -> bool:
    if m <= n:
        return True
    else:
        return False


        
Input text:
Textual context: Total operation time shouldn’t be lower than idle time.
Stops with PTO engaged cannot outnumber the total stops.
The load on axle 1 must not surpass the load on axle 2.
Axle 1's load cannot exceed Axle 3's load.
The payload cannot exceed the capacity of axle 3.
The combined time for PTO operation, idle time, and driving time must not surpass the total operation time.";"Total operation time shouldn’t be lower than idle time.
Stops with PTO engaged cannot outnumber the total stops.
The load on axle 1 must not surpass the load on axle 2.
Axle 1's load cannot exceed Axle 3's load.
The payload cannot exceed the capacity of axle 3.
The combined time for PTO operation, idle time, and driving time must not surpass the total operation time.";6;[['total operation time', 'idle time'], ['stops with PTO engaged', 'stops'], ['axle 1 load', 'axle 2 load'], ['axle 1 load', 'axle 3 load'], ['payload', 'axle 3 load'], ['PTO operation time', 'idle time', 'driving time', 'total operation time']];Llama-8;"def r1(operation_time: float, idle_time: float) -> bool:
    if operation_time >= idle_time:
        return True
    else:
        return False

def r2(pto_stops: int, total_stops: int) -> bool:
    if pto_stops <= total_stops:
        return True
    else:
        return False

def r3(axle1_load: float, axle2_load: float) -> bool:
    if axle1_load <= axle2_load:
        return True
    else:
        return False

def r4(axle1_load: float, axle3_load: float) -> bool:
    if axle1_load <= axle3_load:
        return True
    else:
        return False

def r5(payload: float, axle3_capacity: float) -> bool:
    if payload <= axle3_capacity:
        return True
    else:
        return False

def r6(pto_time: float, idle_time: float, driving_time: float, operation_time: float) -> bool:
    if pto_time + idle_time + driving_time <= operation_time:
        return True
    else:
        return False

def r7(arg1: float, arg2: float, arg3: float, arg4: float, arg5: float, arg6: float, arg7: float, arg8: float, arg9: float, arg10: float, arg11: float, arg12: float, arg13: float, arg14: float):
    return not(r1(arg1, arg2) and r2(arg3, arg4) and r3(arg5, arg6) and r4(arg7, arg8) and r5(arg9, arg10) and r6(arg11, arg12, arg13, arg14)), r1(arg1, arg2), r2(arg3, arg4), r3(arg5, arg6), r4(arg7, arg8), r5(arg9, arg10), r6(arg11, arg12, arg13, arg14)";Correct syntax;['True, True, True, False, False, False, True', 'False, True, True, True, True, True, True', 'True, False, False, True, True, True, False'];['True, True, True, False, False, False, True', 'False, True, True, True, True, True, True', 'True, False, False, True, True, True, False']
"System Message:
        You are a logician with a background in mathematics that translates natural language
        reasoning text to Python3 code so that these natural language reasoning problems can be solved.
        During the translation, please pay close attention to defining variables and rules.
        Do not add any comments from you.
        Be guided by the following example:
        Example input text:
        Textual context: If the parameter A's value is at least 20, the lowest possible value of parameter B is 5.
If the parameter C's value is at least 20, the lowest possible value of parameter D is 40.
Parameter E's value cannot be less than parameter F's value.
Parameter G's value cannot be less than parameter H's value.
Parameter I's value cannot be less than parameter J's value.
Parameter K's value cannot be less than parameter L's value.
Parameter M's value cannot be greater than parameter N's value.

        Example Python3 code:
        # If the parameter A's value is at least 20, the lowest possible value of parameter B is 5.
def r1(a: float, b: float) -> bool:
    if b / a >= 0.25:
        return True
    else:
        return False

# If the parameter C's value is at least 20, the lowest possible value of parameter D is 40.
def r2(c: float, d: float) -> bool:
    if d / c >= 2:
        return True
    else:
        return False

# Parameter E's value cannot be less than parameter F's value.
def r3(e: float, f: float) -> bool:
    if e >= f:
        return True
    else:
        return False

# Parameter G's value cannot be less than parameter H's value.
def r4(g: float, h: float) -> bool:
    if g >= h:
        return True
    else:
        return False

# Parameter I's value cannot be less than parameter J's value.
def r5(i: float, j: float) -> bool:
    if i >= j:
        return True
    else:
        return False

# Parameter K's value cannot be less than parameter L's value.
def r6(k: float, l: float) -> bool:
    if k >= l:
        return True
    else:
        return False

# Parameter M's value cannot be greater than parameter N's value.
def r7(m: float, n: float) -> bool:
    if m <= n:
        return True
    else:
        return False


        
Input text:
Textual context: Total operation time shouldn’t be lower than PTO operation time.
Idle time should be less than or equal to the total operation time.
The total stop count must not be lower than the count of stops where PTO is engaged.
The load supported by axle 1 cannot exceed that of axle 2.
The payload must always be smaller than or equal to the load on axle 2.
Axle 3's load must always be equal to or greater than the payload.";"Total operation time shouldn’t be lower than PTO operation time.
Idle time should be less than or equal to the total operation time.
The total stop count must not be lower than the count of stops where PTO is engaged.
The load supported by axle 1 cannot exceed that of axle 2.
The payload must always be smaller than or equal to the load on axle 2.
Axle 3's load must always be equal to or greater than the payload.";6;[['total operation time', 'PTO operation time'], ['idle time', 'total operation time'], ['stops', 'stops with PTO engaged'], ['axle 1 load', 'axle 2 load'], ['payload', 'axle 2 load'], ['axle 3 load', 'payload']];Llama-8;"def r1(total_operation_time: float, pto_operation_time: float) -> bool:
    if total_operation_time >= pto_operation_time:
        return True
    else:
        return False

def r2(idle_time: float, total_operation_time: float) -> bool:
    if idle_time <= total_operation_time:
        return True
    else:
        return False

def r3(total_stop_count: int, pto_stop_count: int) -> bool:
    if total_stop_count >= pto_stop_count:
        return True
    else:
        return False

def r4(axle1_load: float, axle2_load: float) -> bool:
    if axle1_load <= axle2_load:
        return True
    else:
        return False

def r5(payload: float, axle2_load: float) -> bool:
    if payload <= axle2_load:
        return True
    else:
        return False

def r6(axle3_load: float, payload: float) -> bool:
    if axle3_load >= payload:
        return True
    else:
        return False

def r7(arg1: float, arg2: float, arg3: float, arg4: float, arg5: float, arg6: float, arg7: float, arg8: float, arg9: float, arg10: float, arg11: float, arg12: float):
    return not(r1(arg1, arg2) and r2(arg3, arg4) and r3(arg5, arg6) and r4(arg7, arg8) and r5(arg9, arg10) and r6(arg11, arg12)), r1(arg1, arg2), r2(arg3, arg4), r3(arg5, arg6), r4(arg7, arg8), r5(arg9, arg10), r6(arg11, arg12)";Correct syntax;['True, True, True, True, False, False, False', 'False, True, True, True, True, True, True', 'True, False, False, False, True, True, True'];['True, True, True, True, False, False, False', 'False, True, True, True, True, True, True', 'True, False, False, False, True, True, True']
"System Message:
        You are a logician with a background in mathematics that translates natural language
        reasoning text to Python3 code so that these natural language reasoning problems can be solved.
        During the translation, please pay close attention to defining variables and rules.
        Do not add any comments from you.
        Be guided by the following example:
        Example input text:
        Textual context: If the parameter A's value is at least 20, the lowest possible value of parameter B is 5.
If the parameter C's value is at least 20, the lowest possible value of parameter D is 40.
Parameter E's value cannot be less than parameter F's value.
Parameter G's value cannot be less than parameter H's value.
Parameter I's value cannot be less than parameter J's value.
Parameter K's value cannot be less than parameter L's value.
Parameter M's value cannot be greater than parameter N's value.

        Example Python3 code:
        # If the parameter A's value is at least 20, the lowest possible value of parameter B is 5.
def r1(a: float, b: float) -> bool:
    if b / a >= 0.25:
        return True
    else:
        return False

# If the parameter C's value is at least 20, the lowest possible value of parameter D is 40.
def r2(c: float, d: float) -> bool:
    if d / c >= 2:
        return True
    else:
        return False

# Parameter E's value cannot be less than parameter F's value.
def r3(e: float, f: float) -> bool:
    if e >= f:
        return True
    else:
        return False

# Parameter G's value cannot be less than parameter H's value.
def r4(g: float, h: float) -> bool:
    if g >= h:
        return True
    else:
        return False

# Parameter I's value cannot be less than parameter J's value.
def r5(i: float, j: float) -> bool:
    if i >= j:
        return True
    else:
        return False

# Parameter K's value cannot be less than parameter L's value.
def r6(k: float, l: float) -> bool:
    if k >= l:
        return True
    else:
        return False

# Parameter M's value cannot be greater than parameter N's value.
def r7(m: float, n: float) -> bool:
    if m <= n:
        return True
    else:
        return False


        
Input text:
Textual context: PTO operation time should be less than or equal to the total operation time.
Total operation time shouldn’t be lower than idle time.
The load on axle 1 must not surpass the load on axle 2.
Axle 2's load must always be equal to or greater than the payload.
Payload must remain below or equal to the load carried by axle 3.
The total operation duration must always be greater than or equal to the combined time for PTO, idle, and driving.";"PTO operation time should be less than or equal to the total operation time.
Total operation time shouldn’t be lower than idle time.
The load on axle 1 must not surpass the load on axle 2.
Axle 2's load must always be equal to or greater than the payload.
Payload must remain below or equal to the load carried by axle 3.
The total operation duration must always be greater than or equal to the combined time for PTO, idle, and driving.";6;[['PTO operation time', 'total operation time'], ['total operation time', 'idle time'], ['axle 1 load', 'axle 2 load'], ['axle 2 load', 'payload'], ['payload', 'axle 3 load'], ['total operation time', 'PTO operation time', 'idle time', 'driving time']];Llama-8;"def r1(pto_time: float, total_operation_time: float) -> bool:
    if pto_time <= total_operation_time:
        return True
    else:
        return False

def r2(total_operation_time: float, idle_time: float) -> bool:
    if total_operation_time >= idle_time:
        return True
    else:
        return False

def r3(axle1_load: float, axle2_load: float) -> bool:
    if axle1_load <= axle2_load:
        return True
    else:
        return False

def r4(axle2_load: float, payload: float) -> bool:
    if axle2_load >= payload:
        return True
    else:
        return False

def r5(payload: float, axle3_load: float) -> bool:
    if payload <= axle3_load:
        return True
    else:
        return False

def r6(total_operation_duration: float, pto_time: float, idle_time: float, driving_time: float) -> bool:
    if total_operation_duration >= pto_time + idle_time + driving_time:
        return True
    else:
        return False

def r7(arg1: float, arg2: float, arg3: float, arg4: float, arg5: float, arg6: float, arg7: float, arg8: float, arg9: float, arg10: float, arg11: float, arg12: float, arg13: float, arg14: float):
    return not(r1(arg1, arg2) and r2(arg3, arg4) and r3(arg5, arg6) and r4(arg7, arg8) and r5(arg9, arg10) and r6(arg11, arg12, arg13, arg14)), r1(arg1, arg2), r2(arg3, arg4), r3(arg5, arg6), r4(arg7, arg8), r5(arg9, arg10), r6(arg11, arg12, arg13, arg14)";Correct syntax;['True, True, True, False, False, False, True', 'False, True, True, True, True, True, True', 'True, False, False, True, True, True, False'];['True, True, True, False, False, False, True', 'False, True, True, True, True, True, True', 'True, False, False, True, True, True, False']
"System Message:
        You are a logician with a background in mathematics that translates natural language
        reasoning text to Python3 code so that these natural language reasoning problems can be solved.
        During the translation, please pay close attention to defining variables and rules.
        Do not add any comments from you.
        Be guided by the following example:
        Example input text:
        Textual context: If the parameter A's value is at least 20, the lowest possible value of parameter B is 5.
If the parameter C's value is at least 20, the lowest possible value of parameter D is 40.
Parameter E's value cannot be less than parameter F's value.
Parameter G's value cannot be less than parameter H's value.
Parameter I's value cannot be less than parameter J's value.
Parameter K's value cannot be less than parameter L's value.
Parameter M's value cannot be greater than parameter N's value.

        Example Python3 code:
        # If the parameter A's value is at least 20, the lowest possible value of parameter B is 5.
def r1(a: float, b: float) -> bool:
    if b / a >= 0.25:
        return True
    else:
        return False

# If the parameter C's value is at least 20, the lowest possible value of parameter D is 40.
def r2(c: float, d: float) -> bool:
    if d / c >= 2:
        return True
    else:
        return False

# Parameter E's value cannot be less than parameter F's value.
def r3(e: float, f: float) -> bool:
    if e >= f:
        return True
    else:
        return False

# Parameter G's value cannot be less than parameter H's value.
def r4(g: float, h: float) -> bool:
    if g >= h:
        return True
    else:
        return False

# Parameter I's value cannot be less than parameter J's value.
def r5(i: float, j: float) -> bool:
    if i >= j:
        return True
    else:
        return False

# Parameter K's value cannot be less than parameter L's value.
def r6(k: float, l: float) -> bool:
    if k >= l:
        return True
    else:
        return False

# Parameter M's value cannot be greater than parameter N's value.
def r7(m: float, n: float) -> bool:
    if m <= n:
        return True
    else:
        return False


        
Input text:
Textual context: The total operation duration must not be lower than the PTO operation time.
Total operation time should shouldn’t be lower than driving time.
The total stop count must not be lower than the count of stops where PTO is engaged.
The payload must not exceed the load carried by axle 3.
The combined time for PTO operation, idle time, and driving time must not surpass the total operation time.";"The total operation duration must not be lower than the PTO operation time.
Total operation time should shouldn’t be lower than driving time.
The total stop count must not be lower than the count of stops where PTO is engaged.
The payload must not exceed the load carried by axle 3.
The combined time for PTO operation, idle time, and driving time must not surpass the total operation time.";5;[['total operation time', 'PTO operation time'], ['total operation time', 'driving time'], ['stops', 'stops with PTO engaged'], ['payload', 'axle 3 load'], ['PTO operation time', 'idle time', 'driving time', 'total operation time']];Llama-8;"def r1(o: float, p: float) -> bool:
    if o >= p:
        return True
    else:
        return False

def r2(o: float, d: float) -> bool:
    if o >= d:
        return True
    else:
        return False

def r3(s: float, c: float) -> bool:
    if s >= c:
        return True
    else:
        return False

def r4(p: float, l: float) -> bool:
    if p <= l:
        return True
    else:
        return False

def r5(t: float, p: float, i: float, d: float) -> bool:
    if t >= p + i + d:
        return True
    else:
        return False

def r6(arg1: float, arg2: float, arg3: float, arg4: float, arg5: float, arg6: float, arg7: float, arg8: float, arg9: float, arg10: float, arg11: float, arg12: float):
    return not(r1(arg1, arg2) and r2(arg3, arg4) and r3(arg5, arg6) and r4(arg7, arg8) and r5(arg9, arg10, arg11, arg12)), r1(arg1, arg2), r2(arg3, arg4), r3(arg5, arg6), r4(arg7, arg8), r5(arg9, arg10, arg11, arg12)";Correct syntax;['True, True, True, True, False, True', 'False, True, True, True, True, True', 'True, False, False, False, True, False'];['True, True, True, True, False, False', 'True, True, True, True, True, False', 'True, False, False, False, True, False']
"System Message:
        You are a logician with a background in mathematics that translates natural language
        reasoning text to Python3 code so that these natural language reasoning problems can be solved.
        During the translation, please pay close attention to defining variables and rules.
        Do not add any comments from you.
        Be guided by the following example:
        Example input text:
        Textual context: If the parameter A's value is at least 20, the lowest possible value of parameter B is 5.
If the parameter C's value is at least 20, the lowest possible value of parameter D is 40.
Parameter E's value cannot be less than parameter F's value.
Parameter G's value cannot be less than parameter H's value.
Parameter I's value cannot be less than parameter J's value.
Parameter K's value cannot be less than parameter L's value.
Parameter M's value cannot be greater than parameter N's value.

        Example Python3 code:
        # If the parameter A's value is at least 20, the lowest possible value of parameter B is 5.
def r1(a: float, b: float) -> bool:
    if b / a >= 0.25:
        return True
    else:
        return False

# If the parameter C's value is at least 20, the lowest possible value of parameter D is 40.
def r2(c: float, d: float) -> bool:
    if d / c >= 2:
        return True
    else:
        return False

# Parameter E's value cannot be less than parameter F's value.
def r3(e: float, f: float) -> bool:
    if e >= f:
        return True
    else:
        return False

# Parameter G's value cannot be less than parameter H's value.
def r4(g: float, h: float) -> bool:
    if g >= h:
        return True
    else:
        return False

# Parameter I's value cannot be less than parameter J's value.
def r5(i: float, j: float) -> bool:
    if i >= j:
        return True
    else:
        return False

# Parameter K's value cannot be less than parameter L's value.
def r6(k: float, l: float) -> bool:
    if k >= l:
        return True
    else:
        return False

# Parameter M's value cannot be greater than parameter N's value.
def r7(m: float, n: float) -> bool:
    if m <= n:
        return True
    else:
        return False


        
Input text:
Textual context: The total operation durationmust not be lower than the driving time.
Stops with PTO engaged should never outnumber total stops.
The load on axle 1 must not surpass the load on axle 3.
The payload cannot exceed the capacity of axle 2.
The payload must not exceed the load carried by axle 3.";"The total operation durationmust not be lower than the driving time.
Stops with PTO engaged should never outnumber total stops.
The load on axle 1 must not surpass the load on axle 3.
The payload cannot exceed the capacity of axle 2.
The payload must not exceed the load carried by axle 3.";5;[['total operation time', 'driving time'], ['stops with PTO engaged', 'stops'], ['axle 1 load', 'axle 3 load'], ['payload', 'axle 2 load'], ['payload', 'axle 3 load']];Llama-8;"def r1(operation_time: float, driving_time: float) -> bool:
    if operation_time >= driving_time:
        return True
    else:
        return False

def r2(pto_stops: int, total_stops: int) -> bool:
    if pto_stops <= total_stops:
        return True
    else:
        return False

def r3(axle1: float, axle3: float) -> bool:
    if axle1 <= axle3:
        return True
    else:
        return False

def r4(payload: float, axle2: float) -> bool:
    if payload <= axle2:
        return True
    else:
        return False

def r5(payload: float, axle3: float) -> bool:
    if payload <= axle3:
        return True
    else:
        return False

def r6(arg1: float, arg2: float, arg3: float, arg4: float, arg5: float, arg6: float, arg7: float, arg8: float, arg9: float, arg10: float):
    return not(r1(arg1, arg2) and r2(arg3, arg4) and r3(arg5, arg6) and r4(arg7, arg8) and r5(arg9, arg10)), r1(arg1, arg2), r2(arg3, arg4), r3(arg5, arg6), r4(arg7, arg8), r5(arg9, arg10)";Correct syntax;['True, True, True, False, False, False', 'False, True, True, True, True, True', 'True, False, False, True, True, True'];['True, True, True, False, False, False', 'False, True, True, True, True, True', 'True, False, False, True, True, True']
"System Message:
        You are a logician with a background in mathematics that translates natural language
        reasoning text to Python3 code so that these natural language reasoning problems can be solved.
        During the translation, please pay close attention to defining variables and rules.
        Do not add any comments from you.
        Be guided by the following example:
        Example input text:
        Textual context: If the parameter A's value is at least 20, the lowest possible value of parameter B is 5.
If the parameter C's value is at least 20, the lowest possible value of parameter D is 40.
Parameter E's value cannot be less than parameter F's value.
Parameter G's value cannot be less than parameter H's value.
Parameter I's value cannot be less than parameter J's value.
Parameter K's value cannot be less than parameter L's value.
Parameter M's value cannot be greater than parameter N's value.

        Example Python3 code:
        # If the parameter A's value is at least 20, the lowest possible value of parameter B is 5.
def r1(a: float, b: float) -> bool:
    if b / a >= 0.25:
        return True
    else:
        return False

# If the parameter C's value is at least 20, the lowest possible value of parameter D is 40.
def r2(c: float, d: float) -> bool:
    if d / c >= 2:
        return True
    else:
        return False

# Parameter E's value cannot be less than parameter F's value.
def r3(e: float, f: float) -> bool:
    if e >= f:
        return True
    else:
        return False

# Parameter G's value cannot be less than parameter H's value.
def r4(g: float, h: float) -> bool:
    if g >= h:
        return True
    else:
        return False

# Parameter I's value cannot be less than parameter J's value.
def r5(i: float, j: float) -> bool:
    if i >= j:
        return True
    else:
        return False

# Parameter K's value cannot be less than parameter L's value.
def r6(k: float, l: float) -> bool:
    if k >= l:
        return True
    else:
        return False

# Parameter M's value cannot be greater than parameter N's value.
def r7(m: float, n: float) -> bool:
    if m <= n:
        return True
    else:
        return False


        
Input text:
Textual context: PTO operation time must be less than or equal to the total operation time.
The total operation durationmust not be lower than the driving time.
The number of stops where PTO is engaged must not exceed the overall stop count.
The load supported by axle 1 cannot exceed that of axle 2.
The load carried by axle 1 must be smaller than or equal to the load on axle 3.
Axle 2's load must always be equal to or greater than the payload.";"PTO operation time must be less than or equal to the total operation time.
The total operation durationmust not be lower than the driving time.
The number of stops where PTO is engaged must not exceed the overall stop count.
The load supported by axle 1 cannot exceed that of axle 2.
The load carried by axle 1 must be smaller than or equal to the load on axle 3.
Axle 2's load must always be equal to or greater than the payload.";6;[['PTO operation time', 'total operation time'], ['total operation time', 'driving time'], ['stops with PTO engaged', 'stops'], ['axle 1 load', 'axle 2 load'], ['axle 1 load', 'axle 3 load'], ['axle 2 load', 'payload']];Llama-8;"def r1(pto: float, total: float) -> bool:
    if pto <= total:
        return True
    else:
        return False

def r2(total: float, driving: float) -> bool:
    if total >= driving:
        return True
    else:
        return False

def r3(pto_stops: int, overall_stops: int) -> bool:
    if pto_stops <= overall_stops:
        return True
    else:
        return False

def r4(axle1: float, axle2: float) -> bool:
    if axle1 <= axle2:
        return True
    else:
        return False

def r5(axle1: float, axle3: float) -> bool:
    if axle1 <= axle3:
        return True
    else:
        return False

def r6(axle2: float, payload: float) -> bool:
    if axle2 >= payload:
        return True
    else:
        return False

def r7(arg1: float, arg2: float, arg3: float, arg4: float, arg5: float, arg6: float, arg7: float, arg8: float, arg9: float, arg10: float, arg11: float, arg12: float):
    return not(r1(arg1, arg2) and r2(arg3, arg4) and r3(arg5, arg6) and r4(arg7, arg8) and r5(arg9, arg10) and r6(arg11, arg12)), r1(arg1, arg2), r2(arg3, arg4), r3(arg5, arg6), r4(arg7, arg8), r5(arg9, arg10), r6(arg11, arg12)";Correct syntax;['True, True, True, True, False, False, False', 'False, True, True, True, True, True, True', 'True, False, False, False, True, True, True'];['True, True, True, True, False, False, False', 'False, True, True, True, True, True, True', 'True, False, False, False, True, True, True']
"System Message:
        You are a logician with a background in mathematics that translates natural language
        reasoning text to Python3 code so that these natural language reasoning problems can be solved.
        During the translation, please pay close attention to defining variables and rules.
        Do not add any comments from you.
        Be guided by the following example:
        Example input text:
        Textual context: If the parameter A's value is at least 20, the lowest possible value of parameter B is 5.
If the parameter C's value is at least 20, the lowest possible value of parameter D is 40.
Parameter E's value cannot be less than parameter F's value.
Parameter G's value cannot be less than parameter H's value.
Parameter I's value cannot be less than parameter J's value.
Parameter K's value cannot be less than parameter L's value.
Parameter M's value cannot be greater than parameter N's value.

        Example Python3 code:
        # If the parameter A's value is at least 20, the lowest possible value of parameter B is 5.
def r1(a: float, b: float) -> bool:
    if b / a >= 0.25:
        return True
    else:
        return False

# If the parameter C's value is at least 20, the lowest possible value of parameter D is 40.
def r2(c: float, d: float) -> bool:
    if d / c >= 2:
        return True
    else:
        return False

# Parameter E's value cannot be less than parameter F's value.
def r3(e: float, f: float) -> bool:
    if e >= f:
        return True
    else:
        return False

# Parameter G's value cannot be less than parameter H's value.
def r4(g: float, h: float) -> bool:
    if g >= h:
        return True
    else:
        return False

# Parameter I's value cannot be less than parameter J's value.
def r5(i: float, j: float) -> bool:
    if i >= j:
        return True
    else:
        return False

# Parameter K's value cannot be less than parameter L's value.
def r6(k: float, l: float) -> bool:
    if k >= l:
        return True
    else:
        return False

# Parameter M's value cannot be greater than parameter N's value.
def r7(m: float, n: float) -> bool:
    if m <= n:
        return True
    else:
        return False


        
Input text:
Textual context: The total operation duration must not be lower than the idle time.
Stops with PTO engaged should never outnumber total stops.
The load supported by axle 1 cannot exceed that of axle 2.
The load carried by axle 1 must be smaller than or equal to the load on axle 3.
The payload cannot exceed the capacity of axle 2.
The payload cannot exceed the capacity of axle 3.";"The total operation duration must not be lower than the idle time.
Stops with PTO engaged should never outnumber total stops.
The load supported by axle 1 cannot exceed that of axle 2.
The load carried by axle 1 must be smaller than or equal to the load on axle 3.
The payload cannot exceed the capacity of axle 2.
The payload cannot exceed the capacity of axle 3.";6;[['total operation time', 'idle time'], ['stops with PTO engaged', 'stops'], ['axle 1 load', 'axle 2 load'], ['axle 1 load', 'axle 3 load'], ['payload', 'axle 2 load'], ['payload', 'axle 3 load']];Llama-8;"def r1(c: float, d: float) -> bool:
    if c >= d:
        return True
    else:
        return False

def r2(e: float, f: float) -> bool:
    if e <= f:
        return True
    else:
        return False

def r3(g: float, h: float) -> bool:
    if g <= h:
        return True
    else:
        return False

def r4(i: float, j: float) -> bool:
    if i <= j:
        return True
    else:
        return False

def r5(k: float, l: float) -> bool:
    if k <= l:
        return True
    else:
        return False

def r6(m: float, n: float) -> bool:
    if m <= n:
        return True
    else:
        return False

def r7(arg1: float, arg2: float, arg3: float, arg4: float, arg5: float, arg6: float, arg7: float, arg8: float, arg9: float, arg10: float, arg11: float, arg12: float):
    return not(r1(arg1, arg2) and r2(arg3, arg4) and r3(arg5, arg6) and r4(arg7, arg8) and r5(arg9, arg10) and r6(arg11, arg12)), r1(arg1, arg2), r2(arg3, arg4), r3(arg5, arg6), r4(arg7, arg8), r5(arg9, arg10), r6(arg11, arg12)";Correct syntax;['True, True, True, False, False, False, False', 'False, True, True, True, True, True, True', 'True, False, False, True, True, True, True'];['True, True, True, False, False, False, False', 'False, True, True, True, True, True, True', 'True, False, False, True, True, True, True']
"System Message:
        You are a logician with a background in mathematics that translates natural language
        reasoning text to Python3 code so that these natural language reasoning problems can be solved.
        During the translation, please pay close attention to defining variables and rules.
        Do not add any comments from you.
        Be guided by the following example:
        Example input text:
        Textual context: If the parameter A's value is at least 20, the lowest possible value of parameter B is 5.
If the parameter C's value is at least 20, the lowest possible value of parameter D is 40.
Parameter E's value cannot be less than parameter F's value.
Parameter G's value cannot be less than parameter H's value.
Parameter I's value cannot be less than parameter J's value.
Parameter K's value cannot be less than parameter L's value.
Parameter M's value cannot be greater than parameter N's value.

        Example Python3 code:
        # If the parameter A's value is at least 20, the lowest possible value of parameter B is 5.
def r1(a: float, b: float) -> bool:
    if b / a >= 0.25:
        return True
    else:
        return False

# If the parameter C's value is at least 20, the lowest possible value of parameter D is 40.
def r2(c: float, d: float) -> bool:
    if d / c >= 2:
        return True
    else:
        return False

# Parameter E's value cannot be less than parameter F's value.
def r3(e: float, f: float) -> bool:
    if e >= f:
        return True
    else:
        return False

# Parameter G's value cannot be less than parameter H's value.
def r4(g: float, h: float) -> bool:
    if g >= h:
        return True
    else:
        return False

# Parameter I's value cannot be less than parameter J's value.
def r5(i: float, j: float) -> bool:
    if i >= j:
        return True
    else:
        return False

# Parameter K's value cannot be less than parameter L's value.
def r6(k: float, l: float) -> bool:
    if k >= l:
        return True
    else:
        return False

# Parameter M's value cannot be greater than parameter N's value.
def r7(m: float, n: float) -> bool:
    if m <= n:
        return True
    else:
        return False


        
Input text:
Textual context: The total operation duration must not be lower than the idle time.
Stops with PTO engaged cannot outnumber the total stops.
Axle 1's load cannot exceed Axle 3's load.
The payload must always be smaller than or equal to the load on axle 2.
The payload must not exceed the load carried by axle 3.
The total operation duration must always be greater than or equal to the combined time for PTO, idle, and driving.";"The total operation duration must not be lower than the idle time.
Stops with PTO engaged cannot outnumber the total stops.
Axle 1's load cannot exceed Axle 3's load.
The payload must always be smaller than or equal to the load on axle 2.
The payload must not exceed the load carried by axle 3.
The total operation duration must always be greater than or equal to the combined time for PTO, idle, and driving.";6;[['total operation time', 'idle time'], ['stops with PTO engaged', 'stops'], ['axle 1 load', 'axle 3 load'], ['payload', 'axle 2 load'], ['payload', 'axle 3 load'], ['total operation time', 'PTO operation time', 'idle time', 'driving time']];Llama-8;"def r1(total_time: float, idle_time: float) -> bool:
    if total_time >= idle_time:
        return True
    else:
        return False

def r2(pto_stops: int, total_stops: int) -> bool:
    if pto_stops <= total_stops:
        return True
    else:
        return False

def r3(axle1_load: float, axle3_load: float) -> bool:
    if axle1_load <= axle3_load:
        return True
    else:
        return False

def r4(payload: float, axle2_load: float) -> bool:
    if payload <= axle2_load:
        return True
    else:
        return False

def r5(payload: float, axle3_load: float) -> bool:
    if payload <= axle3_load:
        return True
    else:
        return False

def r6(total_time: float, pto_time: float, idle_time: float, driving_time: float) -> bool:
    if total_time >= pto_time + idle_time + driving_time:
        return True
    else:
        return False

def r7(arg1: float, arg2: float, arg3: float, arg4: float, arg5: float, arg6: float, arg7: float, arg8: float, arg9: float, arg10: float, arg11: float, arg12: float, arg13: float, arg14: float):
    return not(r1(arg1, arg2) and r2(arg3, arg4) and r3(arg5, arg6) and r4(arg7, arg8) and r5(arg9, arg10) and r6(arg11, arg12, arg13, arg14)), r1(arg1, arg2), r2(arg3, arg4), r3(arg5, arg6), r4(arg7, arg8), r5(arg9, arg10), r6(arg11, arg12, arg13, arg14)";Correct syntax;['True, True, True, False, False, False, True', 'False, True, True, True, True, True, True', 'True, False, False, True, True, True, False'];['True, True, True, False, False, False, True', 'False, True, True, True, True, True, True', 'True, False, False, True, True, True, False']
"System Message:
        You are a logician with a background in mathematics that translates natural language
        reasoning text to Python3 code so that these natural language reasoning problems can be solved.
        During the translation, please pay close attention to defining variables and rules.
        Do not add any comments from you.
        Be guided by the following example:
        Example input text:
        Textual context: If the parameter A's value is at least 20, the lowest possible value of parameter B is 5.
If the parameter C's value is at least 20, the lowest possible value of parameter D is 40.
Parameter E's value cannot be less than parameter F's value.
Parameter G's value cannot be less than parameter H's value.
Parameter I's value cannot be less than parameter J's value.
Parameter K's value cannot be less than parameter L's value.
Parameter M's value cannot be greater than parameter N's value.

        Example Python3 code:
        # If the parameter A's value is at least 20, the lowest possible value of parameter B is 5.
def r1(a: float, b: float) -> bool:
    if b / a >= 0.25:
        return True
    else:
        return False

# If the parameter C's value is at least 20, the lowest possible value of parameter D is 40.
def r2(c: float, d: float) -> bool:
    if d / c >= 2:
        return True
    else:
        return False

# Parameter E's value cannot be less than parameter F's value.
def r3(e: float, f: float) -> bool:
    if e >= f:
        return True
    else:
        return False

# Parameter G's value cannot be less than parameter H's value.
def r4(g: float, h: float) -> bool:
    if g >= h:
        return True
    else:
        return False

# Parameter I's value cannot be less than parameter J's value.
def r5(i: float, j: float) -> bool:
    if i >= j:
        return True
    else:
        return False

# Parameter K's value cannot be less than parameter L's value.
def r6(k: float, l: float) -> bool:
    if k >= l:
        return True
    else:
        return False

# Parameter M's value cannot be greater than parameter N's value.
def r7(m: float, n: float) -> bool:
    if m <= n:
        return True
    else:
        return False


        
Input text:
Textual context: PTO operation time should be less than or equal to the total operation time.
Driving time should be less than or equal to the total operation time.
The load carried by axle 1 must be smaller than or equal to the load on axle 2.
The payload cannot exceed the capacity of axle 2.
The payload cannot exceed the capacity of axle 3.
Total operation time should be at least the sum of PTO, idle, and driving times.";"PTO operation time should be less than or equal to the total operation time.
Driving time should be less than or equal to the total operation time.
The load carried by axle 1 must be smaller than or equal to the load on axle 2.
The payload cannot exceed the capacity of axle 2.
The payload cannot exceed the capacity of axle 3.
Total operation time should be at least the sum of PTO, idle, and driving times.";6;[['PTO operation time', 'total operation time'], ['driving time', 'total operation time'], ['axle 1 load', 'axle 2 load'], ['payload', 'axle 2 load'], ['payload', 'axle 3 load'], ['total operation time', 'PTO operation time', 'idle time', 'driving time']];Llama-8;"def r1(pto_time: float, total_time: float) -> bool:
    if pto_time <= total_time:
        return True
    else:
        return False

def r2(driving_time: float, total_time: float) -> bool:
    if driving_time <= total_time:
        return True
    else:
        return False

def r3(axle1_load: float, axle2_load: float) -> bool:
    if axle1_load <= axle2_load:
        return True
    else:
        return False

def r4(payload: float, axle2_capacity: float) -> bool:
    if payload <= axle2_capacity:
        return True
    else:
        return False

def r5(payload: float, axle3_capacity: float) -> bool:
    if payload <= axle3_capacity:
        return True
    else:
        return False

def r6(total_time: float, pto_time: float, idle_time: float, driving_time: float) -> bool:
    if total_time >= pto_time + idle_time + driving_time:
        return True
    else:
        return False

def r7(arg1: float, arg2: float, arg3: float, arg4: float, arg5: float, arg6: float, arg7: float, arg8: float, arg9: float, arg10: float, arg11: float, arg12: float, arg13: float, arg14: float):
    return not(r1(arg1, arg2) and r2(arg3, arg4) and r3(arg5, arg6) and r4(arg7, arg8) and r5(arg9, arg10) and r6(arg11, arg12, arg13, arg14)), r1(arg1, arg2), r2(arg3, arg4), r3(arg5, arg6), r4(arg7, arg8), r5(arg9, arg10), r6(arg11, arg12, arg13, arg14)";Correct syntax;['True, True, True, False, False, False, True', 'False, True, True, True, True, True, True', 'True, False, False, True, True, True, False'];['True, True, True, False, False, False, True', 'False, True, True, True, True, True, True', 'True, False, False, True, True, True, False']
"System Message:
        You are a logician with a background in mathematics that translates natural language
        reasoning text to Python3 code so that these natural language reasoning problems can be solved.
        During the translation, please pay close attention to defining variables and rules.
        Do not add any comments from you.
        Be guided by the following example:
        Example input text:
        Textual context: If the parameter A's value is at least 20, the lowest possible value of parameter B is 5.
If the parameter C's value is at least 20, the lowest possible value of parameter D is 40.
Parameter E's value cannot be less than parameter F's value.
Parameter G's value cannot be less than parameter H's value.
Parameter I's value cannot be less than parameter J's value.
Parameter K's value cannot be less than parameter L's value.
Parameter M's value cannot be greater than parameter N's value.

        Example Python3 code:
        # If the parameter A's value is at least 20, the lowest possible value of parameter B is 5.
def r1(a: float, b: float) -> bool:
    if b / a >= 0.25:
        return True
    else:
        return False

# If the parameter C's value is at least 20, the lowest possible value of parameter D is 40.
def r2(c: float, d: float) -> bool:
    if d / c >= 2:
        return True
    else:
        return False

# Parameter E's value cannot be less than parameter F's value.
def r3(e: float, f: float) -> bool:
    if e >= f:
        return True
    else:
        return False

# Parameter G's value cannot be less than parameter H's value.
def r4(g: float, h: float) -> bool:
    if g >= h:
        return True
    else:
        return False

# Parameter I's value cannot be less than parameter J's value.
def r5(i: float, j: float) -> bool:
    if i >= j:
        return True
    else:
        return False

# Parameter K's value cannot be less than parameter L's value.
def r6(k: float, l: float) -> bool:
    if k >= l:
        return True
    else:
        return False

# Parameter M's value cannot be greater than parameter N's value.
def r7(m: float, n: float) -> bool:
    if m <= n:
        return True
    else:
        return False


        
Input text:
Textual context: Total operation time shouldn’t be lower than idle time.
Stops with PTO engaged cannot outnumber the total stops.
The weight on axle 1 cannot surpass the weight on axle 2.
The weight on axle 1 cannot surpass the weight on axle 3.
Axle 2's load must always be equal to or greater than the payload.
Total operation time should be at least the sum of PTO, idle, and driving times.";"Total operation time shouldn’t be lower than idle time.
Stops with PTO engaged cannot outnumber the total stops.
The weight on axle 1 cannot surpass the weight on axle 2.
The weight on axle 1 cannot surpass the weight on axle 3.
Axle 2's load must always be equal to or greater than the payload.
Total operation time should be at least the sum of PTO, idle, and driving times.";6;[['total operation time', 'idle time'], ['stops with PTO engaged', 'stops'], ['axle 1 load', 'axle 2 load'], ['axle 1 load', 'axle 3 load'], ['axle 2 load', 'payload'], ['total operation time', 'PTO operation time', 'idle time', 'driving time']];Llama-8;"def r1(operation_time: float, idle_time: float) -> bool:
    if operation_time >= idle_time:
        return True
    else:
        return False

def r2(pto_stops: int, total_stops: int) -> bool:
    if pto_stops <= total_stops:
        return True
    else:
        return False

def r3(axle1_weight: float, axle2_weight: float) -> bool:
    if axle1_weight <= axle2_weight:
        return True
    else:
        return False

def r4(axle1_weight: float, axle3_weight: float) -> bool:
    if axle1_weight <= axle3_weight:
        return True
    else:
        return False

def r5(axle2_weight: float, payload: float) -> bool:
    if axle2_weight >= payload:
        return True
    else:
        return False

def r6(operation_time: float, pto_time: float, idle_time: float, driving_time: float) -> bool:
    if operation_time >= pto_time + idle_time + driving_time:
        return True
    else:
        return False

def r7(arg1: float, arg2: float, arg3: float, arg4: float, arg5: float, arg6: float, arg7: float, arg8: float, arg9: float, arg10: float, arg11: float, arg12: float, arg13: float, arg14: float):
    return not(r1(arg1, arg2) and r2(arg3, arg4) and r3(arg5, arg6) and r4(arg7, arg8) and r5(arg9, arg10) and r6(arg11, arg12, arg13, arg14)), r1(arg1, arg2), r2(arg3, arg4), r3(arg5, arg6), r4(arg7, arg8), r5(arg9, arg10), r6(arg11, arg12, arg13, arg14)";Correct syntax;['True, True, True, False, False, False, True', 'False, True, True, True, True, True, True', 'True, False, False, True, True, True, False'];['True, True, True, False, False, False, True', 'False, True, True, True, True, True, True', 'True, False, False, True, True, True, False']
"System Message:
You are an agent which task is to correct Python3 code implementing logical rules, generated by another large language model,
so that they throw no runtime errors during program execution and correspond to the logical assumptions expressed in natural language.
To perform this task you will receive a Python3 code with valid syntax, which not correspond to the logical premises and throw runtime errors,
and these logical premises expressed in natural language, which should be translated into rules in Python3 code.
Your task is to return a valid Python3 rules for a given premises, having corrected the runtime errors.
Improvements made should mainly include defining the correct number of arguments for each function according to corresponding premise
and using inside functions the proper variables, previously defined in the function declaration.
Do not make any corrections to the last function.
Please output only a valid Python code only with comments started with #.
Do not add any additional texts, tags and comments.
Be guided by the following examples:

Example 1
# If the parameter C's value is at least 20, the lowest possible value of parameter D is 40.
def r1(c: float, d: float) -> bool:
    if c >= 20 and d / c >= 0.4:
        return True
    else:
        return False

# Parameter W value should be at least the sum of parameter X, parameter Y and parameter Z.
def r2(x: float, y: float, z: float) -> bool:
    if x + y + z >= 0:
        return True
    else:
        return False

# To identify the day as abnormal, it is enough that even one or more conditions are violated.
def r3(arg1: float, arg2: float, arg3: float, arg4: float, arg5: float, arg6: float):
    return not(r1(arg1, arg2) and r2(arg3, arg4, arg5, arg6)), r1(arg1, arg2), r2(arg3, arg4, arg5, arg6)

It is supposed to translate the following example text into rules:
If the parameter C's value is at least 20, the lowest possible value of parameter D is 40.
Parameter W value should be at least the sum of parameter X, parameter Y and parameter Z.

Code after execution returns the following error:
Traceback (most recent call last):
  File ""/home/obywatelfg/Doktorat/Badania/Logic-LLM/LLM-logic/New_val_Adapt_Task2_outputs_python_no_final_rule/Llama-8/2/python_code/2_output_python.py"", line 18, in <module>
    print(r3(2226.8, 2432.3, 0.3, 0.9, 2.7, 1.0))
  File ""/home/obywatelfg/Doktorat/Badania/Logic-LLM/LLM-logic/New_val_Adapt_Task2_outputs_python_no_final_rule/Llama-8/2/python_code/2_output_python.py"", line 16, in r3
    return not(r1(arg1, arg2) and r2(arg3, arg4, arg5, arg6)), r1(arg1, arg2), r2(arg3, arg4, arg5, arg6)
TypeError: r2() takes 3 positional arguments but 4 were given

Please correct the code.

The corrected code should be the following:
# If the parameter C's value is at least 20, the lowest possible value of parameter D is 40.
def r1(c: float, d: float) -> bool:
    if c >= 20 and d / c >= 0.4:
        return True
    else:
        return False

# This function lack of parameter W in a function definition and a body, where logical rule should check the proportion between param W and sum of params x, y, z.
# Parameter W value should be at least the sum of parameter X, parameter Y and parameter Z.
def r2(x: float, y: float, z: float, w: float) -> bool:
    if x + y + z <= w:
        return True
    else:
        return False

# To identify the day as abnormal, it is enough that even one or more conditions are violated.
def r3(arg1: float, arg2: float, arg3: float, arg4: float, arg5: float, arg6: float):
    return not(r1(arg1, arg2) and r2(arg3, arg4, arg5, arg6)), r1(arg1, arg2), r2(arg3, arg4, arg5, arg6)


Example 2
# If the parameter C's value is at least 20, the lowest possible value of parameter D is 40.
def r1(c: float) -> bool:
    if c >= 40 and c >= 0.4:
        return True
    else:
        return False

# Parameter T's value shouldn't be lower than parameter P's value.
def r2(t: float, p: float) -> bool:
    if t >= p:
        return True
    else:
        return False

# To identify the day as abnormal, it is enough that even one or more conditions are violated.
def r3(arg1: float, arg2: float, arg3: float, arg4: float):
    return not(r1(arg1, arg2) and r2(arg3, arg4)), r1(arg1, arg2), r2(arg3, arg4)

It is supposed to translate the following example text into rules:
If the parameter C's value is at least 20, the lowest possible value of parameter D is 40.
Parameter T's value shouldn't be lower than parameter P's value.

Code after execution returns the following error:
Traceback (most recent call last):
  File ""/home/obywatelfg/Doktorat/Badania/Logic-LLM/LLM-logic/New_val_Adapt_Task2_outputs_python_no_final_rule/Llama-8/4/python_code/121_output_python.py"", line 32, in <module>
    print(r5(227.70000000000002, 75.9, 9.5, 1.9, 7203.1, 6652.3, 10268.5, 8400.7))
  File ""/home/obywatelfg/Doktorat/Badania/Logic-LLM/LLM-logic/New_val_Adapt_Task2_outputs_python_no_final_rule/Llama-8/4/python_code/121_output_python.py"", line 30, in r5
    return not(r1(arg1, arg2) and r2(arg3, arg4) and r3(arg5, arg6) and r4(arg7, arg8)), r1(arg1, arg2), r2(arg3, arg4), r3(arg5, arg6), r4(arg7, arg8)
TypeError: r1() takes 1 positional argument but 2 were given

Please correct the code.

The corrected code should be the following:
# If the parameter C's value is at least 20, the lowest possible value of parameter D is 40.
def r1(c: float, d: float) -> bool:
    if d / c >= 2:
        return True
    else:
        return False

# Parameter T's value shouldn't be lower than parameter P's value.
def r2(t: float, p: float) -> bool:
    if t >= p:
        return True
    else:
        return False

# To identify the day as abnormal, it is enough that even one or more conditions are violated.
def r3(arg1: float, arg2: float, arg3: float, arg4: float):
    return not(r1(arg1, arg2) and r2(arg3, arg4)), r1(arg1, arg2), r2(arg3, arg4)


The input for your task:
This is the Python3 code which not correspond to the given logical premises:
def r1(e: float, f: float) -> bool:
    if e <= f:
        return True
    else:
        return False

def r2(g: float, h: float) -> bool:
    if g <= h:
        return True
    else:
        return False

def r3(i: float, j: float) -> bool:
    if i <= j:
        return True
    else:
        return False

def r4(k: float, l: float) -> bool:
    if k <= l:
        return True
    else:
        return False

def r5(m: float, n: float) -> bool:
    if m <= n:
        return True
    else:
        return False

def r6(o: float, p: float) -> bool:
    if o <= p:
        return True
    else:
        return False

def r7(arg1: float, arg2: float, arg3: float, arg4: float, arg5: float, arg6: float, arg7: float, arg8: float, arg9: float, arg10: float, arg11: float, arg12: float, arg13: float, arg14: float):
    return not(r1(arg1, arg2) and r2(arg3, arg4) and r3(arg5, arg6) and r4(arg7, arg8) and r5(arg9, arg10) and r6(arg11, arg12, arg13, arg14)), r1(arg1, arg2), r2(arg3, arg4), r3(arg5, arg6), r4(arg7, arg8), r5(arg9, arg10), r6(arg11, arg12, arg13, arg14)

It is supposed to translate the following text into rules:
PTO operation time cannot be greater than the total operation time.
Idle time cannot be greater than the total operation time.
The number of stops where PTO is engaged must not exceed the overall stop count.
The load carried by axle 1 must be smaller than or equal to the load on axle 2.
Payload must remain below or equal to the load carried by axle 3.
The combined time for PTO operation, idle time, and driving time must not surpass the total operation time.

Code after execution returns the following error:
Traceback (most recent call last):
  File ""/home/frank/Doktorat/ExKLoP/saved_outputs/Task2_syntax_outputs/Llama-8/6/python_code/299_output_python.py"", line 40, in <module>
    print(r7(4.0, 5.7, 2.0, 3.8, 110, 171, 3241.2, 3010.4, 7094.8, 1093.9, 0.3, 1.0, 0.7, 2.1))
  File ""/home/frank/Doktorat/ExKLoP/saved_outputs/Task2_syntax_outputs/Llama-8/6/python_code/299_output_python.py"", line 38, in r7
    return not(r1(arg1, arg2) and r2(arg3, arg4) and r3(arg5, arg6) and r4(arg7, arg8) and r5(arg9, arg10) and r6(arg11, arg12, arg13, arg14)), r1(arg1, arg2), r2(arg3, arg4), r3(arg5, arg6), r4(arg7, arg8), r5(arg9, arg10), r6(arg11, arg12, arg13, arg14)
TypeError: r6() takes 2 positional arguments but 4 were given


Please correct the code.   ";"PTO operation time cannot be greater than the total operation time.
Idle time cannot be greater than the total operation time.
The number of stops where PTO is engaged must not exceed the overall stop count.
The load carried by axle 1 must be smaller than or equal to the load on axle 2.
Payload must remain below or equal to the load carried by axle 3.
The combined time for PTO operation, idle time, and driving time must not surpass the total operation time.";6;[['PTO operation time', 'total operation time'], ['idle time', 'total operation time'], ['stops with PTO engaged', 'stops'], ['axle 1 load', 'axle 2 load'], ['payload', 'axle 3 load'], ['PTO operation time', 'idle time', 'driving time', 'total operation time']];Llama-8;"# PTO operation time cannot be greater than the total operation time.
def r1(e: float, f: float) -> bool:
    if e <= f:
        return True
    else:
        return False

# Idle time cannot be greater than the total operation time.
def r2(g: float, h: float) -> bool:
    if g <= h:
        return True
    else:
        return False

# The number of stops where PTO is engaged must not exceed the overall stop count.
def r3(i: float, j: float) -> bool:
    if i <= j:
        return True
    else:
        return False

# The load carried by axle 1 must be smaller than or equal to the load on axle 2.
def r4(k: float, l: float) -> bool:
    if k <= l:
        return True
    else:
        return False

# Payload must remain below or equal to the load carried by axle 3.
def r5(m: float, n: float) -> bool:
    if m <= n:
        return True
    else:
        return False

# The combined time for PTO operation, idle time, and driving time must not surpass the total operation time.
def r6(o: float, p: float) -> bool:
    if o + p <= p:
        return True
    else:
        return False


def r7(arg1: float, arg2: float, arg3: float, arg4: float, arg5: float, arg6: float, arg7: float, arg8: float, arg9: float, arg10: float, arg11: float, arg12: float, arg13: float, arg14: float):
    return not(r1(arg1, arg2) and r2(arg3, arg4) and r3(arg5, arg6) and r4(arg7, arg8) and r5(arg9, arg10) and r6(arg11, arg12, arg13, arg14)), r1(arg1, arg2), r2(arg3, arg4), r3(arg5, arg6), r4(arg7, arg8), r5(arg9, arg10), r6(arg11, arg12, arg13, arg14)";Correct syntax;Error;"Traceback (most recent call last):
  File ""/home/frank/Doktorat/ExKLoP/saved_outputs/Task2_runtime_outputs/Llama-8/6/python_code/299_output_python.py"", line 47, in <module>
    print(r7(4.0, 5.7, 2.0, 3.8, 110, 171, 3241.2, 3010.4, 7094.8, 1093.9, 0.3, 1.0, 0.7, 2.1))
  File ""/home/frank/Doktorat/ExKLoP/saved_outputs/Task2_runtime_outputs/Llama-8/6/python_code/299_output_python.py"", line 45, in r7
    return not(r1(arg1, arg2) and r2(arg3, arg4) and r3(arg5, arg6) and r4(arg7, arg8) and r5(arg9, arg10) and r6(arg11, arg12, arg13, arg14)), r1(arg1, arg2), r2(arg3, arg4), r3(arg5, arg6), r4(arg7, arg8), r5(arg9, arg10), r6(arg11, arg12, arg13, arg14)
TypeError: r6() takes 2 positional arguments but 4 were given
"
"System Message:
        You are a logician with a background in mathematics that translates natural language
        reasoning text to Python3 code so that these natural language reasoning problems can be solved.
        During the translation, please pay close attention to defining variables and rules.
        Do not add any comments from you.
        Be guided by the following example:
        Example input text:
        Textual context: If the parameter A's value is at least 20, the lowest possible value of parameter B is 5.
If the parameter C's value is at least 20, the lowest possible value of parameter D is 40.
Parameter E's value cannot be less than parameter F's value.
Parameter G's value cannot be less than parameter H's value.
Parameter I's value cannot be less than parameter J's value.
Parameter K's value cannot be less than parameter L's value.
Parameter M's value cannot be greater than parameter N's value.
Parameter O's value cannot be greater than parameter P's value.

        Example Python3 code:
        # If the parameter A's value is at least 20, the lowest possible value of parameter B is 5.
def r1(a: float, b: float) -> bool:
    if b / a >= 0.25:
        return True
    else:
        return False

# If the parameter C's value is at least 20, the lowest possible value of parameter D is 40.
def r2(c: float, d: float) -> bool:
    if d / c >= 2:
        return True
    else:
        return False

# Parameter E's value cannot be less than parameter F's value.
def r3(e: float, f: float) -> bool:
    if e >= f:
        return True
    else:
        return False

# Parameter G's value cannot be less than parameter H's value.
def r4(g: float, h: float) -> bool:
    if g >= h:
        return True
    else:
        return False

# Parameter I's value cannot be less than parameter J's value.
def r5(i: float, j: float) -> bool:
    if i >= j:
        return True
    else:
        return False

# Parameter K's value cannot be less than parameter L's value.
def r6(k: float, l: float) -> bool:
    if k >= l:
        return True
    else:
        return False

# Parameter M's value cannot be greater than parameter N's value.
def r7(m: float, n: float) -> bool:
    if m <= n:
        return True
    else:
        return False

# Parameter O's value cannot be greater than parameter P's value.
def r8(o: float, p: float) -> bool:
    if o <= p:
        return True
    else:
        return False


        
Input text:
Textual context: PTO operation time must be less than or equal to the total operation time.
Idle time should be less than or equal to the total operation time.
Driving time must always be less than or equal to the total operation time.
The total stop count must not be lower than the count of stops where PTO is engaged.
The load supported by axle 1 cannot exceed that of axle 2.
The payload must not exceed the load carried by axle 2.
The total operation duration must always be greater than or equal to the combined time for PTO, idle, and driving.";"PTO operation time must be less than or equal to the total operation time.
Idle time should be less than or equal to the total operation time.
Driving time must always be less than or equal to the total operation time.
The total stop count must not be lower than the count of stops where PTO is engaged.
The load supported by axle 1 cannot exceed that of axle 2.
The payload must not exceed the load carried by axle 2.
The total operation duration must always be greater than or equal to the combined time for PTO, idle, and driving.";7;[['PTO operation time', 'total operation time'], ['idle time', 'total operation time'], ['driving time', 'total operation time'], ['stops', 'stops with PTO engaged'], ['axle 1 load', 'axle 2 load'], ['payload', 'axle 2 load'], ['total operation time', 'PTO operation time', 'idle time', 'driving time']];Llama-8;"def r1(pto: float, total: float) -> bool:
    if pto <= total:
        return True
    else:
        return False

def r2(idle: float, total: float) -> bool:
    if idle <= total:
        return True
    else:
        return False

def r3(driving: float, total: float) -> bool:
    if driving <= total:
        return True
    else:
        return False

def r4(total_stops: int, pto_stops: int) -> bool:
    if total_stops >= pto_stops:
        return True
    else:
        return False

def r5(axle1: float, axle2: float) -> bool:
    if axle1 <= axle2:
        return True
    else:
        return False

def r6(payload: float, axle2: float) -> bool:
    if payload <= axle2:
        return True
    else:
        return False

def r7(total: float, pto: float, idle: float, driving: float) -> bool:
    if total >= pto + idle + driving:
        return True
    else:
        return False

def r8(arg1: float, arg2: float, arg3: float, arg4: float, arg5: float, arg6: float, arg7: float, arg8: float, arg9: float, arg10: float, arg11: float, arg12: float, arg13: float, arg14: float, arg15: float, arg16: float):
    return not(r1(arg1, arg2) and r2(arg3, arg4) and r3(arg5, arg6) and r4(arg7, arg8) and r5(arg9, arg10) and r6(arg11, arg12) and r7(arg13, arg14, arg15, arg16)), r1(arg1, arg2), r2(arg3, arg4), r3(arg5, arg6), r4(arg7, arg8), r5(arg9, arg10), r6(arg11, arg12), r7(arg13, arg14, arg15, arg16)";Correct syntax;['True, True, True, True, True, False, False, True', 'False, True, True, True, True, True, True, True', 'True, False, False, False, False, True, True, False'];['True, True, True, True, True, False, False, True', 'False, True, True, True, True, True, True, True', 'True, False, False, False, False, True, True, False']
"System Message:
        You are a logician with a background in mathematics that translates natural language
        reasoning text to Python3 code so that these natural language reasoning problems can be solved.
        During the translation, please pay close attention to defining variables and rules.
        Do not add any comments from you.
        Be guided by the following example:
        Example input text:
        Textual context: If the parameter A's value is at least 20, the lowest possible value of parameter B is 5.
If the parameter C's value is at least 20, the lowest possible value of parameter D is 40.
Parameter E's value cannot be less than parameter F's value.
Parameter G's value cannot be less than parameter H's value.
Parameter I's value cannot be less than parameter J's value.
Parameter K's value cannot be less than parameter L's value.
Parameter M's value cannot be greater than parameter N's value.
Parameter O's value cannot be greater than parameter P's value.

        Example Python3 code:
        # If the parameter A's value is at least 20, the lowest possible value of parameter B is 5.
def r1(a: float, b: float) -> bool:
    if b / a >= 0.25:
        return True
    else:
        return False

# If the parameter C's value is at least 20, the lowest possible value of parameter D is 40.
def r2(c: float, d: float) -> bool:
    if d / c >= 2:
        return True
    else:
        return False

# Parameter E's value cannot be less than parameter F's value.
def r3(e: float, f: float) -> bool:
    if e >= f:
        return True
    else:
        return False

# Parameter G's value cannot be less than parameter H's value.
def r4(g: float, h: float) -> bool:
    if g >= h:
        return True
    else:
        return False

# Parameter I's value cannot be less than parameter J's value.
def r5(i: float, j: float) -> bool:
    if i >= j:
        return True
    else:
        return False

# Parameter K's value cannot be less than parameter L's value.
def r6(k: float, l: float) -> bool:
    if k >= l:
        return True
    else:
        return False

# Parameter M's value cannot be greater than parameter N's value.
def r7(m: float, n: float) -> bool:
    if m <= n:
        return True
    else:
        return False

# Parameter O's value cannot be greater than parameter P's value.
def r8(o: float, p: float) -> bool:
    if o <= p:
        return True
    else:
        return False


        
Input text:
Textual context: PTO operation time cannot be greater than the total operation time.
Total operation time shouldn’t be lower than idle time.
PTO-engaged stops cannot exceed the total number of stops.
The load supported by axle 1 cannot exceed that of axle 2.
The load on axle 1 must not surpass the load on axle 3.
The payload cannot exceed the capacity of axle 3.
Total operation time must be greater than or equal to the sum of PTO operation, idle, and driving times.";"PTO operation time cannot be greater than the total operation time.
Total operation time shouldn’t be lower than idle time.
PTO-engaged stops cannot exceed the total number of stops.
The load supported by axle 1 cannot exceed that of axle 2.
The load on axle 1 must not surpass the load on axle 3.
The payload cannot exceed the capacity of axle 3.
Total operation time must be greater than or equal to the sum of PTO operation, idle, and driving times.";7;[['PTO operation time', 'total operation time'], ['total operation time', 'idle time'], ['stops with PTO engaged', 'stops'], ['axle 1 load', 'axle 2 load'], ['axle 1 load', 'axle 3 load'], ['payload', 'axle 3 load'], ['total operation time', 'PTO operation time', 'idle time', 'driving time']];Llama-8;"def r1(pto_time: float, total_time: float) -> bool:
    if pto_time <= total_time:
        return True
    else:
        return False

def r2(total_time: float, idle_time: float) -> bool:
    if total_time >= idle_time:
        return True
    else:
        return False

def r3(pto_stops: float, total_stops: float) -> bool:
    if pto_stops <= total_stops:
        return True
    else:
        return False

def r4(axle1_load: float, axle2_load: float) -> bool:
    if axle1_load <= axle2_load:
        return True
    else:
        return False

def r5(axle1_load: float, axle3_load: float) -> bool:
    if axle1_load <= axle3_load:
        return True
    else:
        return False

def r6(payload: float, axle3_capacity: float) -> bool:
    if payload <= axle3_capacity:
        return True
    else:
        return False

def r7(total_time: float, pto_time: float, idle_time: float, driving_time: float) -> bool:
    if total_time >= pto_time + idle_time + driving_time:
        return True
    else:
        return False

def r8(arg1: float, arg2: float, arg3: float, arg4: float, arg5: float, arg6: float, arg7: float, arg8: float, arg9: float, arg10: float, arg11: float, arg12: float, arg13: float, arg14: float, arg15: float, arg16: float):
    return not(r1(arg1, arg2) and r2(arg3, arg4) and r3(arg5, arg6) and r4(arg7, arg8) and r5(arg9, arg10) and r6(arg11, arg12) and r7(arg13, arg14, arg15, arg16)), r1(arg1, arg2), r2(arg3, arg4), r3(arg5, arg6), r4(arg7, arg8), r5(arg9, arg10), r6(arg11, arg12), r7(arg13, arg14, arg15, arg16)";Correct syntax;['True, True, True, True, False, False, False, True', 'False, True, True, True, True, True, True, True', 'True, False, False, False, True, True, True, False'];['True, True, True, True, False, False, False, True', 'False, True, True, True, True, True, True, True', 'True, False, False, False, True, True, True, False']
"System Message:
        You are a logician with a background in mathematics that translates natural language
        reasoning text to Python3 code so that these natural language reasoning problems can be solved.
        During the translation, please pay close attention to defining variables and rules.
        Do not add any comments from you.
        Be guided by the following example:
        Example input text:
        Textual context: If the parameter A's value is at least 20, the lowest possible value of parameter B is 5.
If the parameter C's value is at least 20, the lowest possible value of parameter D is 40.
Parameter E's value cannot be less than parameter F's value.
Parameter G's value cannot be less than parameter H's value.
Parameter I's value cannot be less than parameter J's value.
Parameter K's value cannot be less than parameter L's value.
Parameter M's value cannot be greater than parameter N's value.
Parameter O's value cannot be greater than parameter P's value.

        Example Python3 code:
        # If the parameter A's value is at least 20, the lowest possible value of parameter B is 5.
def r1(a: float, b: float) -> bool:
    if b / a >= 0.25:
        return True
    else:
        return False

# If the parameter C's value is at least 20, the lowest possible value of parameter D is 40.
def r2(c: float, d: float) -> bool:
    if d / c >= 2:
        return True
    else:
        return False

# Parameter E's value cannot be less than parameter F's value.
def r3(e: float, f: float) -> bool:
    if e >= f:
        return True
    else:
        return False

# Parameter G's value cannot be less than parameter H's value.
def r4(g: float, h: float) -> bool:
    if g >= h:
        return True
    else:
        return False

# Parameter I's value cannot be less than parameter J's value.
def r5(i: float, j: float) -> bool:
    if i >= j:
        return True
    else:
        return False

# Parameter K's value cannot be less than parameter L's value.
def r6(k: float, l: float) -> bool:
    if k >= l:
        return True
    else:
        return False

# Parameter M's value cannot be greater than parameter N's value.
def r7(m: float, n: float) -> bool:
    if m <= n:
        return True
    else:
        return False

# Parameter O's value cannot be greater than parameter P's value.
def r8(o: float, p: float) -> bool:
    if o <= p:
        return True
    else:
        return False


        
Input text:
Textual context: The total operation duration must not be lower than the idle time.
Driving time must always be less than or equal to the total operation time.
The total stop count must not be lower than the count of stops where PTO is engaged.
The load on axle 1 must not surpass the load on axle 2.
The weight on axle 1 cannot surpass the weight on axle 3.
Axle 2's load must always be equal to or greater than the payload.";"The total operation duration must not be lower than the idle time.
Driving time must always be less than or equal to the total operation time.
The total stop count must not be lower than the count of stops where PTO is engaged.
The load on axle 1 must not surpass the load on axle 2.
The weight on axle 1 cannot surpass the weight on axle 3.
Axle 2's load must always be equal to or greater than the payload.";6;[['total operation time', 'idle time'], ['driving time', 'total operation time'], ['stops', 'stops with PTO engaged'], ['axle 1 load', 'axle 2 load'], ['axle 1 load', 'axle 3 load'], ['axle 2 load', 'payload']];Llama-8;"def r1(operation_duration: float, idle_time: float) -> bool:
    if operation_duration < idle_time:
        return False
    else:
        return True

def r2(driving_time: float, operation_duration: float) -> bool:
    if driving_time > operation_duration:
        return False
    else:
        return True

def r3(total_stop_count: int, pto_stop_count: int) -> bool:
    if total_stop_count < pto_stop_count:
        return False
    else:
        return True

def r4(axle1_load: float, axle2_load: float) -> bool:
    if axle1_load > axle2_load:
        return False
    else:
        return True

def r5(axle1_weight: float, axle3_weight: float) -> bool:
    if axle1_weight > axle3_weight:
        return False
    else:
        return True

def r6(axle2_load: float, payload: float) -> bool:
    if axle2_load < payload:
        return False
    else:
        return True

def r7(arg1: float, arg2: float, arg3: float, arg4: float, arg5: float, arg6: float, arg7: float, arg8: float, arg9: float, arg10: float, arg11: float, arg12: float):
    return not(r1(arg1, arg2) and r2(arg3, arg4) and r3(arg5, arg6) and r4(arg7, arg8) and r5(arg9, arg10) and r6(arg11, arg12)), r1(arg1, arg2), r2(arg3, arg4), r3(arg5, arg6), r4(arg7, arg8), r5(arg9, arg10), r6(arg11, arg12)";Correct syntax;['True, True, True, True, False, False, False', 'False, True, True, True, True, True, True', 'True, False, False, False, True, True, True'];['True, True, True, True, False, False, False', 'False, True, True, True, True, True, True', 'True, False, False, False, True, True, True']
"System Message:
        You are a logician with a background in mathematics that translates natural language
        reasoning text to Python3 code so that these natural language reasoning problems can be solved.
        During the translation, please pay close attention to defining variables and rules.
        Do not add any comments from you.
        Be guided by the following example:
        Example input text:
        Textual context: If the parameter A's value is at least 20, the lowest possible value of parameter B is 5.
If the parameter C's value is at least 20, the lowest possible value of parameter D is 40.
Parameter E's value cannot be less than parameter F's value.
Parameter G's value cannot be less than parameter H's value.
Parameter I's value cannot be less than parameter J's value.
Parameter K's value cannot be less than parameter L's value.
Parameter M's value cannot be greater than parameter N's value.
Parameter O's value cannot be greater than parameter P's value.

        Example Python3 code:
        # If the parameter A's value is at least 20, the lowest possible value of parameter B is 5.
def r1(a: float, b: float) -> bool:
    if b / a >= 0.25:
        return True
    else:
        return False

# If the parameter C's value is at least 20, the lowest possible value of parameter D is 40.
def r2(c: float, d: float) -> bool:
    if d / c >= 2:
        return True
    else:
        return False

# Parameter E's value cannot be less than parameter F's value.
def r3(e: float, f: float) -> bool:
    if e >= f:
        return True
    else:
        return False

# Parameter G's value cannot be less than parameter H's value.
def r4(g: float, h: float) -> bool:
    if g >= h:
        return True
    else:
        return False

# Parameter I's value cannot be less than parameter J's value.
def r5(i: float, j: float) -> bool:
    if i >= j:
        return True
    else:
        return False

# Parameter K's value cannot be less than parameter L's value.
def r6(k: float, l: float) -> bool:
    if k >= l:
        return True
    else:
        return False

# Parameter M's value cannot be greater than parameter N's value.
def r7(m: float, n: float) -> bool:
    if m <= n:
        return True
    else:
        return False

# Parameter O's value cannot be greater than parameter P's value.
def r8(o: float, p: float) -> bool:
    if o <= p:
        return True
    else:
        return False


        
Input text:
Textual context: Total operation time shouldn’t be lower than PTO operation time.
Idle time must always be less than or equal to the total operation time.
The total operation durationmust not be lower than the driving time.
The payload must not exceed the load carried by axle 2.
The payload must always be smaller than or equal to the load on axle 3.
Total operation time must be greater than or equal to the sum of PTO operation, idle, and driving times.";"Total operation time shouldn’t be lower than PTO operation time.
Idle time must always be less than or equal to the total operation time.
The total operation durationmust not be lower than the driving time.
The payload must not exceed the load carried by axle 2.
The payload must always be smaller than or equal to the load on axle 3.
Total operation time must be greater than or equal to the sum of PTO operation, idle, and driving times.";6;[['total operation time', 'PTO operation time'], ['idle time', 'total operation time'], ['total operation time', 'driving time'], ['payload', 'axle 2 load'], ['payload', 'axle 3 load'], ['total operation time', 'PTO operation time', 'idle time', 'driving time']];Llama-8;"def r1(total_time: float, pto_time: float) -> bool:
    if total_time >= pto_time:
        return True
    else:
        return False

def r2(idle_time: float, total_time: float) -> bool:
    if idle_time <= total_time:
        return True
    else:
        return False

def r3(total_time: float, driving_time: float) -> bool:
    if total_time >= driving_time:
        return True
    else:
        return False

def r4(payload: float, axle2_load: float) -> bool:
    if payload <= axle2_load:
        return True
    else:
        return False

def r5(payload: float, axle3_load: float) -> bool:
    if payload <= axle3_load:
        return True
    else:
        return False

def r6(total_time: float, pto_time: float, idle_time: float, driving_time: float) -> bool:
    if total_time >= pto_time + idle_time + driving_time:
        return True
    else:
        return False

def r7(arg1: float, arg2: float, arg3: float, arg4: float, arg5: float, arg6: float, arg7: float, arg8: float, arg9: float, arg10: float, arg11: float, arg12: float, arg13: float, arg14: float):
    return not(r1(arg1, arg2) and r2(arg3, arg4) and r3(arg5, arg6) and r4(arg7, arg8) and r5(arg9, arg10) and r6(arg11, arg12, arg13, arg14)), r1(arg1, arg2), r2(arg3, arg4), r3(arg5, arg6), r4(arg7, arg8), r5(arg9, arg10), r6(arg11, arg12, arg13, arg14)";Correct syntax;['True, True, True, True, False, False, True', 'False, True, True, True, True, True, True', 'True, False, False, False, True, True, False'];['True, True, True, True, False, False, True', 'False, True, True, True, True, True, True', 'True, False, False, False, True, True, False']
"System Message:
        You are a logician with a background in mathematics that translates natural language
        reasoning text to Python3 code so that these natural language reasoning problems can be solved.
        During the translation, please pay close attention to defining variables and rules.
        Do not add any comments from you.
        Be guided by the following example:
        Example input text:
        Textual context: If the parameter A's value is at least 20, the lowest possible value of parameter B is 5.
If the parameter C's value is at least 20, the lowest possible value of parameter D is 40.
Parameter E's value cannot be less than parameter F's value.
Parameter G's value cannot be less than parameter H's value.
Parameter I's value cannot be less than parameter J's value.
Parameter K's value cannot be less than parameter L's value.
Parameter M's value cannot be greater than parameter N's value.
Parameter O's value cannot be greater than parameter P's value.

        Example Python3 code:
        # If the parameter A's value is at least 20, the lowest possible value of parameter B is 5.
def r1(a: float, b: float) -> bool:
    if b / a >= 0.25:
        return True
    else:
        return False

# If the parameter C's value is at least 20, the lowest possible value of parameter D is 40.
def r2(c: float, d: float) -> bool:
    if d / c >= 2:
        return True
    else:
        return False

# Parameter E's value cannot be less than parameter F's value.
def r3(e: float, f: float) -> bool:
    if e >= f:
        return True
    else:
        return False

# Parameter G's value cannot be less than parameter H's value.
def r4(g: float, h: float) -> bool:
    if g >= h:
        return True
    else:
        return False

# Parameter I's value cannot be less than parameter J's value.
def r5(i: float, j: float) -> bool:
    if i >= j:
        return True
    else:
        return False

# Parameter K's value cannot be less than parameter L's value.
def r6(k: float, l: float) -> bool:
    if k >= l:
        return True
    else:
        return False

# Parameter M's value cannot be greater than parameter N's value.
def r7(m: float, n: float) -> bool:
    if m <= n:
        return True
    else:
        return False

# Parameter O's value cannot be greater than parameter P's value.
def r8(o: float, p: float) -> bool:
    if o <= p:
        return True
    else:
        return False


        
Input text:
Textual context: PTO operation time cannot be greater than the total operation time.
The total operation duration must not be lower than the idle time.
Stops with PTO engaged cannot outnumber the total stops.
The weight on axle 1 cannot surpass the weight on axle 3.
Axle 2's load must always be equal to or greater than the payload.
Payload must remain below or equal to the load carried by axle 3.
The combined time for PTO operation, idle time, and driving time must not surpass the total operation time.";"PTO operation time cannot be greater than the total operation time.
The total operation duration must not be lower than the idle time.
Stops with PTO engaged cannot outnumber the total stops.
The weight on axle 1 cannot surpass the weight on axle 3.
Axle 2's load must always be equal to or greater than the payload.
Payload must remain below or equal to the load carried by axle 3.
The combined time for PTO operation, idle time, and driving time must not surpass the total operation time.";7;[['PTO operation time', 'total operation time'], ['total operation time', 'idle time'], ['stops with PTO engaged', 'stops'], ['axle 1 load', 'axle 3 load'], ['axle 2 load', 'payload'], ['payload', 'axle 3 load'], ['PTO operation time', 'idle time', 'driving time', 'total operation time']];Llama-8;"def r1(pto_operation_time: float, total_operation_time: float) -> bool:
    if pto_operation_time <= total_operation_time:
        return True
    else:
        return False

def r2(total_operation_time: float, idle_time: float) -> bool:
    if total_operation_time >= idle_time:
        return True
    else:
        return False

def r3(pto_stops: int, total_stops: int) -> bool:
    if pto_stops <= total_stops:
        return True
    else:
        return False

def r4(axle1_weight: float, axle3_weight: float) -> bool:
    if axle1_weight <= axle3_weight:
        return True
    else:
        return False

def r5(axle2_load: float, payload: float) -> bool:
    if axle2_load >= payload:
        return True
    else:
        return False

def r6(payload: float, axle3_load: float) -> bool:
    if payload <= axle3_load:
        return True
    else:
        return False

def r7(pto_operation_time: float, idle_time: float, driving_time: float, total_operation_time: float) -> bool:
    if pto_operation_time + idle_time + driving_time <= total_operation_time:
        return True
    else:
        return False

def r8(arg1: float, arg2: float, arg3: float, arg4: float, arg5: float, arg6: float, arg7: float, arg8: float, arg9: float, arg10: float, arg11: float, arg12: float, arg13: float, arg14: float, arg15: float, arg16: float):
    return not(r1(arg1, arg2) and r2(arg3, arg4) and r3(arg5, arg6) and r4(arg7, arg8) and r5(arg9, arg10) and r6(arg11, arg12) and r7(arg13, arg14, arg15, arg16)), r1(arg1, arg2), r2(arg3, arg4), r3(arg5, arg6), r4(arg7, arg8), r5(arg9, arg10), r6(arg11, arg12), r7(arg13, arg14, arg15, arg16)";Correct syntax;['True, True, True, True, False, False, False, True', 'False, True, True, True, True, True, True, True', 'True, False, False, False, True, True, True, False'];['True, True, True, True, False, False, False, True', 'False, True, True, True, True, True, True, True', 'True, False, False, False, True, True, True, False']
"System Message:
        You are a logician with a background in mathematics that translates natural language
        reasoning text to Python3 code so that these natural language reasoning problems can be solved.
        During the translation, please pay close attention to defining variables and rules.
        Do not add any comments from you.
        Be guided by the following example:
        Example input text:
        Textual context: If the parameter A's value is at least 20, the lowest possible value of parameter B is 5.
If the parameter C's value is at least 20, the lowest possible value of parameter D is 40.
Parameter E's value cannot be less than parameter F's value.
Parameter G's value cannot be less than parameter H's value.
Parameter I's value cannot be less than parameter J's value.
Parameter K's value cannot be less than parameter L's value.
Parameter M's value cannot be greater than parameter N's value.
Parameter O's value cannot be greater than parameter P's value.

        Example Python3 code:
        # If the parameter A's value is at least 20, the lowest possible value of parameter B is 5.
def r1(a: float, b: float) -> bool:
    if b / a >= 0.25:
        return True
    else:
        return False

# If the parameter C's value is at least 20, the lowest possible value of parameter D is 40.
def r2(c: float, d: float) -> bool:
    if d / c >= 2:
        return True
    else:
        return False

# Parameter E's value cannot be less than parameter F's value.
def r3(e: float, f: float) -> bool:
    if e >= f:
        return True
    else:
        return False

# Parameter G's value cannot be less than parameter H's value.
def r4(g: float, h: float) -> bool:
    if g >= h:
        return True
    else:
        return False

# Parameter I's value cannot be less than parameter J's value.
def r5(i: float, j: float) -> bool:
    if i >= j:
        return True
    else:
        return False

# Parameter K's value cannot be less than parameter L's value.
def r6(k: float, l: float) -> bool:
    if k >= l:
        return True
    else:
        return False

# Parameter M's value cannot be greater than parameter N's value.
def r7(m: float, n: float) -> bool:
    if m <= n:
        return True
    else:
        return False

# Parameter O's value cannot be greater than parameter P's value.
def r8(o: float, p: float) -> bool:
    if o <= p:
        return True
    else:
        return False


        
Input text:
Textual context: PTO operation time should be less than or equal to the total operation time.
Idle time should be less than or equal to the total operation time.
The total operation durationmust not be lower than the driving time.
The number of stops where PTO is engaged must not exceed the overall stop count.
The load supported by axle 1 cannot exceed that of axle 3.
The payload must not exceed the load carried by axle 3.
Total operation time must be greater than or equal to the sum of PTO operation, idle, and driving times.";"PTO operation time should be less than or equal to the total operation time.
Idle time should be less than or equal to the total operation time.
The total operation durationmust not be lower than the driving time.
The number of stops where PTO is engaged must not exceed the overall stop count.
The load supported by axle 1 cannot exceed that of axle 3.
The payload must not exceed the load carried by axle 3.
Total operation time must be greater than or equal to the sum of PTO operation, idle, and driving times.";7;[['PTO operation time', 'total operation time'], ['idle time', 'total operation time'], ['total operation time', 'driving time'], ['stops with PTO engaged', 'stops'], ['axle 1 load', 'axle 3 load'], ['payload', 'axle 3 load'], ['total operation time', 'PTO operation time', 'idle time', 'driving time']];Llama-8;"def r1(pto: float, total: float) -> bool:
    if pto <= total:
        return True
    else:
        return False

def r2(idle: float, total: float) -> bool:
    if idle <= total:
        return True
    else:
        return False

def r3(total: float, driving: float) -> bool:
    if total >= driving:
        return True
    else:
        return False

def r4(pto_stops: int, overall_stops: int) -> bool:
    if pto_stops <= overall_stops:
        return True
    else:
        return False

def r5(axle1: float, axle3: float) -> bool:
    if axle1 <= axle3:
        return True
    else:
        return False

def r6(payload: float, axle3: float) -> bool:
    if payload <= axle3:
        return True
    else:
        return False

def r7(total: float, pto: float, idle: float, driving: float) -> bool:
    if total >= pto + idle + driving:
        return True
    else:
        return False

def r8(arg1: float, arg2: float, arg3: float, arg4: float, arg5: float, arg6: float, arg7: float, arg8: float, arg9: float, arg10: float, arg11: float, arg12: float, arg13: float, arg14: float, arg15: float, arg16: float):
    return not(r1(arg1, arg2) and r2(arg3, arg4) and r3(arg5, arg6) and r4(arg7, arg8) and r5(arg9, arg10) and r6(arg11, arg12) and r7(arg13, arg14, arg15, arg16)), r1(arg1, arg2), r2(arg3, arg4), r3(arg5, arg6), r4(arg7, arg8), r5(arg9, arg10), r6(arg11, arg12), r7(arg13, arg14, arg15, arg16)";Correct syntax;['True, True, True, True, True, False, False, True', 'False, True, True, True, True, True, True, True', 'True, False, False, False, False, True, True, False'];['True, True, True, True, True, False, False, True', 'False, True, True, True, True, True, True, True', 'True, False, False, False, False, True, True, False']
"System Message:
        You are a logician with a background in mathematics that translates natural language
        reasoning text to Python3 code so that these natural language reasoning problems can be solved.
        During the translation, please pay close attention to defining variables and rules.
        Do not add any comments from you.
        Be guided by the following example:
        Example input text:
        Textual context: If the parameter A's value is at least 20, the lowest possible value of parameter B is 5.
If the parameter C's value is at least 20, the lowest possible value of parameter D is 40.
Parameter E's value cannot be less than parameter F's value.
Parameter G's value cannot be less than parameter H's value.
Parameter I's value cannot be less than parameter J's value.
Parameter K's value cannot be less than parameter L's value.
Parameter M's value cannot be greater than parameter N's value.
Parameter O's value cannot be greater than parameter P's value.

        Example Python3 code:
        # If the parameter A's value is at least 20, the lowest possible value of parameter B is 5.
def r1(a: float, b: float) -> bool:
    if b / a >= 0.25:
        return True
    else:
        return False

# If the parameter C's value is at least 20, the lowest possible value of parameter D is 40.
def r2(c: float, d: float) -> bool:
    if d / c >= 2:
        return True
    else:
        return False

# Parameter E's value cannot be less than parameter F's value.
def r3(e: float, f: float) -> bool:
    if e >= f:
        return True
    else:
        return False

# Parameter G's value cannot be less than parameter H's value.
def r4(g: float, h: float) -> bool:
    if g >= h:
        return True
    else:
        return False

# Parameter I's value cannot be less than parameter J's value.
def r5(i: float, j: float) -> bool:
    if i >= j:
        return True
    else:
        return False

# Parameter K's value cannot be less than parameter L's value.
def r6(k: float, l: float) -> bool:
    if k >= l:
        return True
    else:
        return False

# Parameter M's value cannot be greater than parameter N's value.
def r7(m: float, n: float) -> bool:
    if m <= n:
        return True
    else:
        return False

# Parameter O's value cannot be greater than parameter P's value.
def r8(o: float, p: float) -> bool:
    if o <= p:
        return True
    else:
        return False


        
Input text:
Textual context: PTO operation time should be less than or equal to the total operation time.
Total operation time should shouldn’t be lower than driving time.
The total stop count must not be lower than the count of stops where PTO is engaged.
The load carried by axle 1 must be smaller than or equal to the load on axle 3.
Payload must remain below or equal to the load carried by axle 2.
The payload cannot exceed the capacity of axle 3.
Total operation time must be greater than or equal to the sum of PTO operation, idle, and driving times.";"PTO operation time should be less than or equal to the total operation time.
Total operation time should shouldn’t be lower than driving time.
The total stop count must not be lower than the count of stops where PTO is engaged.
The load carried by axle 1 must be smaller than or equal to the load on axle 3.
Payload must remain below or equal to the load carried by axle 2.
The payload cannot exceed the capacity of axle 3.
Total operation time must be greater than or equal to the sum of PTO operation, idle, and driving times.";7;[['PTO operation time', 'total operation time'], ['total operation time', 'driving time'], ['stops', 'stops with PTO engaged'], ['axle 1 load', 'axle 3 load'], ['payload', 'axle 2 load'], ['payload', 'axle 3 load'], ['total operation time', 'PTO operation time', 'idle time', 'driving time']];Llama-8;"def r1(a: float, b: float) -> bool:
    if a <= b:
        return True
    else:
        return False

def r2(c: float, d: float) -> bool:
    if c >= d:
        return True
    else:
        return False

def r3(e: float, f: float) -> bool:
    if e >= f:
        return True
    else:
        return False

def r4(g: float, h: float) -> bool:
    if g <= h:
        return True
    else:
        return False

def r5(i: float, j: float) -> bool:
    if i <= j:
        return True
    else:
        return False

def r6(k: float, l: float) -> bool:
    if k <= l:
        return True
    else:
        return False

def r7(m: float, n: float, o: float, p: float) -> bool:
    if m >= n + o + p:
        return True
    else:
        return False

def r8(arg1: float, arg2: float, arg3: float, arg4: float, arg5: float, arg6: float, arg7: float, arg8: float, arg9: float, arg10: float, arg11: float, arg12: float, arg13: float, arg14: float, arg15: float, arg16: float):
    return not(r1(arg1, arg2) and r2(arg3, arg4) and r3(arg5, arg6) and r4(arg7, arg8) and r5(arg9, arg10) and r6(arg11, arg12) and r7(arg13, arg14, arg15, arg16)), r1(arg1, arg2), r2(arg3, arg4), r3(arg5, arg6), r4(arg7, arg8), r5(arg9, arg10), r6(arg11, arg12), r7(arg13, arg14, arg15, arg16)";Correct syntax;['True, True, True, True, False, False, False, True', 'False, True, True, True, True, True, True, True', 'True, False, False, False, True, True, True, False'];['True, True, True, True, False, False, False, True', 'False, True, True, True, True, True, True, True', 'True, False, False, False, True, True, True, False']
"System Message:
        You are a logician with a background in mathematics that translates natural language
        reasoning text to Python3 code so that these natural language reasoning problems can be solved.
        During the translation, please pay close attention to defining variables and rules.
        Do not add any comments from you.
        Be guided by the following example:
        Example input text:
        Textual context: If the parameter A's value is at least 20, the lowest possible value of parameter B is 5.
If the parameter C's value is at least 20, the lowest possible value of parameter D is 40.
Parameter E's value cannot be less than parameter F's value.
Parameter G's value cannot be less than parameter H's value.
Parameter I's value cannot be less than parameter J's value.
Parameter K's value cannot be less than parameter L's value.
Parameter M's value cannot be greater than parameter N's value.
Parameter O's value cannot be greater than parameter P's value.

        Example Python3 code:
        # If the parameter A's value is at least 20, the lowest possible value of parameter B is 5.
def r1(a: float, b: float) -> bool:
    if b / a >= 0.25:
        return True
    else:
        return False

# If the parameter C's value is at least 20, the lowest possible value of parameter D is 40.
def r2(c: float, d: float) -> bool:
    if d / c >= 2:
        return True
    else:
        return False

# Parameter E's value cannot be less than parameter F's value.
def r3(e: float, f: float) -> bool:
    if e >= f:
        return True
    else:
        return False

# Parameter G's value cannot be less than parameter H's value.
def r4(g: float, h: float) -> bool:
    if g >= h:
        return True
    else:
        return False

# Parameter I's value cannot be less than parameter J's value.
def r5(i: float, j: float) -> bool:
    if i >= j:
        return True
    else:
        return False

# Parameter K's value cannot be less than parameter L's value.
def r6(k: float, l: float) -> bool:
    if k >= l:
        return True
    else:
        return False

# Parameter M's value cannot be greater than parameter N's value.
def r7(m: float, n: float) -> bool:
    if m <= n:
        return True
    else:
        return False

# Parameter O's value cannot be greater than parameter P's value.
def r8(o: float, p: float) -> bool:
    if o <= p:
        return True
    else:
        return False


        
Input text:
Textual context: PTO operation time must be less than or equal to the total operation time.
Idle time should be less than or equal to the total operation time.
Driving time should be less than or equal to the total operation time.
Stops with PTO engaged cannot outnumber the total stops.
The load supported by axle 1 cannot exceed that of axle 2.
Payload must remain below or equal to the load carried by axle 3.
Total operation time must be greater than or equal to the sum of PTO operation, idle, and driving times.";"PTO operation time must be less than or equal to the total operation time.
Idle time should be less than or equal to the total operation time.
Driving time should be less than or equal to the total operation time.
Stops with PTO engaged cannot outnumber the total stops.
The load supported by axle 1 cannot exceed that of axle 2.
Payload must remain below or equal to the load carried by axle 3.
Total operation time must be greater than or equal to the sum of PTO operation, idle, and driving times.";7;[['PTO operation time', 'total operation time'], ['idle time', 'total operation time'], ['driving time', 'total operation time'], ['stops with PTO engaged', 'stops'], ['axle 1 load', 'axle 2 load'], ['payload', 'axle 3 load'], ['total operation time', 'PTO operation time', 'idle time', 'driving time']];Llama-8;"def r1(pto: float, total: float) -> bool:
    if pto <= total:
        return True
    else:
        return False

def r2(idle: float, total: float) -> bool:
    if idle <= total:
        return True
    else:
        return False

def r3(driving: float, total: float) -> bool:
    if driving <= total:
        return True
    else:
        return False

def r4(pto_stops: int, total_stops: int) -> bool:
    if pto_stops <= total_stops:
        return True
    else:
        return False

def r5(axle1: float, axle2: float) -> bool:
    if axle1 <= axle2:
        return True
    else:
        return False

def r6(payload: float, axle3: float) -> bool:
    if payload <= axle3:
        return True
    else:
        return False

def r7(total: float, pto: float, idle: float, driving: float) -> bool:
    if total >= pto + idle + driving:
        return True
    else:
        return False

def r8(arg1: float, arg2: float, arg3: float, arg4: float, arg5: float, arg6: float, arg7: float, arg8: float, arg9: float, arg10: float, arg11: float, arg12: float, arg13: float, arg14: float, arg15: float, arg16: float):
    return not(r1(arg1, arg2) and r2(arg3, arg4) and r3(arg5, arg6) and r4(arg7, arg8) and r5(arg9, arg10) and r6(arg11, arg12) and r7(arg13, arg14, arg15, arg16)), r1(arg1, arg2), r2(arg3, arg4), r3(arg5, arg6), r4(arg7, arg8), r5(arg9, arg10), r6(arg11, arg12), r7(arg13, arg14, arg15, arg16)";Correct syntax;['True, True, True, True, True, False, False, True', 'False, True, True, True, True, True, True, True', 'True, False, False, False, False, True, True, False'];['True, True, True, True, True, False, False, True', 'False, True, True, True, True, True, True, True', 'True, False, False, False, False, True, True, False']
"System Message:
        You are a logician with a background in mathematics that translates natural language
        reasoning text to Python3 code so that these natural language reasoning problems can be solved.
        During the translation, please pay close attention to defining variables and rules.
        Do not add any comments from you.
        Be guided by the following example:
        Example input text:
        Textual context: If the parameter A's value is at least 20, the lowest possible value of parameter B is 5.
If the parameter C's value is at least 20, the lowest possible value of parameter D is 40.
Parameter E's value cannot be less than parameter F's value.
Parameter G's value cannot be less than parameter H's value.
Parameter I's value cannot be less than parameter J's value.
Parameter K's value cannot be less than parameter L's value.
Parameter M's value cannot be greater than parameter N's value.
Parameter O's value cannot be greater than parameter P's value.

        Example Python3 code:
        # If the parameter A's value is at least 20, the lowest possible value of parameter B is 5.
def r1(a: float, b: float) -> bool:
    if b / a >= 0.25:
        return True
    else:
        return False

# If the parameter C's value is at least 20, the lowest possible value of parameter D is 40.
def r2(c: float, d: float) -> bool:
    if d / c >= 2:
        return True
    else:
        return False

# Parameter E's value cannot be less than parameter F's value.
def r3(e: float, f: float) -> bool:
    if e >= f:
        return True
    else:
        return False

# Parameter G's value cannot be less than parameter H's value.
def r4(g: float, h: float) -> bool:
    if g >= h:
        return True
    else:
        return False

# Parameter I's value cannot be less than parameter J's value.
def r5(i: float, j: float) -> bool:
    if i >= j:
        return True
    else:
        return False

# Parameter K's value cannot be less than parameter L's value.
def r6(k: float, l: float) -> bool:
    if k >= l:
        return True
    else:
        return False

# Parameter M's value cannot be greater than parameter N's value.
def r7(m: float, n: float) -> bool:
    if m <= n:
        return True
    else:
        return False

# Parameter O's value cannot be greater than parameter P's value.
def r8(o: float, p: float) -> bool:
    if o <= p:
        return True
    else:
        return False


        
Input text:
Textual context: Idle time should be less than or equal to the total operation time.
Driving time should be less than or equal to the total operation time.
The number of stops where PTO is engaged must not exceed the overall stop count.
The load on axle 1 must not surpass the load on axle 2.
Payload must remain below or equal to the load carried by axle 2.
Payload must remain below or equal to the load carried by axle 3.
The combined time for PTO operation, idle time, and driving time must not surpass the total operation time.";"Idle time should be less than or equal to the total operation time.
Driving time should be less than or equal to the total operation time.
The number of stops where PTO is engaged must not exceed the overall stop count.
The load on axle 1 must not surpass the load on axle 2.
Payload must remain below or equal to the load carried by axle 2.
Payload must remain below or equal to the load carried by axle 3.
The combined time for PTO operation, idle time, and driving time must not surpass the total operation time.";7;[['idle time', 'total operation time'], ['driving time', 'total operation time'], ['stops with PTO engaged', 'stops'], ['axle 1 load', 'axle 2 load'], ['payload', 'axle 2 load'], ['payload', 'axle 3 load'], ['PTO operation time', 'idle time', 'driving time', 'total operation time']];Llama-8;"def r1(idle_time: float, total_operation_time: float) -> bool:
    if idle_time <= total_operation_time:
        return True
    else:
        return False

def r2(driving_time: float, total_operation_time: float) -> bool:
    if driving_time <= total_operation_time:
        return True
    else:
        return False

def r3(pto_stops: int, overall_stops: int) -> bool:
    if pto_stops <= overall_stops:
        return True
    else:
        return False

def r4(axle1_load: float, axle2_load: float) -> bool:
    if axle1_load <= axle2_load:
        return True
    else:
        return False

def r5(payload: float, axle2_load: float) -> bool:
    if payload <= axle2_load:
        return True
    else:
        return False

def r6(payload: float, axle3_load: float) -> bool:
    if payload <= axle3_load:
        return True
    else:
        return False

def r7(pto_operation_time: float, idle_time: float, driving_time: float, total_operation_time: float) -> bool:
    if pto_operation_time + idle_time + driving_time <= total_operation_time:
        return True
    else:
        return False

def r8(arg1: float, arg2: float, arg3: float, arg4: float, arg5: float, arg6: float, arg7: float, arg8: float, arg9: float, arg10: float, arg11: float, arg12: float, arg13: float, arg14: float, arg15: float, arg16: float):
    return not(r1(arg1, arg2) and r2(arg3, arg4) and r3(arg5, arg6) and r4(arg7, arg8) and r5(arg9, arg10) and r6(arg11, arg12) and r7(arg13, arg14, arg15, arg16)), r1(arg1, arg2), r2(arg3, arg4), r3(arg5, arg6), r4(arg7, arg8), r5(arg9, arg10), r6(arg11, arg12), r7(arg13, arg14, arg15, arg16)";Correct syntax;['True, True, True, True, False, False, False, True', 'False, True, True, True, True, True, True, True', 'True, False, False, False, True, True, True, False'];['True, True, True, True, False, False, False, True', 'False, True, True, True, True, True, True, True', 'True, False, False, False, True, True, True, False']
"System Message:
        You are a logician with a background in mathematics that translates natural language
        reasoning text to Python3 code so that these natural language reasoning problems can be solved.
        During the translation, please pay close attention to defining variables and rules.
        Do not add any comments from you.
        Be guided by the following example:
        Example input text:
        Textual context: If the parameter A's value is at least 20, the lowest possible value of parameter B is 5.
If the parameter C's value is at least 20, the lowest possible value of parameter D is 40.
Parameter E's value cannot be less than parameter F's value.
Parameter G's value cannot be less than parameter H's value.
Parameter I's value cannot be less than parameter J's value.
Parameter K's value cannot be less than parameter L's value.
Parameter M's value cannot be greater than parameter N's value.
Parameter O's value cannot be greater than parameter P's value.

        Example Python3 code:
        # If the parameter A's value is at least 20, the lowest possible value of parameter B is 5.
def r1(a: float, b: float) -> bool:
    if b / a >= 0.25:
        return True
    else:
        return False

# If the parameter C's value is at least 20, the lowest possible value of parameter D is 40.
def r2(c: float, d: float) -> bool:
    if d / c >= 2:
        return True
    else:
        return False

# Parameter E's value cannot be less than parameter F's value.
def r3(e: float, f: float) -> bool:
    if e >= f:
        return True
    else:
        return False

# Parameter G's value cannot be less than parameter H's value.
def r4(g: float, h: float) -> bool:
    if g >= h:
        return True
    else:
        return False

# Parameter I's value cannot be less than parameter J's value.
def r5(i: float, j: float) -> bool:
    if i >= j:
        return True
    else:
        return False

# Parameter K's value cannot be less than parameter L's value.
def r6(k: float, l: float) -> bool:
    if k >= l:
        return True
    else:
        return False

# Parameter M's value cannot be greater than parameter N's value.
def r7(m: float, n: float) -> bool:
    if m <= n:
        return True
    else:
        return False

# Parameter O's value cannot be greater than parameter P's value.
def r8(o: float, p: float) -> bool:
    if o <= p:
        return True
    else:
        return False


        
Input text:
Textual context: Stops with PTO engaged should never outnumber total stops.
The load supported by axle 1 cannot exceed that of axle 2.
The load carried by axle 1 must be smaller than or equal to the load on axle 3.
The payload must not exceed the load carried by axle 2.
Payload must remain below or equal to the load carried by axle 3.
The total operation duration must always be greater than or equal to the combined time for PTO, idle, and driving.";"Stops with PTO engaged should never outnumber total stops.
The load supported by axle 1 cannot exceed that of axle 2.
The load carried by axle 1 must be smaller than or equal to the load on axle 3.
The payload must not exceed the load carried by axle 2.
Payload must remain below or equal to the load carried by axle 3.
The total operation duration must always be greater than or equal to the combined time for PTO, idle, and driving.";6;[['stops with PTO engaged', 'stops'], ['axle 1 load', 'axle 2 load'], ['axle 1 load', 'axle 3 load'], ['payload', 'axle 2 load'], ['payload', 'axle 3 load'], ['total operation time', 'PTO operation time', 'idle time', 'driving time']];Llama-8;"def r1(pto_stops: int, total_stops: int) -> bool:
    if pto_stops <= total_stops:
        return True
    else:
        return False

def r2(axle1_load: float, axle2_load: float) -> bool:
    if axle1_load <= axle2_load:
        return True
    else:
        return False

def r3(axle1_load: float, axle3_load: float) -> bool:
    if axle1_load <= axle3_load:
        return True
    else:
        return False

def r4(payload: float, axle2_load: float) -> bool:
    if payload <= axle2_load:
        return True
    else:
        return False

def r5(payload: float, axle3_load: float) -> bool:
    if payload <= axle3_load:
        return True
    else:
        return False

def r6(operation_duration: float, pto_time: float, idle_time: float, driving_time: float) -> bool:
    if operation_duration >= pto_time + idle_time + driving_time:
        return True
    else:
        return False

def r7(arg1: float, arg2: float, arg3: float, arg4: float, arg5: float, arg6: float, arg7: float, arg8: float, arg9: float, arg10: float, arg11: float, arg12: float, arg13: float, arg14: float):
    return not(r1(arg1, arg2) and r2(arg3, arg4) and r3(arg5, arg6) and r4(arg7, arg8) and r5(arg9, arg10) and r6(arg11, arg12, arg13, arg14)), r1(arg1, arg2), r2(arg3, arg4), r3(arg5, arg6), r4(arg7, arg8), r5(arg9, arg10), r6(arg11, arg12, arg13, arg14)";Correct syntax;['True, True, False, False, False, False, True', 'False, True, True, True, True, True, True', 'True, False, True, True, True, True, False'];['True, True, False, False, False, False, True', 'False, True, True, True, True, True, True', 'True, False, True, True, True, True, False']
"System Message:
        You are a logician with a background in mathematics that translates natural language
        reasoning text to Python3 code so that these natural language reasoning problems can be solved.
        During the translation, please pay close attention to defining variables and rules.
        Do not add any comments from you.
        Be guided by the following example:
        Example input text:
        Textual context: If the parameter A's value is at least 20, the lowest possible value of parameter B is 5.
If the parameter C's value is at least 20, the lowest possible value of parameter D is 40.
Parameter E's value cannot be less than parameter F's value.
Parameter G's value cannot be less than parameter H's value.
Parameter I's value cannot be less than parameter J's value.
Parameter K's value cannot be less than parameter L's value.
Parameter M's value cannot be greater than parameter N's value.
Parameter O's value cannot be greater than parameter P's value.

        Example Python3 code:
        # If the parameter A's value is at least 20, the lowest possible value of parameter B is 5.
def r1(a: float, b: float) -> bool:
    if b / a >= 0.25:
        return True
    else:
        return False

# If the parameter C's value is at least 20, the lowest possible value of parameter D is 40.
def r2(c: float, d: float) -> bool:
    if d / c >= 2:
        return True
    else:
        return False

# Parameter E's value cannot be less than parameter F's value.
def r3(e: float, f: float) -> bool:
    if e >= f:
        return True
    else:
        return False

# Parameter G's value cannot be less than parameter H's value.
def r4(g: float, h: float) -> bool:
    if g >= h:
        return True
    else:
        return False

# Parameter I's value cannot be less than parameter J's value.
def r5(i: float, j: float) -> bool:
    if i >= j:
        return True
    else:
        return False

# Parameter K's value cannot be less than parameter L's value.
def r6(k: float, l: float) -> bool:
    if k >= l:
        return True
    else:
        return False

# Parameter M's value cannot be greater than parameter N's value.
def r7(m: float, n: float) -> bool:
    if m <= n:
        return True
    else:
        return False

# Parameter O's value cannot be greater than parameter P's value.
def r8(o: float, p: float) -> bool:
    if o <= p:
        return True
    else:
        return False


        
Input text:
Textual context: PTO operation time must be less than or equal to the total operation time.
The total stop count must not be lower than the count of stops where PTO is engaged.
The load supported by axle 1 cannot exceed that of axle 2.
Axle 1's load cannot exceed Axle 3's load.
The payload must always be smaller than or equal to the load on axle 2.
Axle 3's load must always be equal to or greater than the payload.
The total operation duration must always be greater than or equal to the combined time for PTO, idle, and driving.";"PTO operation time must be less than or equal to the total operation time.
The total stop count must not be lower than the count of stops where PTO is engaged.
The load supported by axle 1 cannot exceed that of axle 2.
Axle 1's load cannot exceed Axle 3's load.
The payload must always be smaller than or equal to the load on axle 2.
Axle 3's load must always be equal to or greater than the payload.
The total operation duration must always be greater than or equal to the combined time for PTO, idle, and driving.";7;[['PTO operation time', 'total operation time'], ['stops', 'stops with PTO engaged'], ['axle 1 load', 'axle 2 load'], ['axle 1 load', 'axle 3 load'], ['payload', 'axle 2 load'], ['axle 3 load', 'payload'], ['total operation time', 'PTO operation time', 'idle time', 'driving time']];Llama-8;"def r1(pto: float, total: float) -> bool:
    if pto <= total:
        return True
    else:
        return False

def r2(total_stops: int, pto_stops: int) -> bool:
    if total_stops >= pto_stops:
        return True
    else:
        return False

def r3(axle1: float, axle2: float) -> bool:
    if axle1 <= axle2:
        return True
    else:
        return False

def r4(axle1: float, axle3: float) -> bool:
    if axle1 <= axle3:
        return True
    else:
        return False

def r5(payload: float, axle2: float) -> bool:
    if payload <= axle2:
        return True
    else:
        return False

def r6(axle3: float, payload: float) -> bool:
    if axle3 >= payload:
        return True
    else:
        return False

def r7(total: float, pto: float, idle: float, driving: float) -> bool:
    if total >= pto + idle + driving:
        return True
    else:
        return False

def r8(arg1: float, arg2: float, arg3: float, arg4: float, arg5: float, arg6: float, arg7: float, arg8: float, arg9: float, arg10: float, arg11: float, arg12: float, arg13: float, arg14: float, arg15: float, arg16: float):
    return not(r1(arg1, arg2) and r2(arg3, arg4) and r3(arg5, arg6) and r4(arg7, arg8) and r5(arg9, arg10) and r6(arg11, arg12) and r7(arg13, arg14, arg15, arg16)), r1(arg1, arg2), r2(arg3, arg4), r3(arg5, arg6), r4(arg7, arg8), r5(arg9, arg10), r6(arg11, arg12), r7(arg13, arg14, arg15, arg16)";Correct syntax;['True, True, True, False, False, False, False, True', 'False, True, True, True, True, True, True, True', 'True, False, False, True, True, True, True, False'];['True, True, True, False, False, False, False, True', 'False, True, True, True, True, True, True, True', 'True, False, False, True, True, True, True, False']
"System Message:
        You are a logician with a background in mathematics that translates natural language
        reasoning text to Python3 code so that these natural language reasoning problems can be solved.
        During the translation, please pay close attention to defining variables and rules.
        Do not add any comments from you.
        Be guided by the following example:
        Example input text:
        Textual context: If the parameter A's value is at least 20, the lowest possible value of parameter B is 5.
If the parameter C's value is at least 20, the lowest possible value of parameter D is 40.
Parameter E's value cannot be less than parameter F's value.
Parameter G's value cannot be less than parameter H's value.
Parameter I's value cannot be less than parameter J's value.
Parameter K's value cannot be less than parameter L's value.
Parameter M's value cannot be greater than parameter N's value.
Parameter O's value cannot be greater than parameter P's value.

        Example Python3 code:
        # If the parameter A's value is at least 20, the lowest possible value of parameter B is 5.
def r1(a: float, b: float) -> bool:
    if b / a >= 0.25:
        return True
    else:
        return False

# If the parameter C's value is at least 20, the lowest possible value of parameter D is 40.
def r2(c: float, d: float) -> bool:
    if d / c >= 2:
        return True
    else:
        return False

# Parameter E's value cannot be less than parameter F's value.
def r3(e: float, f: float) -> bool:
    if e >= f:
        return True
    else:
        return False

# Parameter G's value cannot be less than parameter H's value.
def r4(g: float, h: float) -> bool:
    if g >= h:
        return True
    else:
        return False

# Parameter I's value cannot be less than parameter J's value.
def r5(i: float, j: float) -> bool:
    if i >= j:
        return True
    else:
        return False

# Parameter K's value cannot be less than parameter L's value.
def r6(k: float, l: float) -> bool:
    if k >= l:
        return True
    else:
        return False

# Parameter M's value cannot be greater than parameter N's value.
def r7(m: float, n: float) -> bool:
    if m <= n:
        return True
    else:
        return False

# Parameter O's value cannot be greater than parameter P's value.
def r8(o: float, p: float) -> bool:
    if o <= p:
        return True
    else:
        return False


        
Input text:
Textual context: PTO operation time should be less than or equal to the total operation time.
Idle time cannot be greater than the total operation time.
The total operation durationmust not be lower than the driving time.
The total stop count must not be lower than the count of stops where PTO is engaged.
The load supported by axle 1 cannot exceed that of axle 3.
Payload must remain below or equal to the load carried by axle 3.
The total operation duration must always be greater than or equal to the combined time for PTO, idle, and driving.";"PTO operation time should be less than or equal to the total operation time.
Idle time cannot be greater than the total operation time.
The total operation durationmust not be lower than the driving time.
The total stop count must not be lower than the count of stops where PTO is engaged.
The load supported by axle 1 cannot exceed that of axle 3.
Payload must remain below or equal to the load carried by axle 3.
The total operation duration must always be greater than or equal to the combined time for PTO, idle, and driving.";7;[['PTO operation time', 'total operation time'], ['idle time', 'total operation time'], ['total operation time', 'driving time'], ['stops', 'stops with PTO engaged'], ['axle 1 load', 'axle 3 load'], ['payload', 'axle 3 load'], ['total operation time', 'PTO operation time', 'idle time', 'driving time']];Llama-8;"def r1(pto_time: float, total_operation_time: float) -> bool:
    if pto_time <= total_operation_time:
        return True
    else:
        return False

def r2(idle_time: float, total_operation_time: float) -> bool:
    if idle_time <= total_operation_time:
        return True
    else:
        return False

def r3(total_operation_time: float, driving_time: float) -> bool:
    if total_operation_time >= driving_time:
        return True
    else:
        return False

def r4(total_stop_count: int, pto_stop_count: int) -> bool:
    if total_stop_count >= pto_stop_count:
        return True
    else:
        return False

def r5(axle1_load: float, axle3_load: float) -> bool:
    if axle1_load <= axle3_load:
        return True
    else:
        return False

def r6(payload: float, axle3_load: float) -> bool:
    if payload <= axle3_load:
        return True
    else:
        return False

def r7(total_operation_time: float, pto_time: float, idle_time: float, driving_time: float) -> bool:
    if total_operation_time >= pto_time + idle_time + driving_time:
        return True
    else:
        return False

def r8(arg1: float, arg2: float, arg3: float, arg4: float, arg5: float, arg6: float, arg7: float, arg8: float, arg9: float, arg10: float, arg11: float, arg12: float, arg13: float, arg14: float, arg15: float, arg16: float):
    return not(r1(arg1, arg2) and r2(arg3, arg4) and r3(arg5, arg6) and r4(arg7, arg8) and r5(arg9, arg10) and r6(arg11, arg12) and r7(arg13, arg14, arg15, arg16)), r1(arg1, arg2), r2(arg3, arg4), r3(arg5, arg6), r4(arg7, arg8), r5(arg9, arg10), r6(arg11, arg12), r7(arg13, arg14, arg15, arg16)";Correct syntax;['True, True, True, True, True, False, False, True', 'False, True, True, True, True, True, True, True', 'True, False, False, False, False, True, True, False'];['True, True, True, True, True, False, False, True', 'False, True, True, True, True, True, True, True', 'True, False, False, False, False, True, True, False']
"System Message:
        You are a logician with a background in mathematics that translates natural language
        reasoning text to Python3 code so that these natural language reasoning problems can be solved.
        During the translation, please pay close attention to defining variables and rules.
        Do not add any comments from you.
        Be guided by the following example:
        Example input text:
        Textual context: If the parameter A's value is at least 20, the lowest possible value of parameter B is 5.
If the parameter C's value is at least 20, the lowest possible value of parameter D is 40.
Parameter E's value cannot be less than parameter F's value.
Parameter G's value cannot be less than parameter H's value.
Parameter I's value cannot be less than parameter J's value.
Parameter K's value cannot be less than parameter L's value.
Parameter M's value cannot be greater than parameter N's value.
Parameter O's value cannot be greater than parameter P's value.

        Example Python3 code:
        # If the parameter A's value is at least 20, the lowest possible value of parameter B is 5.
def r1(a: float, b: float) -> bool:
    if b / a >= 0.25:
        return True
    else:
        return False

# If the parameter C's value is at least 20, the lowest possible value of parameter D is 40.
def r2(c: float, d: float) -> bool:
    if d / c >= 2:
        return True
    else:
        return False

# Parameter E's value cannot be less than parameter F's value.
def r3(e: float, f: float) -> bool:
    if e >= f:
        return True
    else:
        return False

# Parameter G's value cannot be less than parameter H's value.
def r4(g: float, h: float) -> bool:
    if g >= h:
        return True
    else:
        return False

# Parameter I's value cannot be less than parameter J's value.
def r5(i: float, j: float) -> bool:
    if i >= j:
        return True
    else:
        return False

# Parameter K's value cannot be less than parameter L's value.
def r6(k: float, l: float) -> bool:
    if k >= l:
        return True
    else:
        return False

# Parameter M's value cannot be greater than parameter N's value.
def r7(m: float, n: float) -> bool:
    if m <= n:
        return True
    else:
        return False

# Parameter O's value cannot be greater than parameter P's value.
def r8(o: float, p: float) -> bool:
    if o <= p:
        return True
    else:
        return False


        
Input text:
Textual context: PTO operation time must be less than or equal to the total operation time.
The total operation duration must not be lower than the idle time.
PTO-engaged stops cannot exceed the total number of stops.
The load on axle 1 must not surpass the load on axle 2.
The load carried by axle 1 must be smaller than or equal to the load on axle 3.
The payload must not exceed the load carried by axle 3.";"PTO operation time must be less than or equal to the total operation time.
The total operation duration must not be lower than the idle time.
PTO-engaged stops cannot exceed the total number of stops.
The load on axle 1 must not surpass the load on axle 2.
The load carried by axle 1 must be smaller than or equal to the load on axle 3.
The payload must not exceed the load carried by axle 3.";6;[['PTO operation time', 'total operation time'], ['total operation time', 'idle time'], ['stops with PTO engaged', 'stops'], ['axle 1 load', 'axle 2 load'], ['axle 1 load', 'axle 3 load'], ['payload', 'axle 3 load']];Llama-8;"def r1(pto_operation_time: float, total_operation_time: float) -> bool:
    if pto_operation_time > total_operation_time:
        return False
    else:
        return True

def r2(total_operation_time: float, idle_time: float) -> bool:
    if total_operation_time < idle_time:
        return False
    else:
        return True

def r3(pto_engaged_stops: float, total_stops: float) -> bool:
    if pto_engaged_stops > total_stops:
        return False
    else:
        return True

def r4(load_axle1: float, load_axle2: float) -> bool:
    if load_axle1 > load_axle2:
        return False
    else:
        return True

def r5(load_axle1: float, load_axle3: float) -> bool:
    if load_axle1 > load_axle3:
        return False
    else:
        return True

def r6(payload: float, load_axle3: float) -> bool:
    if payload > load_axle3:
        return False
    else:
        return True

def r7(arg1: float, arg2: float, arg3: float, arg4: float, arg5: float, arg6: float, arg7: float, arg8: float, arg9: float, arg10: float, arg11: float, arg12: float):
    return not(r1(arg1, arg2) and r2(arg3, arg4) and r3(arg5, arg6) and r4(arg7, arg8) and r5(arg9, arg10) and r6(arg11, arg12)), r1(arg1, arg2), r2(arg3, arg4), r3(arg5, arg6), r4(arg7, arg8), r5(arg9, arg10), r6(arg11, arg12)";Correct syntax;['True, True, True, True, False, False, False', 'False, True, True, True, True, True, True', 'True, False, False, False, True, True, True'];['True, True, True, True, False, False, False', 'False, True, True, True, True, True, True', 'True, False, False, False, True, True, True']
"System Message:
        You are a logician with a background in mathematics that translates natural language
        reasoning text to Python3 code so that these natural language reasoning problems can be solved.
        During the translation, please pay close attention to defining variables and rules.
        Do not add any comments from you.
        Be guided by the following example:
        Example input text:
        Textual context: If the parameter A's value is at least 20, the lowest possible value of parameter B is 5.
If the parameter C's value is at least 20, the lowest possible value of parameter D is 40.
Parameter E's value cannot be less than parameter F's value.
Parameter G's value cannot be less than parameter H's value.
Parameter I's value cannot be less than parameter J's value.
Parameter K's value cannot be less than parameter L's value.
Parameter M's value cannot be greater than parameter N's value.
Parameter O's value cannot be greater than parameter P's value.

        Example Python3 code:
        # If the parameter A's value is at least 20, the lowest possible value of parameter B is 5.
def r1(a: float, b: float) -> bool:
    if b / a >= 0.25:
        return True
    else:
        return False

# If the parameter C's value is at least 20, the lowest possible value of parameter D is 40.
def r2(c: float, d: float) -> bool:
    if d / c >= 2:
        return True
    else:
        return False

# Parameter E's value cannot be less than parameter F's value.
def r3(e: float, f: float) -> bool:
    if e >= f:
        return True
    else:
        return False

# Parameter G's value cannot be less than parameter H's value.
def r4(g: float, h: float) -> bool:
    if g >= h:
        return True
    else:
        return False

# Parameter I's value cannot be less than parameter J's value.
def r5(i: float, j: float) -> bool:
    if i >= j:
        return True
    else:
        return False

# Parameter K's value cannot be less than parameter L's value.
def r6(k: float, l: float) -> bool:
    if k >= l:
        return True
    else:
        return False

# Parameter M's value cannot be greater than parameter N's value.
def r7(m: float, n: float) -> bool:
    if m <= n:
        return True
    else:
        return False

# Parameter O's value cannot be greater than parameter P's value.
def r8(o: float, p: float) -> bool:
    if o <= p:
        return True
    else:
        return False


        
Input text:
Textual context: Total operation time should shouldn’t be lower than driving time.
Stops with PTO engaged cannot outnumber the total stops.
The load carried by axle 1 must be smaller than or equal to the load on axle 2.
The payload must not exceed the load carried by axle 2.
Payload must remain below or equal to the load carried by axle 3.
Total operation time must be greater than or equal to the sum of PTO operation, idle, and driving times.";"Total operation time should shouldn’t be lower than driving time.
Stops with PTO engaged cannot outnumber the total stops.
The load carried by axle 1 must be smaller than or equal to the load on axle 2.
The payload must not exceed the load carried by axle 2.
Payload must remain below or equal to the load carried by axle 3.
Total operation time must be greater than or equal to the sum of PTO operation, idle, and driving times.";6;[['total operation time', 'driving time'], ['stops with PTO engaged', 'stops'], ['axle 1 load', 'axle 2 load'], ['payload', 'axle 2 load'], ['payload', 'axle 3 load'], ['total operation time', 'PTO operation time', 'idle time', 'driving time']];Llama-8;"def r1(total_operation_time: float, driving_time: float) -> bool:
    if total_operation_time < driving_time:
        return False
    else:
        return True

def r2(pto_stops: int, total_stops: int) -> bool:
    if pto_stops > total_stops:
        return False
    else:
        return True

def r3(axle1_load: float, axle2_load: float) -> bool:
    if axle1_load > axle2_load:
        return False
    else:
        return True

def r4(payload: float, axle2_load: float) -> bool:
    if payload > axle2_load:
        return False
    else:
        return True

def r5(payload: float, axle3_load: float) -> bool:
    if payload > axle3_load:
        return False
    else:
        return True

def r6(total_operation_time: float, pto_operation_time: float, idle_time: float, driving_time: float) -> bool:
    if total_operation_time < pto_operation_time + idle_time + driving_time:
        return False
    else:
        return True

def r7(arg1: float, arg2: float, arg3: float, arg4: float, arg5: float, arg6: float, arg7: float, arg8: float, arg9: float, arg10: float, arg11: float, arg12: float, arg13: float, arg14: float):
    return not(r1(arg1, arg2) and r2(arg3, arg4) and r3(arg5, arg6) and r4(arg7, arg8) and r5(arg9, arg10) and r6(arg11, arg12, arg13, arg14)), r1(arg1, arg2), r2(arg3, arg4), r3(arg5, arg6), r4(arg7, arg8), r5(arg9, arg10), r6(arg11, arg12, arg13, arg14)";Correct syntax;['True, True, True, False, False, False, True', 'False, True, True, True, True, True, True', 'True, False, False, True, True, True, False'];['True, True, True, False, False, False, True', 'False, True, True, True, True, True, True', 'True, False, False, True, True, True, False']
"System Message:
You are an agent which task is to correct Python3 code implementing logical rules, generated by another large language model,
so that they throw no runtime errors during program execution and correspond to the logical assumptions expressed in natural language.
To perform this task you will receive a Python3 code with valid syntax, which not correspond to the logical premises and throw runtime errors,
and these logical premises expressed in natural language, which should be translated into rules in Python3 code.
Your task is to return a valid Python3 rules for a given premises, having corrected the runtime errors.
Improvements made should mainly include defining the correct number of arguments for each function according to corresponding premise
and using inside functions the proper variables, previously defined in the function declaration.
Do not make any corrections to the last function.
Please output only a valid Python code only with comments started with #.
Do not add any additional texts, tags and comments.
Be guided by the following examples:

Example 1
# If the parameter C's value is at least 20, the lowest possible value of parameter D is 40.
def r1(c: float, d: float) -> bool:
    if c >= 20 and d / c >= 0.4:
        return True
    else:
        return False

# Parameter W value should be at least the sum of parameter X, parameter Y and parameter Z.
def r2(x: float, y: float, z: float) -> bool:
    if x + y + z >= 0:
        return True
    else:
        return False

# To identify the day as abnormal, it is enough that even one or more conditions are violated.
def r3(arg1: float, arg2: float, arg3: float, arg4: float, arg5: float, arg6: float):
    return not(r1(arg1, arg2) and r2(arg3, arg4, arg5, arg6)), r1(arg1, arg2), r2(arg3, arg4, arg5, arg6)

It is supposed to translate the following example text into rules:
If the parameter C's value is at least 20, the lowest possible value of parameter D is 40.
Parameter W value should be at least the sum of parameter X, parameter Y and parameter Z.

Code after execution returns the following error:
Traceback (most recent call last):
  File ""/home/obywatelfg/Doktorat/Badania/Logic-LLM/LLM-logic/New_val_Adapt_Task2_outputs_python_no_final_rule/Llama-8/2/python_code/2_output_python.py"", line 18, in <module>
    print(r3(2226.8, 2432.3, 0.3, 0.9, 2.7, 1.0))
  File ""/home/obywatelfg/Doktorat/Badania/Logic-LLM/LLM-logic/New_val_Adapt_Task2_outputs_python_no_final_rule/Llama-8/2/python_code/2_output_python.py"", line 16, in r3
    return not(r1(arg1, arg2) and r2(arg3, arg4, arg5, arg6)), r1(arg1, arg2), r2(arg3, arg4, arg5, arg6)
TypeError: r2() takes 3 positional arguments but 4 were given

Please correct the code.

The corrected code should be the following:
# If the parameter C's value is at least 20, the lowest possible value of parameter D is 40.
def r1(c: float, d: float) -> bool:
    if c >= 20 and d / c >= 0.4:
        return True
    else:
        return False

# This function lack of parameter W in a function definition and a body, where logical rule should check the proportion between param W and sum of params x, y, z.
# Parameter W value should be at least the sum of parameter X, parameter Y and parameter Z.
def r2(x: float, y: float, z: float, w: float) -> bool:
    if x + y + z <= w:
        return True
    else:
        return False

# To identify the day as abnormal, it is enough that even one or more conditions are violated.
def r3(arg1: float, arg2: float, arg3: float, arg4: float, arg5: float, arg6: float):
    return not(r1(arg1, arg2) and r2(arg3, arg4, arg5, arg6)), r1(arg1, arg2), r2(arg3, arg4, arg5, arg6)


Example 2
# If the parameter C's value is at least 20, the lowest possible value of parameter D is 40.
def r1(c: float) -> bool:
    if c >= 40 and c >= 0.4:
        return True
    else:
        return False

# Parameter T's value shouldn't be lower than parameter P's value.
def r2(t: float, p: float) -> bool:
    if t >= p:
        return True
    else:
        return False

# To identify the day as abnormal, it is enough that even one or more conditions are violated.
def r3(arg1: float, arg2: float, arg3: float, arg4: float):
    return not(r1(arg1, arg2) and r2(arg3, arg4)), r1(arg1, arg2), r2(arg3, arg4)

It is supposed to translate the following example text into rules:
If the parameter C's value is at least 20, the lowest possible value of parameter D is 40.
Parameter T's value shouldn't be lower than parameter P's value.

Code after execution returns the following error:
Traceback (most recent call last):
  File ""/home/obywatelfg/Doktorat/Badania/Logic-LLM/LLM-logic/New_val_Adapt_Task2_outputs_python_no_final_rule/Llama-8/4/python_code/121_output_python.py"", line 32, in <module>
    print(r5(227.70000000000002, 75.9, 9.5, 1.9, 7203.1, 6652.3, 10268.5, 8400.7))
  File ""/home/obywatelfg/Doktorat/Badania/Logic-LLM/LLM-logic/New_val_Adapt_Task2_outputs_python_no_final_rule/Llama-8/4/python_code/121_output_python.py"", line 30, in r5
    return not(r1(arg1, arg2) and r2(arg3, arg4) and r3(arg5, arg6) and r4(arg7, arg8)), r1(arg1, arg2), r2(arg3, arg4), r3(arg5, arg6), r4(arg7, arg8)
TypeError: r1() takes 1 positional argument but 2 were given

Please correct the code.

The corrected code should be the following:
# If the parameter C's value is at least 20, the lowest possible value of parameter D is 40.
def r1(c: float, d: float) -> bool:
    if d / c >= 2:
        return True
    else:
        return False

# Parameter T's value shouldn't be lower than parameter P's value.
def r2(t: float, p: float) -> bool:
    if t >= p:
        return True
    else:
        return False

# To identify the day as abnormal, it is enough that even one or more conditions are violated.
def r3(arg1: float, arg2: float, arg3: float, arg4: float):
    return not(r1(arg1, arg2) and r2(arg3, arg4)), r1(arg1, arg2), r2(arg3, arg4)


The input for your task:
This is the Python3 code which not correspond to the given logical premises:
def r1(total_operation_time: float, pto_operation_time: float) -> bool:
    if total_operation_time >= pto_operation_time:
        return True
    else:
        return False

def r2(idle_time: float, total_operation_time: float) -> bool:
    if idle_time <= total_operation_time:
        return True
    else:
        return False

def r3(total_operation_duration: float, driving_time: float) -> bool:
    if total_operation_duration >= driving_time:
        return True
    else:
        return False

def r4(pto_engaged_stops: int, total_stops: int) -> bool:
    if ptos_stops <= total_stops:
        return True
    else:
        return False

def r5(axle2_load: float, payload: float) -> bool:
    if axle2_load >= payload:
        return True
    else:
        return False

def r6(axle3_load: float, payload: float) -> bool:
    if axle3_load >= payload:
        return True
    else:
        return False

def r7(arg1: float, arg2: float, arg3: float, arg4: float, arg5: float, arg6: float, arg7: float, arg8: float, arg9: float, arg10: float, arg11: float, arg12: float):
    return not(r1(arg1, arg2) and r2(arg3, arg4) and r3(arg5, arg6) and r4(arg7, arg8) and r5(arg9, arg10) and r6(arg11, arg12)), r1(arg1, arg2), r2(arg3, arg4), r3(arg5, arg6), r4(arg7, arg8), r5(arg9, arg10), r6(arg11, arg12)

It is supposed to translate the following text into rules:
Total operation time shouldn’t be lower than PTO operation time.
Idle time cannot be greater than the total operation time.
The total operation durationmust not be lower than the driving time.
PTO-engaged stops cannot exceed the total number of stops.
Axle 2's load must always be equal to or greater than the payload.
Axle 3's load must always be equal to or greater than the payload.

Code after execution returns the following error:
Traceback (most recent call last):
  File ""/home/frank/Doktorat/ExKLoP/saved_outputs/Task2_syntax_outputs/Llama-8/6/python_code/314_output_python.py"", line 40, in <module>
    print(r7(5.7, 4.0, 2.0, 3.8, 8.6, 3.2, 110, 171, 7.7, 51.6, 1093.9, 7094.8))
  File ""/home/frank/Doktorat/ExKLoP/saved_outputs/Task2_syntax_outputs/Llama-8/6/python_code/314_output_python.py"", line 38, in r7
    return not(r1(arg1, arg2) and r2(arg3, arg4) and r3(arg5, arg6) and r4(arg7, arg8) and r5(arg9, arg10) and r6(arg11, arg12)), r1(arg1, arg2), r2(arg3, arg4), r3(arg5, arg6), r4(arg7, arg8), r5(arg9, arg10), r6(arg11, arg12)
  File ""/home/frank/Doktorat/ExKLoP/saved_outputs/Task2_syntax_outputs/Llama-8/6/python_code/314_output_python.py"", line 20, in r4
    if ptos_stops <= total_stops:
NameError: name 'ptos_stops' is not defined. Did you mean: 'total_stops'?


Please correct the code.   ";"Total operation time shouldn’t be lower than PTO operation time.
Idle time cannot be greater than the total operation time.
The total operation durationmust not be lower than the driving time.
PTO-engaged stops cannot exceed the total number of stops.
Axle 2's load must always be equal to or greater than the payload.
Axle 3's load must always be equal to or greater than the payload.";6;[['total operation time', 'PTO operation time'], ['idle time', 'total operation time'], ['total operation time', 'driving time'], ['stops with PTO engaged', 'stops'], ['axle 2 load', 'payload'], ['axle 3 load', 'payload']];Llama-8;"# Total operation time shouldn’t be lower than PTO operation time.
def r1(total_operation_time: float, pto_operation_time: float) -> bool:
    if total_operation_time >= pto_operation_time:
        return True
    else:
        return False

# Idle time cannot be greater than the total operation time.
def r2(idle_time: float, total_operation_time: float) -> bool:
    if idle_time <= total_operation_time:
        return True
    else:
        return False

# The total operation duration must not be lower than the driving time.
def r3(total_operation_duration: float, driving_time: float) -> bool:
    if total_operation_duration >= driving_time:
        return True
    else:
        return False

# PTO-engaged stops cannot exceed the total number of stops.
def r4(pto_engaged_stops: int, total_stops: int) -> bool:
    if pto_engaged_stops <= total_stops:
        return True
    else:
        return False

# Axle 2's load must always be equal to or greater than the payload.
def r5(axle2_load: float, payload: float) -> bool:
    if axle2_load >= payload:
        return True
    else:
        return False

# Axle 3's load must always be equal to or greater than the payload.
def r6(axle3_load: float, payload: float) -> bool:
    if axle3_load >= payload:
        return True
    else:
        return False

# To identify the day as abnormal, it is enough that even one or more conditions are violated.
def r7(total_operation_time: float, pto_operation_time: float, idle_time: float, total_operation_time_2: float, pto_engaged_stops: int, total_stops: int, axle2_load: float, payload: float, axle3_load: float, arg9: float, arg10: float, arg11: float, arg12: float) -> bool:
    return not(r1(total_operation_time, pto_operation_time) and r2(idle_time, total_operation_time_2) and r3(total_operation_duration, driving_time) and r4(pto_engaged_stops, total_stops) and r5(axle2_load, payload) and r6(axle3_load, payload)), r1(total_operation_time, pto_operation_time), r2(idle_time, total_operation_time_2), r3(total_operation_duration, driving_time), r4(pto_engaged_stops, total_stops), r5(axle2_load, payload), r6(axle3_load, payload)

def r7(arg1: float, arg2: float, arg3: float, arg4: float, arg5: float, arg6: float, arg7: float, arg8: float, arg9: float, arg10: float, arg11: float, arg12: float):
    return not(r1(arg1, arg2) and r2(arg3, arg4) and r3(arg5, arg6) and r4(arg7, arg8) and r5(arg9, arg10) and r6(arg11, arg12)), r1(arg1, arg2), r2(arg3, arg4), r3(arg5, arg6), r4(arg7, arg8), r5(arg9, arg10), r6(arg11, arg12)";Correct syntax;['True, True, True, True, True, False, False', 'False, True, True, True, True, True, True', 'True, False, False, False, False, True, True'];['True, True, True, True, True, False, False', 'False, True, True, True, True, True, True', 'True, False, False, False, False, True, True']
"System Message:
        You are a logician with a background in mathematics that translates natural language
        reasoning text to Python3 code so that these natural language reasoning problems can be solved.
        During the translation, please pay close attention to defining variables and rules.
        Do not add any comments from you.
        Be guided by the following example:
        Example input text:
        Textual context: If the parameter A's value is at least 20, the lowest possible value of parameter B is 5.
If the parameter C's value is at least 20, the lowest possible value of parameter D is 40.
Parameter E's value cannot be less than parameter F's value.
Parameter G's value cannot be less than parameter H's value.
Parameter I's value cannot be less than parameter J's value.
Parameter K's value cannot be less than parameter L's value.
Parameter M's value cannot be greater than parameter N's value.
Parameter O's value cannot be greater than parameter P's value.

        Example Python3 code:
        # If the parameter A's value is at least 20, the lowest possible value of parameter B is 5.
def r1(a: float, b: float) -> bool:
    if b / a >= 0.25:
        return True
    else:
        return False

# If the parameter C's value is at least 20, the lowest possible value of parameter D is 40.
def r2(c: float, d: float) -> bool:
    if d / c >= 2:
        return True
    else:
        return False

# Parameter E's value cannot be less than parameter F's value.
def r3(e: float, f: float) -> bool:
    if e >= f:
        return True
    else:
        return False

# Parameter G's value cannot be less than parameter H's value.
def r4(g: float, h: float) -> bool:
    if g >= h:
        return True
    else:
        return False

# Parameter I's value cannot be less than parameter J's value.
def r5(i: float, j: float) -> bool:
    if i >= j:
        return True
    else:
        return False

# Parameter K's value cannot be less than parameter L's value.
def r6(k: float, l: float) -> bool:
    if k >= l:
        return True
    else:
        return False

# Parameter M's value cannot be greater than parameter N's value.
def r7(m: float, n: float) -> bool:
    if m <= n:
        return True
    else:
        return False

# Parameter O's value cannot be greater than parameter P's value.
def r8(o: float, p: float) -> bool:
    if o <= p:
        return True
    else:
        return False


        
Input text:
Textual context: PTO operation time must be less than or equal to the total operation time.
Idle time must always be less than or equal to the total operation time.
Total operation time should shouldn’t be lower than driving time.
The total stop count must not be lower than the count of stops where PTO is engaged.
The load supported by axle 1 cannot exceed that of axle 2.
The weight on axle 1 cannot surpass the weight on axle 3.
The payload must not exceed the load carried by axle 3.";"PTO operation time must be less than or equal to the total operation time.
Idle time must always be less than or equal to the total operation time.
Total operation time should shouldn’t be lower than driving time.
The total stop count must not be lower than the count of stops where PTO is engaged.
The load supported by axle 1 cannot exceed that of axle 2.
The weight on axle 1 cannot surpass the weight on axle 3.
The payload must not exceed the load carried by axle 3.";7;[['PTO operation time', 'total operation time'], ['idle time', 'total operation time'], ['total operation time', 'driving time'], ['stops', 'stops with PTO engaged'], ['axle 1 load', 'axle 2 load'], ['axle 1 load', 'axle 3 load'], ['payload', 'axle 3 load']];Llama-8;"def r1(pto: float, total: float) -> bool:
    if pto <= total:
        return True
    else:
        return False

def r2(idle: float, total: float) -> bool:
    if idle <= total:
        return True
    else:
        return False

def r3(total: float, driving: float) -> bool:
    if total >= driving:
        return True
    else:
        return False

def r4(total_stops: int, pto_stops: int) -> bool:
    if total_stops >= pto_stops:
        return True
    else:
        return False

def r5(axle1: float, axle2: float) -> bool:
    if axle1 <= axle2:
        return True
    else:
        return False

def r6(axle1: float, axle3: float) -> bool:
    if axle1 <= axle3:
        return True
    else:
        return False

def r7(payload: float, axle3: float) -> bool:
    if payload <= axle3:
        return True
    else:
        return False

def r8(arg1: float, arg2: float, arg3: float, arg4: float, arg5: float, arg6: float, arg7: float, arg8: float, arg9: float, arg10: float, arg11: float, arg12: float, arg13: float, arg14: float):
    return not(r1(arg1, arg2) and r2(arg3, arg4) and r3(arg5, arg6) and r4(arg7, arg8) and r5(arg9, arg10) and r6(arg11, arg12) and r7(arg13, arg14)), r1(arg1, arg2), r2(arg3, arg4), r3(arg5, arg6), r4(arg7, arg8), r5(arg9, arg10), r6(arg11, arg12), r7(arg13, arg14)";Correct syntax;['True, True, True, True, True, False, False, False', 'False, True, True, True, True, True, True, True', 'True, False, False, False, False, True, True, True'];['True, True, True, True, True, False, False, False', 'False, True, True, True, True, True, True, True', 'True, False, False, False, False, True, True, True']
"System Message:
        You are a logician with a background in mathematics that translates natural language
        reasoning text to Python3 code so that these natural language reasoning problems can be solved.
        During the translation, please pay close attention to defining variables and rules.
        Do not add any comments from you.
        Be guided by the following example:
        Example input text:
        Textual context: If the parameter A's value is at least 20, the lowest possible value of parameter B is 5.
If the parameter C's value is at least 20, the lowest possible value of parameter D is 40.
Parameter E's value cannot be less than parameter F's value.
Parameter G's value cannot be less than parameter H's value.
Parameter I's value cannot be less than parameter J's value.
Parameter K's value cannot be less than parameter L's value.
Parameter M's value cannot be greater than parameter N's value.
Parameter O's value cannot be greater than parameter P's value.

        Example Python3 code:
        # If the parameter A's value is at least 20, the lowest possible value of parameter B is 5.
def r1(a: float, b: float) -> bool:
    if b / a >= 0.25:
        return True
    else:
        return False

# If the parameter C's value is at least 20, the lowest possible value of parameter D is 40.
def r2(c: float, d: float) -> bool:
    if d / c >= 2:
        return True
    else:
        return False

# Parameter E's value cannot be less than parameter F's value.
def r3(e: float, f: float) -> bool:
    if e >= f:
        return True
    else:
        return False

# Parameter G's value cannot be less than parameter H's value.
def r4(g: float, h: float) -> bool:
    if g >= h:
        return True
    else:
        return False

# Parameter I's value cannot be less than parameter J's value.
def r5(i: float, j: float) -> bool:
    if i >= j:
        return True
    else:
        return False

# Parameter K's value cannot be less than parameter L's value.
def r6(k: float, l: float) -> bool:
    if k >= l:
        return True
    else:
        return False

# Parameter M's value cannot be greater than parameter N's value.
def r7(m: float, n: float) -> bool:
    if m <= n:
        return True
    else:
        return False

# Parameter O's value cannot be greater than parameter P's value.
def r8(o: float, p: float) -> bool:
    if o <= p:
        return True
    else:
        return False


        
Input text:
Textual context: PTO operation time cannot be greater than the total operation time.
Total operation time should shouldn’t be lower than driving time.
The total stop count must not be lower than the count of stops where PTO is engaged.
The load supported by axle 1 cannot exceed that of axle 2.
The payload must always be smaller than or equal to the load on axle 2.
The payload must always be smaller than or equal to the load on axle 3.";"PTO operation time cannot be greater than the total operation time.
Total operation time should shouldn’t be lower than driving time.
The total stop count must not be lower than the count of stops where PTO is engaged.
The load supported by axle 1 cannot exceed that of axle 2.
The payload must always be smaller than or equal to the load on axle 2.
The payload must always be smaller than or equal to the load on axle 3.";6;[['PTO operation time', 'total operation time'], ['total operation time', 'driving time'], ['stops', 'stops with PTO engaged'], ['axle 1 load', 'axle 2 load'], ['payload', 'axle 2 load'], ['payload', 'axle 3 load']];Llama-8;"def r1(pto_time: float, total_time: float) -> bool:
    if pto_time <= total_time:
        return True
    else:
        return False

def r2(total_time: float, driving_time: float) -> bool:
    if total_time >= driving_time:
        return True
    else:
        return False

def r3(total_stops: int, pto_stops: int) -> bool:
    if total_stops >= pto_stops:
        return True
    else:
        return False

def r4(axle1_load: float, axle2_load: float) -> bool:
    if axle1_load <= axle2_load:
        return True
    else:
        return False

def r5(payload: float, axle2_load: float) -> bool:
    if payload <= axle2_load:
        return True
    else:
        return False

def r6(payload: float, axle3_load: float) -> bool:
    if payload <= axle3_load:
        return True
    else:
        return False

def r7(arg1: float, arg2: float, arg3: float, arg4: float, arg5: float, arg6: float, arg7: float, arg8: float, arg9: float, arg10: float, arg11: float, arg12: float):
    return not(r1(arg1, arg2) and r2(arg3, arg4) and r3(arg5, arg6) and r4(arg7, arg8) and r5(arg9, arg10) and r6(arg11, arg12)), r1(arg1, arg2), r2(arg3, arg4), r3(arg5, arg6), r4(arg7, arg8), r5(arg9, arg10), r6(arg11, arg12)";Correct syntax;['True, True, True, True, False, False, False', 'False, True, True, True, True, True, True', 'True, False, False, False, True, True, True'];['True, True, True, True, False, False, False', 'False, True, True, True, True, True, True', 'True, False, False, False, True, True, True']
"System Message:
        You are a logician with a background in mathematics that translates natural language
        reasoning text to Python3 code so that these natural language reasoning problems can be solved.
        During the translation, please pay close attention to defining variables and rules.
        Do not add any comments from you.
        Be guided by the following example:
        Example input text:
        Textual context: If the parameter A's value is at least 20, the lowest possible value of parameter B is 5.
If the parameter C's value is at least 20, the lowest possible value of parameter D is 40.
Parameter E's value cannot be less than parameter F's value.
Parameter G's value cannot be less than parameter H's value.
Parameter I's value cannot be less than parameter J's value.
Parameter K's value cannot be less than parameter L's value.
Parameter M's value cannot be greater than parameter N's value.
Parameter O's value cannot be greater than parameter P's value.

        Example Python3 code:
        # If the parameter A's value is at least 20, the lowest possible value of parameter B is 5.
def r1(a: float, b: float) -> bool:
    if b / a >= 0.25:
        return True
    else:
        return False

# If the parameter C's value is at least 20, the lowest possible value of parameter D is 40.
def r2(c: float, d: float) -> bool:
    if d / c >= 2:
        return True
    else:
        return False

# Parameter E's value cannot be less than parameter F's value.
def r3(e: float, f: float) -> bool:
    if e >= f:
        return True
    else:
        return False

# Parameter G's value cannot be less than parameter H's value.
def r4(g: float, h: float) -> bool:
    if g >= h:
        return True
    else:
        return False

# Parameter I's value cannot be less than parameter J's value.
def r5(i: float, j: float) -> bool:
    if i >= j:
        return True
    else:
        return False

# Parameter K's value cannot be less than parameter L's value.
def r6(k: float, l: float) -> bool:
    if k >= l:
        return True
    else:
        return False

# Parameter M's value cannot be greater than parameter N's value.
def r7(m: float, n: float) -> bool:
    if m <= n:
        return True
    else:
        return False

# Parameter O's value cannot be greater than parameter P's value.
def r8(o: float, p: float) -> bool:
    if o <= p:
        return True
    else:
        return False


        
Input text:
Textual context: Total operation time shouldn’t be lower than PTO operation time.
Idle time must always be less than or equal to the total operation time.
Driving time should be less than or equal to the total operation time.
The weight on axle 1 cannot surpass the weight on axle 2.
Axle 2's load must always be equal to or greater than the payload.
Total operation time should be at least the sum of PTO, idle, and driving times.";"Total operation time shouldn’t be lower than PTO operation time.
Idle time must always be less than or equal to the total operation time.
Driving time should be less than or equal to the total operation time.
The weight on axle 1 cannot surpass the weight on axle 2.
Axle 2's load must always be equal to or greater than the payload.
Total operation time should be at least the sum of PTO, idle, and driving times.";6;[['total operation time', 'PTO operation time'], ['idle time', 'total operation time'], ['driving time', 'total operation time'], ['axle 1 load', 'axle 2 load'], ['axle 2 load', 'payload'], ['total operation time', 'PTO operation time', 'idle time', 'driving time']];Llama-8;"def r1(pto: float, total: float) -> bool:
    if total >= pto:
        return True
    else:
        return False

def r2(idle: float, total: float) -> bool:
    if idle <= total:
        return True
    else:
        return False

def r3(driving: float, total: float) -> bool:
    if driving <= total:
        return True
    else:
        return False

def r4(axle1: float, axle2: float) -> bool:
    if axle1 <= axle2:
        return True
    else:
        return False

def r5(axle2: float, payload: float) -> bool:
    if axle2 >= payload:
        return True
    else:
        return False

def r6(pto: float, idle: float, driving: float, total: float) -> bool:
    if total >= pto + idle + driving:
        return True
    else:
        return False

def r7(arg1: float, arg2: float, arg3: float, arg4: float, arg5: float, arg6: float, arg7: float, arg8: float, arg9: float, arg10: float, arg11: float, arg12: float, arg13: float, arg14: float):
    return not(r1(arg1, arg2) and r2(arg3, arg4) and r3(arg5, arg6) and r4(arg7, arg8) and r5(arg9, arg10) and r6(arg11, arg12, arg13, arg14)), r1(arg1, arg2), r2(arg3, arg4), r3(arg5, arg6), r4(arg7, arg8), r5(arg9, arg10), r6(arg11, arg12, arg13, arg14)";Correct syntax;['True, True, True, True, False, False, True', 'False, True, True, True, True, True, True', 'True, False, False, False, True, True, False'];['True, False, True, True, False, False, False', 'True, True, True, True, True, True, False', 'True, True, False, False, True, True, False']
"System Message:
        You are a logician with a background in mathematics that translates natural language
        reasoning text to Python3 code so that these natural language reasoning problems can be solved.
        During the translation, please pay close attention to defining variables and rules.
        Do not add any comments from you.
        Be guided by the following example:
        Example input text:
        Textual context: If the parameter A's value is at least 20, the lowest possible value of parameter B is 5.
If the parameter C's value is at least 20, the lowest possible value of parameter D is 40.
Parameter E's value cannot be less than parameter F's value.
Parameter G's value cannot be less than parameter H's value.
Parameter I's value cannot be less than parameter J's value.
Parameter K's value cannot be less than parameter L's value.
Parameter M's value cannot be greater than parameter N's value.
Parameter O's value cannot be greater than parameter P's value.

        Example Python3 code:
        # If the parameter A's value is at least 20, the lowest possible value of parameter B is 5.
def r1(a: float, b: float) -> bool:
    if b / a >= 0.25:
        return True
    else:
        return False

# If the parameter C's value is at least 20, the lowest possible value of parameter D is 40.
def r2(c: float, d: float) -> bool:
    if d / c >= 2:
        return True
    else:
        return False

# Parameter E's value cannot be less than parameter F's value.
def r3(e: float, f: float) -> bool:
    if e >= f:
        return True
    else:
        return False

# Parameter G's value cannot be less than parameter H's value.
def r4(g: float, h: float) -> bool:
    if g >= h:
        return True
    else:
        return False

# Parameter I's value cannot be less than parameter J's value.
def r5(i: float, j: float) -> bool:
    if i >= j:
        return True
    else:
        return False

# Parameter K's value cannot be less than parameter L's value.
def r6(k: float, l: float) -> bool:
    if k >= l:
        return True
    else:
        return False

# Parameter M's value cannot be greater than parameter N's value.
def r7(m: float, n: float) -> bool:
    if m <= n:
        return True
    else:
        return False

# Parameter O's value cannot be greater than parameter P's value.
def r8(o: float, p: float) -> bool:
    if o <= p:
        return True
    else:
        return False


        
Input text:
Textual context: Total operation time shouldn’t be lower than PTO operation time.
Idle time must always be less than or equal to the total operation time.
Stops with PTO engaged should never outnumber total stops.
The weight on axle 1 cannot surpass the weight on axle 2.
Axle 1's load cannot exceed Axle 3's load.
Axle 2's load must always be equal to or greater than the payload.
The payload cannot exceed the capacity of axle 3.";"Total operation time shouldn’t be lower than PTO operation time.
Idle time must always be less than or equal to the total operation time.
Stops with PTO engaged should never outnumber total stops.
The weight on axle 1 cannot surpass the weight on axle 2.
Axle 1's load cannot exceed Axle 3's load.
Axle 2's load must always be equal to or greater than the payload.
The payload cannot exceed the capacity of axle 3.";7;[['total operation time', 'PTO operation time'], ['idle time', 'total operation time'], ['stops with PTO engaged', 'stops'], ['axle 1 load', 'axle 2 load'], ['axle 1 load', 'axle 3 load'], ['axle 2 load', 'payload'], ['payload', 'axle 3 load']];Llama-8;"def r1(total_operation_time: float, pto_operation_time: float) -> bool:
    if total_operation_time >= pto_operation_time:
        return True
    else:
        return False

def r2(idle_time: float, total_operation_time: float) -> bool:
    if idle_time <= total_operation_time:
        return True
    else:
        return False

def r3(pto_stops: int, total_stops: int) -> bool:
    if pto_stops <= total_stops:
        return True
    else:
        return False

def r4(axle1_weight: float, axle2_weight: float) -> bool:
    if axle1_weight <= axle2_weight:
        return True
    else:
        return False

def r5(axle1_load: float, axle3_load: float) -> bool:
    if axle1_load <= axle3_load:
        return True
    else:
        return False

def r6(axle2_load: float, payload: float) -> bool:
    if axle2_load >= payload:
        return True
    else:
        return False

def r7(payload: float, axle3_capacity: float) -> bool:
    if payload <= axle3_capacity:
        return True
    else:
        return False

def r8(arg1: float, arg2: float, arg3: float, arg4: float, arg5: float, arg6: float, arg7: float, arg8: float, arg9: float, arg10: float, arg11: float, arg12: float, arg13: float, arg14: float):
    return not(r1(arg1, arg2) and r2(arg3, arg4) and r3(arg5, arg6) and r4(arg7, arg8) and r5(arg9, arg10) and r6(arg11, arg12) and r7(arg13, arg14)), r1(arg1, arg2), r2(arg3, arg4), r3(arg5, arg6), r4(arg7, arg8), r5(arg9, arg10), r6(arg11, arg12), r7(arg13, arg14)";Correct syntax;['True, True, True, True, False, False, False, False', 'False, True, True, True, True, True, True, True', 'True, False, False, False, True, True, True, True'];['True, True, True, True, False, False, False, False', 'False, True, True, True, True, True, True, True', 'True, False, False, False, True, True, True, True']
"System Message:
        You are a logician with a background in mathematics that translates natural language
        reasoning text to Python3 code so that these natural language reasoning problems can be solved.
        During the translation, please pay close attention to defining variables and rules.
        Do not add any comments from you.
        Be guided by the following example:
        Example input text:
        Textual context: If the parameter A's value is at least 20, the lowest possible value of parameter B is 5.
If the parameter C's value is at least 20, the lowest possible value of parameter D is 40.
Parameter E's value cannot be less than parameter F's value.
Parameter G's value cannot be less than parameter H's value.
Parameter I's value cannot be less than parameter J's value.
Parameter K's value cannot be less than parameter L's value.
Parameter M's value cannot be greater than parameter N's value.
Parameter O's value cannot be greater than parameter P's value.

        Example Python3 code:
        # If the parameter A's value is at least 20, the lowest possible value of parameter B is 5.
def r1(a: float, b: float) -> bool:
    if b / a >= 0.25:
        return True
    else:
        return False

# If the parameter C's value is at least 20, the lowest possible value of parameter D is 40.
def r2(c: float, d: float) -> bool:
    if d / c >= 2:
        return True
    else:
        return False

# Parameter E's value cannot be less than parameter F's value.
def r3(e: float, f: float) -> bool:
    if e >= f:
        return True
    else:
        return False

# Parameter G's value cannot be less than parameter H's value.
def r4(g: float, h: float) -> bool:
    if g >= h:
        return True
    else:
        return False

# Parameter I's value cannot be less than parameter J's value.
def r5(i: float, j: float) -> bool:
    if i >= j:
        return True
    else:
        return False

# Parameter K's value cannot be less than parameter L's value.
def r6(k: float, l: float) -> bool:
    if k >= l:
        return True
    else:
        return False

# Parameter M's value cannot be greater than parameter N's value.
def r7(m: float, n: float) -> bool:
    if m <= n:
        return True
    else:
        return False

# Parameter O's value cannot be greater than parameter P's value.
def r8(o: float, p: float) -> bool:
    if o <= p:
        return True
    else:
        return False


        
Input text:
Textual context: The total operation duration must not be lower than the idle time.
Driving time should be less than or equal to the total operation time.
The total stop count must not be lower than the count of stops where PTO is engaged.
Axle 2's load must always be equal to or greater than the payload.
The payload cannot exceed the capacity of axle 3.
The total operation duration must always be greater than or equal to the combined time for PTO, idle, and driving.";"The total operation duration must not be lower than the idle time.
Driving time should be less than or equal to the total operation time.
The total stop count must not be lower than the count of stops where PTO is engaged.
Axle 2's load must always be equal to or greater than the payload.
The payload cannot exceed the capacity of axle 3.
The total operation duration must always be greater than or equal to the combined time for PTO, idle, and driving.";6;[['total operation time', 'idle time'], ['driving time', 'total operation time'], ['stops', 'stops with PTO engaged'], ['axle 2 load', 'payload'], ['payload', 'axle 3 load'], ['total operation time', 'PTO operation time', 'idle time', 'driving time']];Llama-8;"def r1(total_operation_duration: float, idle_time: float) -> bool:
    if total_operation_duration >= idle_time:
        return True
    else:
        return False

def r2(driving_time: float, total_operation_duration: float) -> bool:
    if driving_time <= total_operation_duration:
        return True
    else:
        return False

def r3(total_stop_count: int, pto_stop_count: int) -> bool:
    if total_stop_count >= pto_stop_count:
        return True
    else:
        return False

def r4(axle2_load: float, payload: float) -> bool:
    if axle2_load >= payload:
        return True
    else:
        return False

def r5(payload: float, axle3_capacity: float) -> bool:
    if payload <= axle3_capacity:
        return True
    else:
        return False

def r6(total_operation_duration: float, pto_time: float, idle_time: float, driving_time: float) -> bool:
    if total_operation_duration >= pto_time + idle_time + driving_time:
        return True
    else:
        return False

def r7(arg1: float, arg2: float, arg3: float, arg4: float, arg5: float, arg6: float, arg7: float, arg8: float, arg9: float, arg10: float, arg11: float, arg12: float, arg13: float, arg14: float):
    return not(r1(arg1, arg2) and r2(arg3, arg4) and r3(arg5, arg6) and r4(arg7, arg8) and r5(arg9, arg10) and r6(arg11, arg12, arg13, arg14)), r1(arg1, arg2), r2(arg3, arg4), r3(arg5, arg6), r4(arg7, arg8), r5(arg9, arg10), r6(arg11, arg12, arg13, arg14)";Correct syntax;['True, True, True, True, False, False, True', 'False, True, True, True, True, True, True', 'True, False, False, False, True, True, False'];['True, True, True, True, False, False, True', 'False, True, True, True, True, True, True', 'True, False, False, False, True, True, False']
"System Message:
You are an agent which task is to correct Python3 code implementing logical rules, generated by another large language model,
so that they throw no runtime errors during program execution and correspond to the logical assumptions expressed in natural language.
To perform this task you will receive a Python3 code with valid syntax, which not correspond to the logical premises and throw runtime errors,
and these logical premises expressed in natural language, which should be translated into rules in Python3 code.
Your task is to return a valid Python3 rules for a given premises, having corrected the runtime errors.
Improvements made should mainly include defining the correct number of arguments for each function according to corresponding premise
and using inside functions the proper variables, previously defined in the function declaration.
Do not make any corrections to the last function.
Please output only a valid Python code only with comments started with #.
Do not add any additional texts, tags and comments.
Be guided by the following examples:

Example 1
# If the parameter C's value is at least 20, the lowest possible value of parameter D is 40.
def r1(c: float, d: float) -> bool:
    if c >= 20 and d / c >= 0.4:
        return True
    else:
        return False

# Parameter W value should be at least the sum of parameter X, parameter Y and parameter Z.
def r2(x: float, y: float, z: float) -> bool:
    if x + y + z >= 0:
        return True
    else:
        return False

# To identify the day as abnormal, it is enough that even one or more conditions are violated.
def r3(arg1: float, arg2: float, arg3: float, arg4: float, arg5: float, arg6: float):
    return not(r1(arg1, arg2) and r2(arg3, arg4, arg5, arg6)), r1(arg1, arg2), r2(arg3, arg4, arg5, arg6)

It is supposed to translate the following example text into rules:
If the parameter C's value is at least 20, the lowest possible value of parameter D is 40.
Parameter W value should be at least the sum of parameter X, parameter Y and parameter Z.

Code after execution returns the following error:
Traceback (most recent call last):
  File ""/home/obywatelfg/Doktorat/Badania/Logic-LLM/LLM-logic/New_val_Adapt_Task2_outputs_python_no_final_rule/Llama-8/2/python_code/2_output_python.py"", line 18, in <module>
    print(r3(2226.8, 2432.3, 0.3, 0.9, 2.7, 1.0))
  File ""/home/obywatelfg/Doktorat/Badania/Logic-LLM/LLM-logic/New_val_Adapt_Task2_outputs_python_no_final_rule/Llama-8/2/python_code/2_output_python.py"", line 16, in r3
    return not(r1(arg1, arg2) and r2(arg3, arg4, arg5, arg6)), r1(arg1, arg2), r2(arg3, arg4, arg5, arg6)
TypeError: r2() takes 3 positional arguments but 4 were given

Please correct the code.

The corrected code should be the following:
# If the parameter C's value is at least 20, the lowest possible value of parameter D is 40.
def r1(c: float, d: float) -> bool:
    if c >= 20 and d / c >= 0.4:
        return True
    else:
        return False

# This function lack of parameter W in a function definition and a body, where logical rule should check the proportion between param W and sum of params x, y, z.
# Parameter W value should be at least the sum of parameter X, parameter Y and parameter Z.
def r2(x: float, y: float, z: float, w: float) -> bool:
    if x + y + z <= w:
        return True
    else:
        return False

# To identify the day as abnormal, it is enough that even one or more conditions are violated.
def r3(arg1: float, arg2: float, arg3: float, arg4: float, arg5: float, arg6: float):
    return not(r1(arg1, arg2) and r2(arg3, arg4, arg5, arg6)), r1(arg1, arg2), r2(arg3, arg4, arg5, arg6)


Example 2
# If the parameter C's value is at least 20, the lowest possible value of parameter D is 40.
def r1(c: float) -> bool:
    if c >= 40 and c >= 0.4:
        return True
    else:
        return False

# Parameter T's value shouldn't be lower than parameter P's value.
def r2(t: float, p: float) -> bool:
    if t >= p:
        return True
    else:
        return False

# To identify the day as abnormal, it is enough that even one or more conditions are violated.
def r3(arg1: float, arg2: float, arg3: float, arg4: float):
    return not(r1(arg1, arg2) and r2(arg3, arg4)), r1(arg1, arg2), r2(arg3, arg4)

It is supposed to translate the following example text into rules:
If the parameter C's value is at least 20, the lowest possible value of parameter D is 40.
Parameter T's value shouldn't be lower than parameter P's value.

Code after execution returns the following error:
Traceback (most recent call last):
  File ""/home/obywatelfg/Doktorat/Badania/Logic-LLM/LLM-logic/New_val_Adapt_Task2_outputs_python_no_final_rule/Llama-8/4/python_code/121_output_python.py"", line 32, in <module>
    print(r5(227.70000000000002, 75.9, 9.5, 1.9, 7203.1, 6652.3, 10268.5, 8400.7))
  File ""/home/obywatelfg/Doktorat/Badania/Logic-LLM/LLM-logic/New_val_Adapt_Task2_outputs_python_no_final_rule/Llama-8/4/python_code/121_output_python.py"", line 30, in r5
    return not(r1(arg1, arg2) and r2(arg3, arg4) and r3(arg5, arg6) and r4(arg7, arg8)), r1(arg1, arg2), r2(arg3, arg4), r3(arg5, arg6), r4(arg7, arg8)
TypeError: r1() takes 1 positional argument but 2 were given

Please correct the code.

The corrected code should be the following:
# If the parameter C's value is at least 20, the lowest possible value of parameter D is 40.
def r1(c: float, d: float) -> bool:
    if d / c >= 2:
        return True
    else:
        return False

# Parameter T's value shouldn't be lower than parameter P's value.
def r2(t: float, p: float) -> bool:
    if t >= p:
        return True
    else:
        return False

# To identify the day as abnormal, it is enough that even one or more conditions are violated.
def r3(arg1: float, arg2: float, arg3: float, arg4: float):
    return not(r1(arg1, arg2) and r2(arg3, arg4)), r1(arg1, arg2), r2(arg3, arg4)


The input for your task:
This is the Python3 code which not correspond to the given logical premises:
def r1(a: float, b: float) -> bool:
    if a <= b:
        return True
    else:
        return False

def r2(a: float, b: float) -> bool:
    if a >= b:
        return True
    else:
        return False

def r3(a: float, b: float) -> bool:
    if a <= b:
        return True
    else:
        return False

def r4(a: float, b: float) -> bool:
    if a <= b:
        return True
    else:
        return False

def r5(a: float, b: float) -> bool:
    if a <= b:
        return True
    else:
        return False

def r6(a: float, b: float, c: float) -> bool:
    if a >= b + c:
        return True
    else:
        return False

def r7(arg1: float, arg2: float, arg3: float, arg4: float, arg5: float, arg6: float, arg7: float, arg8: float, arg9: float, arg10: float, arg11: float, arg12: float, arg13: float, arg14: float):
    return not(r1(arg1, arg2) and r2(arg3, arg4) and r3(arg5, arg6) and r4(arg7, arg8) and r5(arg9, arg10) and r6(arg11, arg12, arg13, arg14)), r1(arg1, arg2), r2(arg3, arg4), r3(arg5, arg6), r4(arg7, arg8), r5(arg9, arg10), r6(arg11, arg12, arg13, arg14)

It is supposed to translate the following text into rules:
PTO operation time cannot be greater than the total operation time.
The total operation duration must not be lower than the idle time.
Stops with PTO engaged should never outnumber total stops.
The load on axle 1 must not surpass the load on axle 3.
The payload cannot exceed the capacity of axle 2.
The total operation duration must always be greater than or equal to the combined time for PTO, idle, and driving.

Code after execution returns the following error:
Traceback (most recent call last):
  File ""/home/frank/Doktorat/ExKLoP/saved_outputs/Task2_syntax_outputs/Llama-8/6/python_code/320_output_python.py"", line 40, in <module>
    print(r7(4.0, 5.7, 3.8, 2.0, 110, 171, 4270.1, 2362.5, 51.6, 7.7, 2.1, 0.3, 1.0, 0.7))
  File ""/home/frank/Doktorat/ExKLoP/saved_outputs/Task2_syntax_outputs/Llama-8/6/python_code/320_output_python.py"", line 38, in r7
    return not(r1(arg1, arg2) and r2(arg3, arg4) and r3(arg5, arg6) and r4(arg7, arg8) and r5(arg9, arg10) and r6(arg11, arg12, arg13, arg14)), r1(arg1, arg2), r2(arg3, arg4), r3(arg5, arg6), r4(arg7, arg8), r5(arg9, arg10), r6(arg11, arg12, arg13, arg14)
TypeError: r6() takes 3 positional arguments but 4 were given


Please correct the code.   ";"PTO operation time cannot be greater than the total operation time.
The total operation duration must not be lower than the idle time.
Stops with PTO engaged should never outnumber total stops.
The load on axle 1 must not surpass the load on axle 3.
The payload cannot exceed the capacity of axle 2.
The total operation duration must always be greater than or equal to the combined time for PTO, idle, and driving.";6;[['PTO operation time', 'total operation time'], ['total operation time', 'idle time'], ['stops with PTO engaged', 'stops'], ['axle 1 load', 'axle 3 load'], ['payload', 'axle 2 load'], ['total operation time', 'PTO operation time', 'idle time', 'driving time']];Llama-8;"def r1(a: float, b: float) -> bool:
    if a <= b:
        return True
    else:
        return False

def r2(a: float, b: float) -> bool:
    if a >= b:
        return True
    else:
        return False

def r3(a: float, b: float) -> bool:
    if a <= b:
        return True
    else:
        return False

def r4(a: float, b: float) -> bool:
    if a <= b:
        return True
    else:
        return False

def r5(a: float, b: float) -> bool:
    if a <= b:
        return True
    else:
        return False

def r6(a: float, b: float, c: float) -> bool:
    if a >= b + c:
        return True
    else:
        return False

def r7(arg1: float, arg2: float, arg3: float, arg4: float, arg5: float, arg6: float, arg7: float, arg8: float, arg9: float, arg10: float, arg11: float, arg12: float, arg13: float, arg14: float):
    return not(r1(arg1, arg2) and r2(arg3, arg4) and r3(arg5, arg6) and r4(arg7, arg8) and r5(arg9, arg10) and r6(arg11, arg12, arg13, arg14)), r1(arg1, arg2), r2(arg3, arg4), r3(arg5, arg6), r4(arg7, arg8), r5(arg9, arg10), r6(arg11, arg12, arg13, arg14)";Correct syntax;Error;"Traceback (most recent call last):
  File ""/home/frank/Doktorat/ExKLoP/saved_outputs/Task2_runtime_outputs/Llama-8/6/python_code/320_output_python.py"", line 40, in <module>
    print(r7(4.0, 5.7, 3.8, 2.0, 110, 171, 4270.1, 2362.5, 51.6, 7.7, 2.1, 0.3, 1.0, 0.7))
  File ""/home/frank/Doktorat/ExKLoP/saved_outputs/Task2_runtime_outputs/Llama-8/6/python_code/320_output_python.py"", line 38, in r7
    return not(r1(arg1, arg2) and r2(arg3, arg4) and r3(arg5, arg6) and r4(arg7, arg8) and r5(arg9, arg10) and r6(arg11, arg12, arg13, arg14)), r1(arg1, arg2), r2(arg3, arg4), r3(arg5, arg6), r4(arg7, arg8), r5(arg9, arg10), r6(arg11, arg12, arg13, arg14)
TypeError: r6() takes 3 positional arguments but 4 were given
"
"System Message:
        You are a logician with a background in mathematics that translates natural language
        reasoning text to Python3 code so that these natural language reasoning problems can be solved.
        During the translation, please pay close attention to defining variables and rules.
        Do not add any comments from you.
        Be guided by the following example:
        Example input text:
        Textual context: If the parameter A's value is at least 20, the lowest possible value of parameter B is 5.
If the parameter C's value is at least 20, the lowest possible value of parameter D is 40.
Parameter E's value cannot be less than parameter F's value.
Parameter G's value cannot be less than parameter H's value.
Parameter I's value cannot be less than parameter J's value.
Parameter K's value cannot be less than parameter L's value.
Parameter M's value cannot be greater than parameter N's value.
Parameter O's value cannot be greater than parameter P's value.

        Example Python3 code:
        # If the parameter A's value is at least 20, the lowest possible value of parameter B is 5.
def r1(a: float, b: float) -> bool:
    if b / a >= 0.25:
        return True
    else:
        return False

# If the parameter C's value is at least 20, the lowest possible value of parameter D is 40.
def r2(c: float, d: float) -> bool:
    if d / c >= 2:
        return True
    else:
        return False

# Parameter E's value cannot be less than parameter F's value.
def r3(e: float, f: float) -> bool:
    if e >= f:
        return True
    else:
        return False

# Parameter G's value cannot be less than parameter H's value.
def r4(g: float, h: float) -> bool:
    if g >= h:
        return True
    else:
        return False

# Parameter I's value cannot be less than parameter J's value.
def r5(i: float, j: float) -> bool:
    if i >= j:
        return True
    else:
        return False

# Parameter K's value cannot be less than parameter L's value.
def r6(k: float, l: float) -> bool:
    if k >= l:
        return True
    else:
        return False

# Parameter M's value cannot be greater than parameter N's value.
def r7(m: float, n: float) -> bool:
    if m <= n:
        return True
    else:
        return False

# Parameter O's value cannot be greater than parameter P's value.
def r8(o: float, p: float) -> bool:
    if o <= p:
        return True
    else:
        return False


        
Input text:
Textual context: PTO operation time cannot be greater than the total operation time.
Total operation time should shouldn’t be lower than driving time.
PTO-engaged stops cannot exceed the total number of stops.
The weight on axle 1 cannot surpass the weight on axle 2.
The load supported by axle 1 cannot exceed that of axle 3.
The payload must always be smaller than or equal to the load on axle 3.
Total operation time must be greater than or equal to the sum of PTO operation, idle, and driving times.";"PTO operation time cannot be greater than the total operation time.
Total operation time should shouldn’t be lower than driving time.
PTO-engaged stops cannot exceed the total number of stops.
The weight on axle 1 cannot surpass the weight on axle 2.
The load supported by axle 1 cannot exceed that of axle 3.
The payload must always be smaller than or equal to the load on axle 3.
Total operation time must be greater than or equal to the sum of PTO operation, idle, and driving times.";7;[['PTO operation time', 'total operation time'], ['total operation time', 'driving time'], ['stops with PTO engaged', 'stops'], ['axle 1 load', 'axle 2 load'], ['axle 1 load', 'axle 3 load'], ['payload', 'axle 3 load'], ['total operation time', 'PTO operation time', 'idle time', 'driving time']];Llama-8;"def r1(pto: float, total: float) -> bool:
    if pto <= total:
        return True
    else:
        return False

def r2(total: float, driving: float) -> bool:
    if total >= driving:
        return True
    else:
        return False

def r3(pto_stops: float, total_stops: float) -> bool:
    if pto_stops <= total_stops:
        return True
    else:
        return False

def r4(axle1: float, axle2: float) -> bool:
    if axle1 <= axle2:
        return True
    else:
        return False

def r5(axle1: float, axle3: float) -> bool:
    if axle1 <= axle3:
        return True
    else:
        return False

def r6(payload: float, axle3: float) -> bool:
    if payload <= axle3:
        return True
    else:
        return False

def r7(total: float, pto: float, idle: float, driving: float) -> bool:
    if total >= pto + idle + driving:
        return True
    else:
        return False

def r8(arg1: float, arg2: float, arg3: float, arg4: float, arg5: float, arg6: float, arg7: float, arg8: float, arg9: float, arg10: float, arg11: float, arg12: float, arg13: float, arg14: float, arg15: float, arg16: float):
    return not(r1(arg1, arg2) and r2(arg3, arg4) and r3(arg5, arg6) and r4(arg7, arg8) and r5(arg9, arg10) and r6(arg11, arg12) and r7(arg13, arg14, arg15, arg16)), r1(arg1, arg2), r2(arg3, arg4), r3(arg5, arg6), r4(arg7, arg8), r5(arg9, arg10), r6(arg11, arg12), r7(arg13, arg14, arg15, arg16)";Correct syntax;['True, True, True, True, False, False, False, True', 'False, True, True, True, True, True, True, True', 'True, False, False, False, True, True, True, False'];['True, True, True, True, False, False, False, True', 'False, True, True, True, True, True, True, True', 'True, False, False, False, True, True, True, False']
"System Message:
        You are a logician with a background in mathematics that translates natural language
        reasoning text to Python3 code so that these natural language reasoning problems can be solved.
        During the translation, please pay close attention to defining variables and rules.
        Do not add any comments from you.
        Be guided by the following example:
        Example input text:
        Textual context: If the parameter A's value is at least 20, the lowest possible value of parameter B is 5.
If the parameter C's value is at least 20, the lowest possible value of parameter D is 40.
Parameter E's value cannot be less than parameter F's value.
Parameter G's value cannot be less than parameter H's value.
Parameter I's value cannot be less than parameter J's value.
Parameter K's value cannot be less than parameter L's value.
Parameter M's value cannot be greater than parameter N's value.
Parameter O's value cannot be greater than parameter P's value.

        Example Python3 code:
        # If the parameter A's value is at least 20, the lowest possible value of parameter B is 5.
def r1(a: float, b: float) -> bool:
    if b / a >= 0.25:
        return True
    else:
        return False

# If the parameter C's value is at least 20, the lowest possible value of parameter D is 40.
def r2(c: float, d: float) -> bool:
    if d / c >= 2:
        return True
    else:
        return False

# Parameter E's value cannot be less than parameter F's value.
def r3(e: float, f: float) -> bool:
    if e >= f:
        return True
    else:
        return False

# Parameter G's value cannot be less than parameter H's value.
def r4(g: float, h: float) -> bool:
    if g >= h:
        return True
    else:
        return False

# Parameter I's value cannot be less than parameter J's value.
def r5(i: float, j: float) -> bool:
    if i >= j:
        return True
    else:
        return False

# Parameter K's value cannot be less than parameter L's value.
def r6(k: float, l: float) -> bool:
    if k >= l:
        return True
    else:
        return False

# Parameter M's value cannot be greater than parameter N's value.
def r7(m: float, n: float) -> bool:
    if m <= n:
        return True
    else:
        return False

# Parameter O's value cannot be greater than parameter P's value.
def r8(o: float, p: float) -> bool:
    if o <= p:
        return True
    else:
        return False


        
Input text:
Textual context: PTO operation time should be less than or equal to the total operation time.
Total operation time shouldn’t be lower than idle time.
Driving time must always be less than or equal to the total operation time.
Stops with PTO engaged cannot outnumber the total stops.
The payload must always be smaller than or equal to the load on axle 2.
The payload must not exceed the load carried by axle 3.
The combined time for PTO operation, idle time, and driving time must not surpass the total operation time.";"PTO operation time should be less than or equal to the total operation time.
Total operation time shouldn’t be lower than idle time.
Driving time must always be less than or equal to the total operation time.
Stops with PTO engaged cannot outnumber the total stops.
The payload must always be smaller than or equal to the load on axle 2.
The payload must not exceed the load carried by axle 3.
The combined time for PTO operation, idle time, and driving time must not surpass the total operation time.";7;[['PTO operation time', 'total operation time'], ['total operation time', 'idle time'], ['driving time', 'total operation time'], ['stops with PTO engaged', 'stops'], ['payload', 'axle 2 load'], ['payload', 'axle 3 load'], ['PTO operation time', 'idle time', 'driving time', 'total operation time']];Llama-8;"def r1(pto: float, total: float) -> bool:
    if pto <= total:
        return True
    else:
        return False

def r2(total: float, idle: float) -> bool:
    if total >= idle:
        return True
    else:
        return False

def r3(driving: float, total: float) -> bool:
    if driving <= total:
        return True
    else:
        return False

def r4(pto_stops: int, total_stops: int) -> bool:
    if pto_stops <= total_stops:
        return True
    else:
        return False

def r5(payload: float, load_axle2: float) -> bool:
    if payload <= load_axle2:
        return True
    else:
        return False

def r6(payload: float, load_axle3: float) -> bool:
    if payload <= load_axle3:
        return True
    else:
        return False

def r7(pto: float, idle: float, driving: float, total: float) -> bool:
    if pto + idle + driving <= total:
        return True
    else:
        return False

def r8(arg1: float, arg2: float, arg3: float, arg4: float, arg5: float, arg6: float, arg7: float, arg8: float, arg9: float, arg10: float, arg11: float, arg12: float, arg13: float, arg14: float, arg15: float, arg16: float):
    return not(r1(arg1, arg2) and r2(arg3, arg4) and r3(arg5, arg6) and r4(arg7, arg8) and r5(arg9, arg10) and r6(arg11, arg12) and r7(arg13, arg14, arg15, arg16)), r1(arg1, arg2), r2(arg3, arg4), r3(arg5, arg6), r4(arg7, arg8), r5(arg9, arg10), r6(arg11, arg12), r7(arg13, arg14, arg15, arg16)";Correct syntax;['True, True, True, True, True, False, False, True', 'False, True, True, True, True, True, True, True', 'True, False, False, False, False, True, True, False'];['True, True, True, True, True, False, False, True', 'False, True, True, True, True, True, True, True', 'True, False, False, False, False, True, True, False']
"System Message:
        You are a logician with a background in mathematics that translates natural language
        reasoning text to Python3 code so that these natural language reasoning problems can be solved.
        During the translation, please pay close attention to defining variables and rules.
        Do not add any comments from you.
        Be guided by the following example:
        Example input text:
        Textual context: If the parameter A's value is at least 20, the lowest possible value of parameter B is 5.
If the parameter C's value is at least 20, the lowest possible value of parameter D is 40.
Parameter E's value cannot be less than parameter F's value.
Parameter G's value cannot be less than parameter H's value.
Parameter I's value cannot be less than parameter J's value.
Parameter K's value cannot be less than parameter L's value.
Parameter M's value cannot be greater than parameter N's value.
Parameter O's value cannot be greater than parameter P's value.

        Example Python3 code:
        # If the parameter A's value is at least 20, the lowest possible value of parameter B is 5.
def r1(a: float, b: float) -> bool:
    if b / a >= 0.25:
        return True
    else:
        return False

# If the parameter C's value is at least 20, the lowest possible value of parameter D is 40.
def r2(c: float, d: float) -> bool:
    if d / c >= 2:
        return True
    else:
        return False

# Parameter E's value cannot be less than parameter F's value.
def r3(e: float, f: float) -> bool:
    if e >= f:
        return True
    else:
        return False

# Parameter G's value cannot be less than parameter H's value.
def r4(g: float, h: float) -> bool:
    if g >= h:
        return True
    else:
        return False

# Parameter I's value cannot be less than parameter J's value.
def r5(i: float, j: float) -> bool:
    if i >= j:
        return True
    else:
        return False

# Parameter K's value cannot be less than parameter L's value.
def r6(k: float, l: float) -> bool:
    if k >= l:
        return True
    else:
        return False

# Parameter M's value cannot be greater than parameter N's value.
def r7(m: float, n: float) -> bool:
    if m <= n:
        return True
    else:
        return False

# Parameter O's value cannot be greater than parameter P's value.
def r8(o: float, p: float) -> bool:
    if o <= p:
        return True
    else:
        return False


        
Input text:
Textual context: PTO operation time should be less than or equal to the total operation time.
Idle time must always be less than or equal to the total operation time.
Driving time should be less than or equal to the total operation time.
PTO-engaged stops cannot exceed the total number of stops.
The weight on axle 1 cannot surpass the weight on axle 2.
Payload must remain below or equal to the load carried by axle 2.
The payload cannot exceed the capacity of axle 3.";"PTO operation time should be less than or equal to the total operation time.
Idle time must always be less than or equal to the total operation time.
Driving time should be less than or equal to the total operation time.
PTO-engaged stops cannot exceed the total number of stops.
The weight on axle 1 cannot surpass the weight on axle 2.
Payload must remain below or equal to the load carried by axle 2.
The payload cannot exceed the capacity of axle 3.";7;[['PTO operation time', 'total operation time'], ['idle time', 'total operation time'], ['driving time', 'total operation time'], ['stops with PTO engaged', 'stops'], ['axle 1 load', 'axle 2 load'], ['payload', 'axle 2 load'], ['payload', 'axle 3 load']];Llama-8;"def r1(pto: float, total: float) -> bool:
    if pto <= total:
        return True
    else:
        return False

def r2(idle: float, total: float) -> bool:
    if idle <= total:
        return True
    else:
        return False

def r3(driving: float, total: float) -> bool:
    if driving <= total:
        return True
    else:
        return False

def r4(pto_stops: int, total_stops: int) -> bool:
    if pto_stops <= total_stops:
        return True
    else:
        return False

def r5(axle1: float, axle2: float) -> bool:
    if axle1 <= axle2:
        return True
    else:
        return False

def r6(payload: float, axle2: float) -> bool:
    if payload <= axle2:
        return True
    else:
        return False

def r7(payload: float, axle3: float) -> bool:
    if payload <= axle3:
        return True
    else:
        return False

def r8(arg1: float, arg2: float, arg3: float, arg4: float, arg5: float, arg6: float, arg7: float, arg8: float, arg9: float, arg10: float, arg11: float, arg12: float, arg13: float, arg14: float):
    return not(r1(arg1, arg2) and r2(arg3, arg4) and r3(arg5, arg6) and r4(arg7, arg8) and r5(arg9, arg10) and r6(arg11, arg12) and r7(arg13, arg14)), r1(arg1, arg2), r2(arg3, arg4), r3(arg5, arg6), r4(arg7, arg8), r5(arg9, arg10), r6(arg11, arg12), r7(arg13, arg14)";Correct syntax;['True, True, True, True, True, False, False, False', 'False, True, True, True, True, True, True, True', 'True, False, False, False, False, True, True, True'];['True, True, True, True, True, False, False, False', 'False, True, True, True, True, True, True, True', 'True, False, False, False, False, True, True, True']
"System Message:
        You are a logician with a background in mathematics that translates natural language
        reasoning text to Python3 code so that these natural language reasoning problems can be solved.
        During the translation, please pay close attention to defining variables and rules.
        Do not add any comments from you.
        Be guided by the following example:
        Example input text:
        Textual context: If the parameter A's value is at least 20, the lowest possible value of parameter B is 5.
If the parameter C's value is at least 20, the lowest possible value of parameter D is 40.
Parameter E's value cannot be less than parameter F's value.
Parameter G's value cannot be less than parameter H's value.
Parameter I's value cannot be less than parameter J's value.
Parameter K's value cannot be less than parameter L's value.
Parameter M's value cannot be greater than parameter N's value.
Parameter O's value cannot be greater than parameter P's value.

        Example Python3 code:
        # If the parameter A's value is at least 20, the lowest possible value of parameter B is 5.
def r1(a: float, b: float) -> bool:
    if b / a >= 0.25:
        return True
    else:
        return False

# If the parameter C's value is at least 20, the lowest possible value of parameter D is 40.
def r2(c: float, d: float) -> bool:
    if d / c >= 2:
        return True
    else:
        return False

# Parameter E's value cannot be less than parameter F's value.
def r3(e: float, f: float) -> bool:
    if e >= f:
        return True
    else:
        return False

# Parameter G's value cannot be less than parameter H's value.
def r4(g: float, h: float) -> bool:
    if g >= h:
        return True
    else:
        return False

# Parameter I's value cannot be less than parameter J's value.
def r5(i: float, j: float) -> bool:
    if i >= j:
        return True
    else:
        return False

# Parameter K's value cannot be less than parameter L's value.
def r6(k: float, l: float) -> bool:
    if k >= l:
        return True
    else:
        return False

# Parameter M's value cannot be greater than parameter N's value.
def r7(m: float, n: float) -> bool:
    if m <= n:
        return True
    else:
        return False

# Parameter O's value cannot be greater than parameter P's value.
def r8(o: float, p: float) -> bool:
    if o <= p:
        return True
    else:
        return False


        
Input text:
Textual context: Total operation time shouldn’t be lower than PTO operation time.
Driving time cannot be greater than the total operation time.
The total stop count must not be lower than the count of stops where PTO is engaged.
Axle 1's load cannot exceed Axle 2's load.
Payload must remain below or equal to the load carried by axle 2.
The payload must always be smaller than or equal to the load on axle 3.
The total operation duration must always be greater than or equal to the combined time for PTO, idle, and driving.";"Total operation time shouldn’t be lower than PTO operation time.
Driving time cannot be greater than the total operation time.
The total stop count must not be lower than the count of stops where PTO is engaged.
Axle 1's load cannot exceed Axle 2's load.
Payload must remain below or equal to the load carried by axle 2.
The payload must always be smaller than or equal to the load on axle 3.
The total operation duration must always be greater than or equal to the combined time for PTO, idle, and driving.";7;[['total operation time', 'PTO operation time'], ['driving time', 'total operation time'], ['stops', 'stops with PTO engaged'], ['axle 1 load', 'axle 2 load'], ['payload', 'axle 2 load'], ['payload', 'axle 3 load'], ['total operation time', 'PTO operation time', 'idle time', 'driving time']];Llama-8;"def r1(total_operation_time: float, pto_operation_time: float) -> bool:
    if total_operation_time >= pto_operation_time:
        return True
    else:
        return False

def r2(driving_time: float, total_operation_time: float) -> bool:
    if driving_time <= total_operation_time:
        return True
    else:
        return False

def r3(total_stop_count: int, pto_stop_count: int) -> bool:
    if total_stop_count >= pto_stop_count:
        return True
    else:
        return False

def r4(axle1_load: float, axle2_load: float) -> bool:
    if axle1_load <= axle2_load:
        return True
    else:
        return False

def r5(payload: float, axle2_load: float) -> bool:
    if payload <= axle2_load:
        return True
    else:
        return False

def r6(payload: float, axle3_load: float) -> bool:
    if payload <= axle3_load:
        return True
    else:
        return False

def r7(total_operation_duration: float, pto_duration: float, idle_duration: float, driving_duration: float) -> bool:
    if total_operation_duration >= pto_duration + idle_duration + driving_duration:
        return True
    else:
        return False

def r8(arg1: float, arg2: float, arg3: float, arg4: float, arg5: float, arg6: float, arg7: float, arg8: float, arg9: float, arg10: float, arg11: float, arg12: float, arg13: float, arg14: float, arg15: float, arg16: float):
    return not(r1(arg1, arg2) and r2(arg3, arg4) and r3(arg5, arg6) and r4(arg7, arg8) and r5(arg9, arg10) and r6(arg11, arg12) and r7(arg13, arg14, arg15, arg16)), r1(arg1, arg2), r2(arg3, arg4), r3(arg5, arg6), r4(arg7, arg8), r5(arg9, arg10), r6(arg11, arg12), r7(arg13, arg14, arg15, arg16)";Correct syntax;['True, True, True, True, False, False, False, True', 'False, True, True, True, True, True, True, True', 'True, False, False, False, True, True, True, False'];['True, True, True, True, False, False, False, True', 'False, True, True, True, True, True, True, True', 'True, False, False, False, True, True, True, False']
"System Message:
        You are a logician with a background in mathematics that translates natural language
        reasoning text to Python3 code so that these natural language reasoning problems can be solved.
        During the translation, please pay close attention to defining variables and rules.
        Do not add any comments from you.
        Be guided by the following example:
        Example input text:
        Textual context: If the parameter A's value is at least 20, the lowest possible value of parameter B is 5.
If the parameter C's value is at least 20, the lowest possible value of parameter D is 40.
Parameter E's value cannot be less than parameter F's value.
Parameter G's value cannot be less than parameter H's value.
Parameter I's value cannot be less than parameter J's value.
Parameter K's value cannot be less than parameter L's value.
Parameter M's value cannot be greater than parameter N's value.
Parameter O's value cannot be greater than parameter P's value.

        Example Python3 code:
        # If the parameter A's value is at least 20, the lowest possible value of parameter B is 5.
def r1(a: float, b: float) -> bool:
    if b / a >= 0.25:
        return True
    else:
        return False

# If the parameter C's value is at least 20, the lowest possible value of parameter D is 40.
def r2(c: float, d: float) -> bool:
    if d / c >= 2:
        return True
    else:
        return False

# Parameter E's value cannot be less than parameter F's value.
def r3(e: float, f: float) -> bool:
    if e >= f:
        return True
    else:
        return False

# Parameter G's value cannot be less than parameter H's value.
def r4(g: float, h: float) -> bool:
    if g >= h:
        return True
    else:
        return False

# Parameter I's value cannot be less than parameter J's value.
def r5(i: float, j: float) -> bool:
    if i >= j:
        return True
    else:
        return False

# Parameter K's value cannot be less than parameter L's value.
def r6(k: float, l: float) -> bool:
    if k >= l:
        return True
    else:
        return False

# Parameter M's value cannot be greater than parameter N's value.
def r7(m: float, n: float) -> bool:
    if m <= n:
        return True
    else:
        return False

# Parameter O's value cannot be greater than parameter P's value.
def r8(o: float, p: float) -> bool:
    if o <= p:
        return True
    else:
        return False


        
Input text:
Textual context: Total operation time shouldn’t be lower than idle time.
Driving time must always be less than or equal to the total operation time.
Stops with PTO engaged cannot outnumber the total stops.
The weight on axle 1 cannot surpass the weight on axle 2.
The load carried by axle 1 must be smaller than or equal to the load on axle 3.
Axle 2's load must always be equal to or greater than the payload.
The payload must not exceed the load carried by axle 3.
Total operation time must be greater than or equal to the sum of PTO operation, idle, and driving times.";"Total operation time shouldn’t be lower than idle time.
Driving time must always be less than or equal to the total operation time.
Stops with PTO engaged cannot outnumber the total stops.
The weight on axle 1 cannot surpass the weight on axle 2.
The load carried by axle 1 must be smaller than or equal to the load on axle 3.
Axle 2's load must always be equal to or greater than the payload.
The payload must not exceed the load carried by axle 3.
Total operation time must be greater than or equal to the sum of PTO operation, idle, and driving times.";8;[['total operation time', 'idle time'], ['driving time', 'total operation time'], ['stops with PTO engaged', 'stops'], ['axle 1 load', 'axle 2 load'], ['axle 1 load', 'axle 3 load'], ['axle 2 load', 'payload'], ['payload', 'axle 3 load'], ['total operation time', 'PTO operation time', 'idle time', 'driving time']];Llama-8;"def r1(total_operation_time: float, idle_time: float) -> bool:
    if total_operation_time >= idle_time:
        return True
    else:
        return False

def r2(driving_time: float, total_operation_time: float) -> bool:
    if driving_time <= total_operation_time:
        return True
    else:
        return False

def r3(pto_stops: int, total_stops: int) -> bool:
    if pto_stops <= total_stops:
        return True
    else:
        return False

def r4(axle1_weight: float, axle2_weight: float) -> bool:
    if axle1_weight <= axle2_weight:
        return True
    else:
        return False

def r5(axle1_load: float, axle3_load: float) -> bool:
    if axle1_load <= axle3_load:
        return True
    else:
        return False

def r6(axle2_load: float, payload: float) -> bool:
    if axle2_load >= payload:
        return True
    else:
        return False

def r7(payload: float, axle3_load: float) -> bool:
    if payload <= axle3_load:
        return True
    else:
        return False

def r8(total_operation_time: float, pto_operation_time: float, idle_time: float, driving_time: float) -> bool:
    if total_operation_time >= pto_operation_time + idle_time + driving_time:
        return True
    else:
        return False

def r9(arg1: float, arg2: float, arg3: float, arg4: float, arg5: float, arg6: float, arg7: float, arg8: float, arg9: float, arg10: float, arg11: float, arg12: float, arg13: float, arg14: float, arg15: float, arg16: float, arg17: float, arg18: float):
    return not(r1(arg1, arg2) and r2(arg3, arg4) and r3(arg5, arg6) and r4(arg7, arg8) and r5(arg9, arg10) and r6(arg11, arg12) and r7(arg13, arg14) and r8(arg15, arg16, arg17, arg18)), r1(arg1, arg2), r2(arg3, arg4), r3(arg5, arg6), r4(arg7, arg8), r5(arg9, arg10), r6(arg11, arg12), r7(arg13, arg14), r8(arg15, arg16, arg17, arg18)";Correct syntax;['True, True, True, True, False, False, False, False, True', 'False, True, True, True, True, True, True, True, True', 'True, False, False, False, True, True, True, True, False'];['True, True, True, True, False, False, False, False, True', 'False, True, True, True, True, True, True, True, True', 'True, False, False, False, True, True, True, True, False']
"System Message:
        You are a logician with a background in mathematics that translates natural language
        reasoning text to Python3 code so that these natural language reasoning problems can be solved.
        During the translation, please pay close attention to defining variables and rules.
        Do not add any comments from you.
        Be guided by the following example:
        Example input text:
        Textual context: If the parameter A's value is at least 20, the lowest possible value of parameter B is 5.
If the parameter C's value is at least 20, the lowest possible value of parameter D is 40.
Parameter E's value cannot be less than parameter F's value.
Parameter G's value cannot be less than parameter H's value.
Parameter I's value cannot be less than parameter J's value.
Parameter K's value cannot be less than parameter L's value.
Parameter M's value cannot be greater than parameter N's value.
Parameter O's value cannot be greater than parameter P's value.

        Example Python3 code:
        # If the parameter A's value is at least 20, the lowest possible value of parameter B is 5.
def r1(a: float, b: float) -> bool:
    if b / a >= 0.25:
        return True
    else:
        return False

# If the parameter C's value is at least 20, the lowest possible value of parameter D is 40.
def r2(c: float, d: float) -> bool:
    if d / c >= 2:
        return True
    else:
        return False

# Parameter E's value cannot be less than parameter F's value.
def r3(e: float, f: float) -> bool:
    if e >= f:
        return True
    else:
        return False

# Parameter G's value cannot be less than parameter H's value.
def r4(g: float, h: float) -> bool:
    if g >= h:
        return True
    else:
        return False

# Parameter I's value cannot be less than parameter J's value.
def r5(i: float, j: float) -> bool:
    if i >= j:
        return True
    else:
        return False

# Parameter K's value cannot be less than parameter L's value.
def r6(k: float, l: float) -> bool:
    if k >= l:
        return True
    else:
        return False

# Parameter M's value cannot be greater than parameter N's value.
def r7(m: float, n: float) -> bool:
    if m <= n:
        return True
    else:
        return False

# Parameter O's value cannot be greater than parameter P's value.
def r8(o: float, p: float) -> bool:
    if o <= p:
        return True
    else:
        return False


        
Input text:
Textual context: Total operation time shouldn’t be lower than PTO operation time.
The weight on axle 1 cannot surpass the weight on axle 2.
The weight on axle 1 cannot surpass the weight on axle 3.
Axle 2's load must always be equal to or greater than the payload.
The payload must always be smaller than or equal to the load on axle 3.
Total operation time must be greater than or equal to the sum of PTO operation, idle, and driving times.";"Total operation time shouldn’t be lower than PTO operation time.
The weight on axle 1 cannot surpass the weight on axle 2.
The weight on axle 1 cannot surpass the weight on axle 3.
Axle 2's load must always be equal to or greater than the payload.
The payload must always be smaller than or equal to the load on axle 3.
Total operation time must be greater than or equal to the sum of PTO operation, idle, and driving times.";6;[['total operation time', 'PTO operation time'], ['axle 1 load', 'axle 2 load'], ['axle 1 load', 'axle 3 load'], ['axle 2 load', 'payload'], ['payload', 'axle 3 load'], ['total operation time', 'PTO operation time', 'idle time', 'driving time']];Llama-8;"def r1(total_operation_time: float, pto_operation_time: float) -> bool:
    if total_operation_time >= pto_operation_time:
        return True
    else:
        return False

def r2(axle1_weight: float, axle2_weight: float) -> bool:
    if axle1_weight <= axle2_weight:
        return True
    else:
        return False

def r3(axle1_weight: float, axle3_weight: float) -> bool:
    if axle1_weight <= axle3_weight:
        return True
    else:
        return False

def r4(axle2_weight: float, payload: float) -> bool:
    if axle2_weight >= payload:
        return True
    else:
        return False

def r5(payload: float, axle3_weight: float) -> bool:
    if payload <= axle3_weight:
        return True
    else:
        return False

def r6(total_operation_time: float, pto_operation_time: float, idle_time: float, driving_time: float) -> bool:
    if total_operation_time >= pto_operation_time + idle_time + driving_time:
        return True
    else:
        return False

def r7(arg1: float, arg2: float, arg3: float, arg4: float, arg5: float, arg6: float, arg7: float, arg8: float, arg9: float, arg10: float, arg11: float, arg12: float, arg13: float, arg14: float):
    return not(r1(arg1, arg2) and r2(arg3, arg4) and r3(arg5, arg6) and r4(arg7, arg8) and r5(arg9, arg10) and r6(arg11, arg12, arg13, arg14)), r1(arg1, arg2), r2(arg3, arg4), r3(arg5, arg6), r4(arg7, arg8), r5(arg9, arg10), r6(arg11, arg12, arg13, arg14)";Correct syntax;['True, True, False, False, False, False, True', 'False, True, True, True, True, True, True', 'True, False, True, True, True, True, False'];['True, True, False, False, False, False, True', 'False, True, True, True, True, True, True', 'True, False, True, True, True, True, False']
"System Message:
        You are a logician with a background in mathematics that translates natural language
        reasoning text to Python3 code so that these natural language reasoning problems can be solved.
        During the translation, please pay close attention to defining variables and rules.
        Do not add any comments from you.
        Be guided by the following example:
        Example input text:
        Textual context: If the parameter A's value is at least 20, the lowest possible value of parameter B is 5.
If the parameter C's value is at least 20, the lowest possible value of parameter D is 40.
Parameter E's value cannot be less than parameter F's value.
Parameter G's value cannot be less than parameter H's value.
Parameter I's value cannot be less than parameter J's value.
Parameter K's value cannot be less than parameter L's value.
Parameter M's value cannot be greater than parameter N's value.
Parameter O's value cannot be greater than parameter P's value.

        Example Python3 code:
        # If the parameter A's value is at least 20, the lowest possible value of parameter B is 5.
def r1(a: float, b: float) -> bool:
    if b / a >= 0.25:
        return True
    else:
        return False

# If the parameter C's value is at least 20, the lowest possible value of parameter D is 40.
def r2(c: float, d: float) -> bool:
    if d / c >= 2:
        return True
    else:
        return False

# Parameter E's value cannot be less than parameter F's value.
def r3(e: float, f: float) -> bool:
    if e >= f:
        return True
    else:
        return False

# Parameter G's value cannot be less than parameter H's value.
def r4(g: float, h: float) -> bool:
    if g >= h:
        return True
    else:
        return False

# Parameter I's value cannot be less than parameter J's value.
def r5(i: float, j: float) -> bool:
    if i >= j:
        return True
    else:
        return False

# Parameter K's value cannot be less than parameter L's value.
def r6(k: float, l: float) -> bool:
    if k >= l:
        return True
    else:
        return False

# Parameter M's value cannot be greater than parameter N's value.
def r7(m: float, n: float) -> bool:
    if m <= n:
        return True
    else:
        return False

# Parameter O's value cannot be greater than parameter P's value.
def r8(o: float, p: float) -> bool:
    if o <= p:
        return True
    else:
        return False


        
Input text:
Textual context: PTO operation time should be less than or equal to the total operation time.
Idle time should be less than or equal to the total operation time.
Driving time must always be less than or equal to the total operation time.
The total stop count must not be lower than the count of stops where PTO is engaged.
Axle 1's load cannot exceed Axle 2's load.
Payload must remain below or equal to the load carried by axle 2.
The combined time for PTO operation, idle time, and driving time must not surpass the total operation time.";"PTO operation time should be less than or equal to the total operation time.
Idle time should be less than or equal to the total operation time.
Driving time must always be less than or equal to the total operation time.
The total stop count must not be lower than the count of stops where PTO is engaged.
Axle 1's load cannot exceed Axle 2's load.
Payload must remain below or equal to the load carried by axle 2.
The combined time for PTO operation, idle time, and driving time must not surpass the total operation time.";7;[['PTO operation time', 'total operation time'], ['idle time', 'total operation time'], ['driving time', 'total operation time'], ['stops', 'stops with PTO engaged'], ['axle 1 load', 'axle 2 load'], ['payload', 'axle 2 load'], ['PTO operation time', 'idle time', 'driving time', 'total operation time']];Llama-8;"def r1(pto_time: float, total_time: float) -> bool:
    if pto_time <= total_time:
        return True
    else:
        return False

def r2(idle_time: float, total_time: float) -> bool:
    if idle_time <= total_time:
        return True
    else:
        return False

def r3(driving_time: float, total_time: float) -> bool:
    if driving_time <= total_time:
        return True
    else:
        return False

def r4(total_stops: int, pto_stops: int) -> bool:
    if total_stops >= pto_stops:
        return True
    else:
        return False

def r5(axle1_load: float, axle2_load: float) -> bool:
    if axle1_load <= axle2_load:
        return True
    else:
        return False

def r6(payload: float, axle2_load: float) -> bool:
    if payload <= axle2_load:
        return True
    else:
        return False

def r7(pto_time: float, idle_time: float, driving_time: float, total_time: float) -> bool:
    if pto_time + idle_time + driving_time <= total_time:
        return True
    else:
        return False

def r8(arg1: float, arg2: float, arg3: float, arg4: float, arg5: float, arg6: float, arg7: float, arg8: float, arg9: float, arg10: float, arg11: float, arg12: float, arg13: float, arg14: float, arg15: float, arg16: float):
    return not(r1(arg1, arg2) and r2(arg3, arg4) and r3(arg5, arg6) and r4(arg7, arg8) and r5(arg9, arg10) and r6(arg11, arg12) and r7(arg13, arg14, arg15, arg16)), r1(arg1, arg2), r2(arg3, arg4), r3(arg5, arg6), r4(arg7, arg8), r5(arg9, arg10), r6(arg11, arg12), r7(arg13, arg14, arg15, arg16)";Correct syntax;['True, True, True, True, True, False, False, True', 'False, True, True, True, True, True, True, True', 'True, False, False, False, False, True, True, False'];['True, True, True, True, True, False, False, True', 'False, True, True, True, True, True, True, True', 'True, False, False, False, False, True, True, False']
"System Message:
        You are a logician with a background in mathematics that translates natural language
        reasoning text to Python3 code so that these natural language reasoning problems can be solved.
        During the translation, please pay close attention to defining variables and rules.
        Do not add any comments from you.
        Be guided by the following example:
        Example input text:
        Textual context: If the parameter A's value is at least 20, the lowest possible value of parameter B is 5.
If the parameter C's value is at least 20, the lowest possible value of parameter D is 40.
Parameter E's value cannot be less than parameter F's value.
Parameter G's value cannot be less than parameter H's value.
Parameter I's value cannot be less than parameter J's value.
Parameter K's value cannot be less than parameter L's value.
Parameter M's value cannot be greater than parameter N's value.
Parameter O's value cannot be greater than parameter P's value.

        Example Python3 code:
        # If the parameter A's value is at least 20, the lowest possible value of parameter B is 5.
def r1(a: float, b: float) -> bool:
    if b / a >= 0.25:
        return True
    else:
        return False

# If the parameter C's value is at least 20, the lowest possible value of parameter D is 40.
def r2(c: float, d: float) -> bool:
    if d / c >= 2:
        return True
    else:
        return False

# Parameter E's value cannot be less than parameter F's value.
def r3(e: float, f: float) -> bool:
    if e >= f:
        return True
    else:
        return False

# Parameter G's value cannot be less than parameter H's value.
def r4(g: float, h: float) -> bool:
    if g >= h:
        return True
    else:
        return False

# Parameter I's value cannot be less than parameter J's value.
def r5(i: float, j: float) -> bool:
    if i >= j:
        return True
    else:
        return False

# Parameter K's value cannot be less than parameter L's value.
def r6(k: float, l: float) -> bool:
    if k >= l:
        return True
    else:
        return False

# Parameter M's value cannot be greater than parameter N's value.
def r7(m: float, n: float) -> bool:
    if m <= n:
        return True
    else:
        return False

# Parameter O's value cannot be greater than parameter P's value.
def r8(o: float, p: float) -> bool:
    if o <= p:
        return True
    else:
        return False


        
Input text:
Textual context: Driving time must always be less than or equal to the total operation time.
The total stop count must not be lower than the count of stops where PTO is engaged.
The weight on axle 1 cannot surpass the weight on axle 3.
The payload cannot exceed the capacity of axle 2.
The payload must not exceed the load carried by axle 3.
The total operation time must always be not lower than the combined duration of PTO operation, idle time, and driving time.";"Driving time must always be less than or equal to the total operation time.
The total stop count must not be lower than the count of stops where PTO is engaged.
The weight on axle 1 cannot surpass the weight on axle 3.
The payload cannot exceed the capacity of axle 2.
The payload must not exceed the load carried by axle 3.
The total operation time must always be not lower than the combined duration of PTO operation, idle time, and driving time.";6;[['driving time', 'total operation time'], ['stops', 'stops with PTO engaged'], ['axle 1 load', 'axle 3 load'], ['payload', 'axle 2 load'], ['payload', 'axle 3 load'], ['total operation time', 'PTO operation time', 'idle time', 'driving time']];Llama-8;"def r1(driving_time: float, operation_time: float) -> bool:
    if driving_time > operation_time:
        return False
    else:
        return True

def r2(total_stops: int, pto_stops: int) -> bool:
    if total_stops < pto_stops:
        return False
    else:
        return True

def r3(axle1_weight: float, axle3_weight: float) -> bool:
    if axle1_weight > axle3_weight:
        return False
    else:
        return True

def r4(payload: float, axle2_capacity: float) -> bool:
    if payload > axle2_capacity:
        return False
    else:
        return True

def r5(payload: float, axle3_load: float) -> bool:
    if payload > axle3_load:
        return False
    else:
        return True

def r6(operation_time: float, pto_time: float, idle_time: float, driving_time: float) -> bool:
    if operation_time < pto_time + idle_time + driving_time:
        return False
    else:
        return True

def r7(arg1: float, arg2: float, arg3: float, arg4: float, arg5: float, arg6: float, arg7: float, arg8: float, arg9: float, arg10: float, arg11: float, arg12: float, arg13: float, arg14: float):
    return not(r1(arg1, arg2) and r2(arg3, arg4) and r3(arg5, arg6) and r4(arg7, arg8) and r5(arg9, arg10) and r6(arg11, arg12, arg13, arg14)), r1(arg1, arg2), r2(arg3, arg4), r3(arg5, arg6), r4(arg7, arg8), r5(arg9, arg10), r6(arg11, arg12, arg13, arg14)";Correct syntax;['True, True, True, False, False, False, True', 'False, True, True, True, True, True, True', 'True, False, False, True, True, True, False'];['True, True, True, False, False, False, True', 'False, True, True, True, True, True, True', 'True, False, False, True, True, True, False']
"System Message:
        You are a logician with a background in mathematics that translates natural language
        reasoning text to Python3 code so that these natural language reasoning problems can be solved.
        During the translation, please pay close attention to defining variables and rules.
        Do not add any comments from you.
        Be guided by the following example:
        Example input text:
        Textual context: If the parameter A's value is at least 20, the lowest possible value of parameter B is 5.
If the parameter C's value is at least 20, the lowest possible value of parameter D is 40.
Parameter E's value cannot be less than parameter F's value.
Parameter G's value cannot be less than parameter H's value.
Parameter I's value cannot be less than parameter J's value.
Parameter K's value cannot be less than parameter L's value.
Parameter M's value cannot be greater than parameter N's value.
Parameter O's value cannot be greater than parameter P's value.

        Example Python3 code:
        # If the parameter A's value is at least 20, the lowest possible value of parameter B is 5.
def r1(a: float, b: float) -> bool:
    if b / a >= 0.25:
        return True
    else:
        return False

# If the parameter C's value is at least 20, the lowest possible value of parameter D is 40.
def r2(c: float, d: float) -> bool:
    if d / c >= 2:
        return True
    else:
        return False

# Parameter E's value cannot be less than parameter F's value.
def r3(e: float, f: float) -> bool:
    if e >= f:
        return True
    else:
        return False

# Parameter G's value cannot be less than parameter H's value.
def r4(g: float, h: float) -> bool:
    if g >= h:
        return True
    else:
        return False

# Parameter I's value cannot be less than parameter J's value.
def r5(i: float, j: float) -> bool:
    if i >= j:
        return True
    else:
        return False

# Parameter K's value cannot be less than parameter L's value.
def r6(k: float, l: float) -> bool:
    if k >= l:
        return True
    else:
        return False

# Parameter M's value cannot be greater than parameter N's value.
def r7(m: float, n: float) -> bool:
    if m <= n:
        return True
    else:
        return False

# Parameter O's value cannot be greater than parameter P's value.
def r8(o: float, p: float) -> bool:
    if o <= p:
        return True
    else:
        return False


        
Input text:
Textual context: The total operation duration must not be lower than the PTO operation time.
PTO-engaged stops cannot exceed the total number of stops.
The load carried by axle 1 must be smaller than or equal to the load on axle 2.
Axle 1's load cannot exceed Axle 3's load.
The payload cannot exceed the capacity of axle 3.
The total operation duration must always be greater than or equal to the combined time for PTO, idle, and driving.";"The total operation duration must not be lower than the PTO operation time.
PTO-engaged stops cannot exceed the total number of stops.
The load carried by axle 1 must be smaller than or equal to the load on axle 2.
Axle 1's load cannot exceed Axle 3's load.
The payload cannot exceed the capacity of axle 3.
The total operation duration must always be greater than or equal to the combined time for PTO, idle, and driving.";6;[['total operation time', 'PTO operation time'], ['stops with PTO engaged', 'stops'], ['axle 1 load', 'axle 2 load'], ['axle 1 load', 'axle 3 load'], ['payload', 'axle 3 load'], ['total operation time', 'PTO operation time', 'idle time', 'driving time']];Llama-8;"def r1(total_time: float, pto_time: float) -> bool:
    if total_time >= pto_time:
        return True
    else:
        return False

def r2(pto_stops: int, total_stops: int) -> bool:
    if pto_stops <= total_stops:
        return True
    else:
        return False

def r3(axle1_load: float, axle2_load: float) -> bool:
    if axle1_load <= axle2_load:
        return True
    else:
        return False

def r4(axle1_load: float, axle3_load: float) -> bool:
    if axle1_load <= axle3_load:
        return True
    else:
        return False

def r5(payload: float, axle3_capacity: float) -> bool:
    if payload <= axle3_capacity:
        return True
    else:
        return False

def r6(total_time: float, pto_time: float, idle_time: float, driving_time: float) -> bool:
    if total_time >= pto_time + idle_time + driving_time:
        return True
    else:
        return False

def r7(arg1: float, arg2: float, arg3: float, arg4: float, arg5: float, arg6: float, arg7: float, arg8: float, arg9: float, arg10: float, arg11: float, arg12: float, arg13: float, arg14: float):
    return not(r1(arg1, arg2) and r2(arg3, arg4) and r3(arg5, arg6) and r4(arg7, arg8) and r5(arg9, arg10) and r6(arg11, arg12, arg13, arg14)), r1(arg1, arg2), r2(arg3, arg4), r3(arg5, arg6), r4(arg7, arg8), r5(arg9, arg10), r6(arg11, arg12, arg13, arg14)";Correct syntax;['True, True, True, False, False, False, True', 'False, True, True, True, True, True, True', 'True, False, False, True, True, True, False'];['True, True, True, False, False, False, True', 'False, True, True, True, True, True, True', 'True, False, False, True, True, True, False']
"System Message:
        You are a logician with a background in mathematics that translates natural language
        reasoning text to Python3 code so that these natural language reasoning problems can be solved.
        During the translation, please pay close attention to defining variables and rules.
        Do not add any comments from you.
        Be guided by the following example:
        Example input text:
        Textual context: If the parameter A's value is at least 20, the lowest possible value of parameter B is 5.
If the parameter C's value is at least 20, the lowest possible value of parameter D is 40.
Parameter E's value cannot be less than parameter F's value.
Parameter G's value cannot be less than parameter H's value.
Parameter I's value cannot be less than parameter J's value.
Parameter K's value cannot be less than parameter L's value.
Parameter M's value cannot be greater than parameter N's value.
Parameter O's value cannot be greater than parameter P's value.

        Example Python3 code:
        # If the parameter A's value is at least 20, the lowest possible value of parameter B is 5.
def r1(a: float, b: float) -> bool:
    if b / a >= 0.25:
        return True
    else:
        return False

# If the parameter C's value is at least 20, the lowest possible value of parameter D is 40.
def r2(c: float, d: float) -> bool:
    if d / c >= 2:
        return True
    else:
        return False

# Parameter E's value cannot be less than parameter F's value.
def r3(e: float, f: float) -> bool:
    if e >= f:
        return True
    else:
        return False

# Parameter G's value cannot be less than parameter H's value.
def r4(g: float, h: float) -> bool:
    if g >= h:
        return True
    else:
        return False

# Parameter I's value cannot be less than parameter J's value.
def r5(i: float, j: float) -> bool:
    if i >= j:
        return True
    else:
        return False

# Parameter K's value cannot be less than parameter L's value.
def r6(k: float, l: float) -> bool:
    if k >= l:
        return True
    else:
        return False

# Parameter M's value cannot be greater than parameter N's value.
def r7(m: float, n: float) -> bool:
    if m <= n:
        return True
    else:
        return False

# Parameter O's value cannot be greater than parameter P's value.
def r8(o: float, p: float) -> bool:
    if o <= p:
        return True
    else:
        return False


        
Input text:
Textual context: The total operation duration must not be lower than the PTO operation time.
The total operation duration must not be lower than the idle time.
The total stop count must not be lower than the count of stops where PTO is engaged.
Payload must remain below or equal to the load carried by axle 2.
The payload cannot exceed the capacity of axle 3.
The total operation duration must always be greater than or equal to the combined time for PTO, idle, and driving.";"The total operation duration must not be lower than the PTO operation time.
The total operation duration must not be lower than the idle time.
The total stop count must not be lower than the count of stops where PTO is engaged.
Payload must remain below or equal to the load carried by axle 2.
The payload cannot exceed the capacity of axle 3.
The total operation duration must always be greater than or equal to the combined time for PTO, idle, and driving.";6;[['total operation time', 'PTO operation time'], ['total operation time', 'idle time'], ['stops', 'stops with PTO engaged'], ['payload', 'axle 2 load'], ['payload', 'axle 3 load'], ['total operation time', 'PTO operation time', 'idle time', 'driving time']];Llama-8;"def r1(pto_operation_time: float, total_operation_duration: float) -> bool:
    if total_operation_duration >= pto_operation_time:
        return True
    else:
        return False

def r2(idle_time: float, total_operation_duration: float) -> bool:
    if total_operation_duration >= idle_time:
        return True
    else:
        return False

def r3(pto_stop_count: int, total_stop_count: int) -> bool:
    if total_stop_count >= pto_stop_count:
        return True
    else:
        return False

def r4(axle2_load: float, payload: float) -> bool:
    if payload <= axle2_load:
        return True
    else:
        return False

def r5(axle3_capacity: float, payload: float) -> bool:
    if payload <= axle3_capacity:
        return True
    else:
        return False

def r6(pto_operation_time: float, idle_time: float, driving_time: float, total_operation_duration: float) -> bool:
    if total_operation_duration >= pto_operation_time + idle_time + driving_time:
        return True
    else:
        return False

def r7(arg1: float, arg2: float, arg3: float, arg4: float, arg5: float, arg6: float, arg7: float, arg8: float, arg9: float, arg10: float, arg11: float, arg12: float, arg13: float, arg14: float):
    return not(r1(arg1, arg2) and r2(arg3, arg4) and r3(arg5, arg6) and r4(arg7, arg8) and r5(arg9, arg10) and r6(arg11, arg12, arg13, arg14)), r1(arg1, arg2), r2(arg3, arg4), r3(arg5, arg6), r4(arg7, arg8), r5(arg9, arg10), r6(arg11, arg12, arg13, arg14)";Correct syntax;['True, True, True, True, False, False, True', 'False, True, True, True, True, True, True', 'True, False, False, False, True, True, False'];['True, False, False, False, True, True, False', 'True, True, True, True, True, True, False', 'True, True, True, True, False, False, False']
"System Message:
        You are a logician with a background in mathematics that translates natural language
        reasoning text to Python3 code so that these natural language reasoning problems can be solved.
        During the translation, please pay close attention to defining variables and rules.
        Do not add any comments from you.
        Be guided by the following example:
        Example input text:
        Textual context: If the parameter A's value is at least 20, the lowest possible value of parameter B is 5.
If the parameter C's value is at least 20, the lowest possible value of parameter D is 40.
Parameter E's value cannot be less than parameter F's value.
Parameter G's value cannot be less than parameter H's value.
Parameter I's value cannot be less than parameter J's value.
Parameter K's value cannot be less than parameter L's value.
Parameter M's value cannot be greater than parameter N's value.
Parameter O's value cannot be greater than parameter P's value.

        Example Python3 code:
        # If the parameter A's value is at least 20, the lowest possible value of parameter B is 5.
def r1(a: float, b: float) -> bool:
    if b / a >= 0.25:
        return True
    else:
        return False

# If the parameter C's value is at least 20, the lowest possible value of parameter D is 40.
def r2(c: float, d: float) -> bool:
    if d / c >= 2:
        return True
    else:
        return False

# Parameter E's value cannot be less than parameter F's value.
def r3(e: float, f: float) -> bool:
    if e >= f:
        return True
    else:
        return False

# Parameter G's value cannot be less than parameter H's value.
def r4(g: float, h: float) -> bool:
    if g >= h:
        return True
    else:
        return False

# Parameter I's value cannot be less than parameter J's value.
def r5(i: float, j: float) -> bool:
    if i >= j:
        return True
    else:
        return False

# Parameter K's value cannot be less than parameter L's value.
def r6(k: float, l: float) -> bool:
    if k >= l:
        return True
    else:
        return False

# Parameter M's value cannot be greater than parameter N's value.
def r7(m: float, n: float) -> bool:
    if m <= n:
        return True
    else:
        return False

# Parameter O's value cannot be greater than parameter P's value.
def r8(o: float, p: float) -> bool:
    if o <= p:
        return True
    else:
        return False


        
Input text:
Textual context: PTO operation time should be less than or equal to the total operation time.
Idle time must always be less than or equal to the total operation time.
PTO-engaged stops cannot exceed the total number of stops.
Axle 1's load cannot exceed Axle 2's load.
The load carried by axle 1 must be smaller than or equal to the load on axle 3.
The payload must not exceed the load carried by axle 2.
Axle 3's load must always be equal to or greater than the payload.
Total operation time should be at least the sum of PTO, idle, and driving times.";"PTO operation time should be less than or equal to the total operation time.
Idle time must always be less than or equal to the total operation time.
PTO-engaged stops cannot exceed the total number of stops.
Axle 1's load cannot exceed Axle 2's load.
The load carried by axle 1 must be smaller than or equal to the load on axle 3.
The payload must not exceed the load carried by axle 2.
Axle 3's load must always be equal to or greater than the payload.
Total operation time should be at least the sum of PTO, idle, and driving times.";8;[['PTO operation time', 'total operation time'], ['idle time', 'total operation time'], ['stops with PTO engaged', 'stops'], ['axle 1 load', 'axle 2 load'], ['axle 1 load', 'axle 3 load'], ['payload', 'axle 2 load'], ['axle 3 load', 'payload'], ['total operation time', 'PTO operation time', 'idle time', 'driving time']];Llama-8;"def r1(pto: float, total_operation_time: float) -> bool:
    if pto <= total_operation_time:
        return True
    else:
        return False

def r2(idle: float, total_operation_time: float) -> bool:
    if idle <= total_operation_time:
        return True
    else:
        return False

def r3(pto_stops: int, total_stops: int) -> bool:
    if pto_stops <= total_stops:
        return True
    else:
        return False

def r4(axle1_load: float, axle2_load: float) -> bool:
    if axle1_load <= axle2_load:
        return True
    else:
        return False

def r5(axle1_load: float, axle3_load: float) -> bool:
    if axle1_load <= axle3_load:
        return True
    else:
        return False

def r6(payload: float, axle2_load: float) -> bool:
    if payload <= axle2_load:
        return True
    else:
        return False

def r7(axle3_load: float, payload: float) -> bool:
    if axle3_load >= payload:
        return True
    else:
        return False

def r8(total_operation_time: float, pto: float, idle: float, driving: float) -> bool:
    if total_operation_time >= pto + idle + driving:
        return True
    else:
        return False

def r9(arg1: float, arg2: float, arg3: float, arg4: float, arg5: float, arg6: float, arg7: float, arg8: float, arg9: float, arg10: float, arg11: float, arg12: float, arg13: float, arg14: float, arg15: float, arg16: float, arg17: float, arg18: float):
    return not(r1(arg1, arg2) and r2(arg3, arg4) and r3(arg5, arg6) and r4(arg7, arg8) and r5(arg9, arg10) and r6(arg11, arg12) and r7(arg13, arg14) and r8(arg15, arg16, arg17, arg18)), r1(arg1, arg2), r2(arg3, arg4), r3(arg5, arg6), r4(arg7, arg8), r5(arg9, arg10), r6(arg11, arg12), r7(arg13, arg14), r8(arg15, arg16, arg17, arg18)";Correct syntax;['True, True, True, True, False, False, False, False, True', 'False, True, True, True, True, True, True, True, True', 'True, False, False, False, True, True, True, True, False'];['True, True, True, True, False, False, False, False, True', 'False, True, True, True, True, True, True, True, True', 'True, False, False, False, True, True, True, True, False']
"System Message:
        You are a logician with a background in mathematics that translates natural language
        reasoning text to Python3 code so that these natural language reasoning problems can be solved.
        During the translation, please pay close attention to defining variables and rules.
        Do not add any comments from you.
        Be guided by the following example:
        Example input text:
        Textual context: If the parameter A's value is at least 20, the lowest possible value of parameter B is 5.
If the parameter C's value is at least 20, the lowest possible value of parameter D is 40.
Parameter E's value cannot be less than parameter F's value.
Parameter G's value cannot be less than parameter H's value.
Parameter I's value cannot be less than parameter J's value.
Parameter K's value cannot be less than parameter L's value.
Parameter M's value cannot be greater than parameter N's value.
Parameter O's value cannot be greater than parameter P's value.

        Example Python3 code:
        # If the parameter A's value is at least 20, the lowest possible value of parameter B is 5.
def r1(a: float, b: float) -> bool:
    if b / a >= 0.25:
        return True
    else:
        return False

# If the parameter C's value is at least 20, the lowest possible value of parameter D is 40.
def r2(c: float, d: float) -> bool:
    if d / c >= 2:
        return True
    else:
        return False

# Parameter E's value cannot be less than parameter F's value.
def r3(e: float, f: float) -> bool:
    if e >= f:
        return True
    else:
        return False

# Parameter G's value cannot be less than parameter H's value.
def r4(g: float, h: float) -> bool:
    if g >= h:
        return True
    else:
        return False

# Parameter I's value cannot be less than parameter J's value.
def r5(i: float, j: float) -> bool:
    if i >= j:
        return True
    else:
        return False

# Parameter K's value cannot be less than parameter L's value.
def r6(k: float, l: float) -> bool:
    if k >= l:
        return True
    else:
        return False

# Parameter M's value cannot be greater than parameter N's value.
def r7(m: float, n: float) -> bool:
    if m <= n:
        return True
    else:
        return False

# Parameter O's value cannot be greater than parameter P's value.
def r8(o: float, p: float) -> bool:
    if o <= p:
        return True
    else:
        return False


        
Input text:
Textual context: The total operation duration must not be lower than the PTO operation time.
Total operation time shouldn’t be lower than idle time.
The number of stops where PTO is engaged must not exceed the overall stop count.
The weight on axle 1 cannot surpass the weight on axle 2.
The load supported by axle 1 cannot exceed that of axle 3.
The payload cannot exceed the capacity of axle 2.
The payload cannot exceed the capacity of axle 3.";"The total operation duration must not be lower than the PTO operation time.
Total operation time shouldn’t be lower than idle time.
The number of stops where PTO is engaged must not exceed the overall stop count.
The weight on axle 1 cannot surpass the weight on axle 2.
The load supported by axle 1 cannot exceed that of axle 3.
The payload cannot exceed the capacity of axle 2.
The payload cannot exceed the capacity of axle 3.";7;[['total operation time', 'PTO operation time'], ['total operation time', 'idle time'], ['stops with PTO engaged', 'stops'], ['axle 1 load', 'axle 2 load'], ['axle 1 load', 'axle 3 load'], ['payload', 'axle 2 load'], ['payload', 'axle 3 load']];Llama-8;"def r1(total_operation_time: float, pto_operation_time: float) -> bool:
    if total_operation_time >= pto_operation_time:
        return True
    else:
        return False

def r2(total_operation_time: float, idle_time: float) -> bool:
    if total_operation_time >= idle_time:
        return True
    else:
        return False

def r3(pto_stops: int, overall_stops: int) -> bool:
    if pto_stops <= overall_stops:
        return True
    else:
        return False

def r4(axle1_weight: float, axle2_weight: float) -> bool:
    if axle1_weight <= axle2_weight:
        return True
    else:
        return False

def r5(axle1_load: float, axle3_load: float) -> bool:
    if axle1_load <= axle3_load:
        return True
    else:
        return False

def r6(payload: float, axle2_capacity: float) -> bool:
    if payload <= axle2_capacity:
        return True
    else:
        return False

def r7(payload: float, axle3_capacity: float) -> bool:
    if payload <= axle3_capacity:
        return True
    else:
        return False

def r8(arg1: float, arg2: float, arg3: float, arg4: float, arg5: float, arg6: float, arg7: float, arg8: float, arg9: float, arg10: float, arg11: float, arg12: float, arg13: float, arg14: float):
    return not(r1(arg1, arg2) and r2(arg3, arg4) and r3(arg5, arg6) and r4(arg7, arg8) and r5(arg9, arg10) and r6(arg11, arg12) and r7(arg13, arg14)), r1(arg1, arg2), r2(arg3, arg4), r3(arg5, arg6), r4(arg7, arg8), r5(arg9, arg10), r6(arg11, arg12), r7(arg13, arg14)";Correct syntax;['True, True, True, True, False, False, False, False', 'False, True, True, True, True, True, True, True', 'True, False, False, False, True, True, True, True'];['True, True, True, True, False, False, False, False', 'False, True, True, True, True, True, True, True', 'True, False, False, False, True, True, True, True']
"System Message:
You are an agent which task is to correct Python3 code implementing logical rules, generated by another large language model,
so that they throw no runtime errors during program execution and correspond to the logical assumptions expressed in natural language.
To perform this task you will receive a Python3 code with valid syntax, which not correspond to the logical premises and throw runtime errors,
and these logical premises expressed in natural language, which should be translated into rules in Python3 code.
Your task is to return a valid Python3 rules for a given premises, having corrected the runtime errors.
Improvements made should mainly include defining the correct number of arguments for each function according to corresponding premise
and using inside functions the proper variables, previously defined in the function declaration.
Do not make any corrections to the last function.
Please output only a valid Python code only with comments started with #.
Do not add any additional texts, tags and comments.
Be guided by the following examples:

Example 1
# If the parameter C's value is at least 20, the lowest possible value of parameter D is 40.
def r1(c: float, d: float) -> bool:
    if c >= 20 and d / c >= 0.4:
        return True
    else:
        return False

# Parameter W value should be at least the sum of parameter X, parameter Y and parameter Z.
def r2(x: float, y: float, z: float) -> bool:
    if x + y + z >= 0:
        return True
    else:
        return False

# To identify the day as abnormal, it is enough that even one or more conditions are violated.
def r3(arg1: float, arg2: float, arg3: float, arg4: float, arg5: float, arg6: float):
    return not(r1(arg1, arg2) and r2(arg3, arg4, arg5, arg6)), r1(arg1, arg2), r2(arg3, arg4, arg5, arg6)

It is supposed to translate the following example text into rules:
If the parameter C's value is at least 20, the lowest possible value of parameter D is 40.
Parameter W value should be at least the sum of parameter X, parameter Y and parameter Z.

Code after execution returns the following error:
Traceback (most recent call last):
  File ""/home/obywatelfg/Doktorat/Badania/Logic-LLM/LLM-logic/New_val_Adapt_Task2_outputs_python_no_final_rule/Llama-8/2/python_code/2_output_python.py"", line 18, in <module>
    print(r3(2226.8, 2432.3, 0.3, 0.9, 2.7, 1.0))
  File ""/home/obywatelfg/Doktorat/Badania/Logic-LLM/LLM-logic/New_val_Adapt_Task2_outputs_python_no_final_rule/Llama-8/2/python_code/2_output_python.py"", line 16, in r3
    return not(r1(arg1, arg2) and r2(arg3, arg4, arg5, arg6)), r1(arg1, arg2), r2(arg3, arg4, arg5, arg6)
TypeError: r2() takes 3 positional arguments but 4 were given

Please correct the code.

The corrected code should be the following:
# If the parameter C's value is at least 20, the lowest possible value of parameter D is 40.
def r1(c: float, d: float) -> bool:
    if c >= 20 and d / c >= 0.4:
        return True
    else:
        return False

# This function lack of parameter W in a function definition and a body, where logical rule should check the proportion between param W and sum of params x, y, z.
# Parameter W value should be at least the sum of parameter X, parameter Y and parameter Z.
def r2(x: float, y: float, z: float, w: float) -> bool:
    if x + y + z <= w:
        return True
    else:
        return False

# To identify the day as abnormal, it is enough that even one or more conditions are violated.
def r3(arg1: float, arg2: float, arg3: float, arg4: float, arg5: float, arg6: float):
    return not(r1(arg1, arg2) and r2(arg3, arg4, arg5, arg6)), r1(arg1, arg2), r2(arg3, arg4, arg5, arg6)


Example 2
# If the parameter C's value is at least 20, the lowest possible value of parameter D is 40.
def r1(c: float) -> bool:
    if c >= 40 and c >= 0.4:
        return True
    else:
        return False

# Parameter T's value shouldn't be lower than parameter P's value.
def r2(t: float, p: float) -> bool:
    if t >= p:
        return True
    else:
        return False

# To identify the day as abnormal, it is enough that even one or more conditions are violated.
def r3(arg1: float, arg2: float, arg3: float, arg4: float):
    return not(r1(arg1, arg2) and r2(arg3, arg4)), r1(arg1, arg2), r2(arg3, arg4)

It is supposed to translate the following example text into rules:
If the parameter C's value is at least 20, the lowest possible value of parameter D is 40.
Parameter T's value shouldn't be lower than parameter P's value.

Code after execution returns the following error:
Traceback (most recent call last):
  File ""/home/obywatelfg/Doktorat/Badania/Logic-LLM/LLM-logic/New_val_Adapt_Task2_outputs_python_no_final_rule/Llama-8/4/python_code/121_output_python.py"", line 32, in <module>
    print(r5(227.70000000000002, 75.9, 9.5, 1.9, 7203.1, 6652.3, 10268.5, 8400.7))
  File ""/home/obywatelfg/Doktorat/Badania/Logic-LLM/LLM-logic/New_val_Adapt_Task2_outputs_python_no_final_rule/Llama-8/4/python_code/121_output_python.py"", line 30, in r5
    return not(r1(arg1, arg2) and r2(arg3, arg4) and r3(arg5, arg6) and r4(arg7, arg8)), r1(arg1, arg2), r2(arg3, arg4), r3(arg5, arg6), r4(arg7, arg8)
TypeError: r1() takes 1 positional argument but 2 were given

Please correct the code.

The corrected code should be the following:
# If the parameter C's value is at least 20, the lowest possible value of parameter D is 40.
def r1(c: float, d: float) -> bool:
    if d / c >= 2:
        return True
    else:
        return False

# Parameter T's value shouldn't be lower than parameter P's value.
def r2(t: float, p: float) -> bool:
    if t >= p:
        return True
    else:
        return False

# To identify the day as abnormal, it is enough that even one or more conditions are violated.
def r3(arg1: float, arg2: float, arg3: float, arg4: float):
    return not(r1(arg1, arg2) and r2(arg3, arg4)), r1(arg1, arg2), r2(arg3, arg4)


The input for your task:
This is the Python3 code which not correspond to the given logical premises:
def r1(total_time: float, idle_time: float) -> bool:
    if total_time >= idle_time:
        return True
    else:
        return False

def r2(driving_time: float, total_time: float) -> bool:
    if driving_time <= total_time:
        return True
    else:
        return False

def r3(axle1: float, axle3: float) -> bool:
    if axle1 <= axle3:
        return True
    else:
        return False

def r4(payload: float, axle2: float) -> bool:
    if payload <= axle2:
        return True
    else:
        return False

def r5(payload: float, axle3: float) -> bool:
    if payload <= axle3:
        return True
    else:
        return False  # corrected syntax error by adding a colon

def r6(total_time: float, pto_time: float, idle_time: float, driving_time: float) -> bool:
    if total_time >= pto_time + idle_time + driving_time:
        return True
    else:
        return False

def r7(arg1: float, arg2: float, arg3: float, arg4: float, arg5: float, arg6: float, arg7: float, arg8: float, arg9: float, arg10: float, arg11: float, arg12: float, arg13: float, arg14: float):
    return not(r1(arg1, arg2) and r2(arg3, arg4) and r3(arg5, arg6) and r4(arg7, arg8) and r5(arg9, arg10) and r6(arg11, arg12, arg13, arg14)), r1(arg1, arg2), r2(arg3, arg4), r3(arg5, arg6), r4(arg7, arg8), r5(arg9, arg10), r6(arg11, arg12, arg13, arg14)

It is supposed to translate the following text into rules:
System Message:
You are an agent which task is to correct Python3 code implementing logical rules, generated by another large language model,
so that they caused no syntax errors and correspond to the logical assumptions expressed in natural language.
To perform this task you will receive a Python3 code, which not correspond to the logical premises and caused syntax errors,
and these logical premises expressed in natural language, which should be translated into rules in Python3 code.
Your task is to return a valid Python3 rules for a given premises, having corrected the syntax errors.
The fixes you make should address standard Python code syntax errors such as mis-declared functions, incorrect variable declarations
or lack of indentation in the code. There may also be situations when parts of the code are not generated.
Do not make any corrections to the last function.
Please output only a valid Python code only with comments started with #.
Do not add any additional texts, tags and comments.

The input for your task:
This is the Python3 code which not correspond to the given logical premises:
def r1(total_time: float, idle_time: float) -> bool:
    if total_time >= idle_time:
        return True
    else:
        return False

def r2(driving_time: float, total_time: float) -> bool:
    if driving_time <= total_time:
        return True
    else:
        return False

def r3(axle1: float, axle3: float) -> bool:
    if axle1 <= axle3:
        return True
    else:
        return False

def r4(payload: float, axle2: float) -> bool:
    if payload <= axle2:
        return True
    else:
        return False

def r5(payload: float, axle3: float) -> bool:
    if payload <= axle3:
        return True
        else:
            return False

def r6(total_time: float, pto_time: float, idle_time: float, driving_time: float) -> bool:
    if total_time >= pto_time + idle_time + driving_time:
        return True
    else:
        return False

def r7(arg1: float, arg2: float, arg3: float, arg4: float, arg5: float, arg6: float, arg7: float, arg8: float, arg9: float, arg10: float, arg11: float, arg12: float, arg13: float, arg14: float):
    return not(r1(arg1, arg2) and r2(arg3, arg4) and r3(arg5, arg6) and r4(arg7, arg8) and r5(arg9, arg10) and r6(arg11, arg12, arg13, arg14)), r1(arg1, arg2), r2(arg3, arg4), r3(arg5, arg6), r4(arg7, arg8), r5(arg9, arg10), r6(arg11, arg12, arg13, arg14)

It is supposed to translate the following text into rules:
Total operation time shouldn’t be lower than idle time.
Driving time should be less than or equal to the total operation time.
The load supported by axle 1 cannot exceed that of axle 3.
The payload must not exceed the load carried by axle 2.
The payload must not exceed the load carried by axle 3.
Total operation time must be greater than or equal to the sum of PTO operation, idle, and driving times.

Syntax evaluation returns the following error:
  File ""/home/obywatelfg/Doktorat/Badania/Logic-LLM/LLM-Python/output_python.py"", line 28
    else:
    ^^^^
SyntaxError: invalid syntax


Please correct the code.   

Code after execution returns the following error:
Error

Please correct the code.   ";"Total operation time shouldn’t be lower than idle time.
Driving time should be less than or equal to the total operation time.
The load supported by axle 1 cannot exceed that of axle 3.
The payload must not exceed the load carried by axle 2.
The payload must not exceed the load carried by axle 3.
Total operation time must be greater than or equal to the sum of PTO operation, idle, and driving times.";6;[['total operation time', 'idle time'], ['driving time', 'total operation time'], ['axle 1 load', 'axle 3 load'], ['payload', 'axle 2 load'], ['payload', 'axle 3 load'], ['total operation time', 'PTO operation time', 'idle time', 'driving time']];Llama-8;"def r1(total_time: float, idle_time: float) -> bool:
    if total_time >= idle_time:
        return True
    else:
        return False

def r2(driving_time: float, total_time: float) -> bool:
    if driving_time <= total_time:
        return True
    else:
        return False

def r3(axle1: float, axle3: float) -> bool:
    if axle1 <= axle3:
        return True
    else:
        return False

def r4(payload: float, axle2: float) -> bool:
    if payload <= axle2:
        return True
    else:
        return False

def r5(payload: float, axle3: float) -> bool:
    if payload <= axle3:
        return True
    else:
        return False

def r6(total_time: float, pto_time: float, idle_time: float, driving_time: float) -> bool:
    if total_time >= pto_time + idle_time + driving_time:
        return True
    else:
        return False

def r7(arg1: float, arg2: float, arg3: float, arg4: float, arg5: float, arg6: float, arg7: float, arg8: float, arg9: float, arg10: float, arg11: float, arg12: float, arg13: float, arg14: float):
    return not(r1(arg1, arg2) and r2(arg3, arg4) and r3(arg5, arg6) and r4(arg7, arg8) and r5(arg9, arg10) and r6(arg11, arg12, arg13, arg14)), r1(arg1, arg2), r2(arg3, arg4), r3(arg5, arg6), r4(arg7, arg8), r5(arg9, arg10), r6(arg11, arg12, arg13, arg14)";"  File ""/home/obywatelfg/Doktorat/Badania/Logic-LLM/LLM-Python/output_python.py"", line 28
    else:
    ^^^^
SyntaxError: invalid syntax
";Error;Error
"System Message:
        You are a logician with a background in mathematics that translates natural language
        reasoning text to Python3 code so that these natural language reasoning problems can be solved.
        During the translation, please pay close attention to defining variables and rules.
        Do not add any comments from you.
        Be guided by the following example:
        Example input text:
        Textual context: If the parameter A's value is at least 20, the lowest possible value of parameter B is 5.
If the parameter C's value is at least 20, the lowest possible value of parameter D is 40.
Parameter E's value cannot be less than parameter F's value.
Parameter G's value cannot be less than parameter H's value.
Parameter I's value cannot be less than parameter J's value.
Parameter K's value cannot be less than parameter L's value.
Parameter M's value cannot be greater than parameter N's value.
Parameter O's value cannot be greater than parameter P's value.

        Example Python3 code:
        # If the parameter A's value is at least 20, the lowest possible value of parameter B is 5.
def r1(a: float, b: float) -> bool:
    if b / a >= 0.25:
        return True
    else:
        return False

# If the parameter C's value is at least 20, the lowest possible value of parameter D is 40.
def r2(c: float, d: float) -> bool:
    if d / c >= 2:
        return True
    else:
        return False

# Parameter E's value cannot be less than parameter F's value.
def r3(e: float, f: float) -> bool:
    if e >= f:
        return True
    else:
        return False

# Parameter G's value cannot be less than parameter H's value.
def r4(g: float, h: float) -> bool:
    if g >= h:
        return True
    else:
        return False

# Parameter I's value cannot be less than parameter J's value.
def r5(i: float, j: float) -> bool:
    if i >= j:
        return True
    else:
        return False

# Parameter K's value cannot be less than parameter L's value.
def r6(k: float, l: float) -> bool:
    if k >= l:
        return True
    else:
        return False

# Parameter M's value cannot be greater than parameter N's value.
def r7(m: float, n: float) -> bool:
    if m <= n:
        return True
    else:
        return False

# Parameter O's value cannot be greater than parameter P's value.
def r8(o: float, p: float) -> bool:
    if o <= p:
        return True
    else:
        return False


        
Input text:
Textual context: Total operation time shouldn’t be lower than PTO operation time.
Idle time cannot be greater than the total operation time.
Driving time should be less than or equal to the total operation time.
The load carried by axle 1 must be smaller than or equal to the load on axle 3.
Payload must remain below or equal to the load carried by axle 2.
Total operation time should be at least the sum of PTO, idle, and driving times.";"Total operation time shouldn’t be lower than PTO operation time.
Idle time cannot be greater than the total operation time.
Driving time should be less than or equal to the total operation time.
The load carried by axle 1 must be smaller than or equal to the load on axle 3.
Payload must remain below or equal to the load carried by axle 2.
Total operation time should be at least the sum of PTO, idle, and driving times.";6;[['total operation time', 'PTO operation time'], ['idle time', 'total operation time'], ['driving time', 'total operation time'], ['axle 1 load', 'axle 3 load'], ['payload', 'axle 2 load'], ['total operation time', 'PTO operation time', 'idle time', 'driving time']];Llama-8;"def r1(pto: float, total: float) -> bool:
    if total >= pto:
        return True
    else:
        return False

def r2(idle: float, total: float) -> bool:
    if idle <= total:
        return True
    else:
        return False

def r3(driving: float, total: float) -> bool:
    if driving <= total:
        return True
    else:
        return False

def r4(axle1: float, axle3: float) -> bool:
    if axle1 <= axle3:
        return True
    else:
        return False

def r5(payload: float, axle2: float) -> bool:
    if payload <= axle2:
        return True
    else:
        return False

def r6(pto: float, idle: float, driving: float, total: float) -> bool:
    if total >= pto + idle + driving:
        return True
    else:
        return False

def r7(arg1: float, arg2: float, arg3: float, arg4: float, arg5: float, arg6: float, arg7: float, arg8: float, arg9: float, arg10: float, arg11: float, arg12: float, arg13: float, arg14: float):
    return not(r1(arg1, arg2) and r2(arg3, arg4) and r3(arg5, arg6) and r4(arg7, arg8) and r5(arg9, arg10) and r6(arg11, arg12, arg13, arg14)), r1(arg1, arg2), r2(arg3, arg4), r3(arg5, arg6), r4(arg7, arg8), r5(arg9, arg10), r6(arg11, arg12, arg13, arg14)";Correct syntax;['True, True, True, True, False, False, True', 'False, True, True, True, True, True, True', 'True, False, False, False, True, True, False'];['True, False, True, True, False, False, False', 'True, True, True, True, True, True, False', 'True, True, False, False, True, True, False']
"System Message:
        You are a logician with a background in mathematics that translates natural language
        reasoning text to Python3 code so that these natural language reasoning problems can be solved.
        During the translation, please pay close attention to defining variables and rules.
        Do not add any comments from you.
        Be guided by the following example:
        Example input text:
        Textual context: If the parameter A's value is at least 20, the lowest possible value of parameter B is 5.
If the parameter C's value is at least 20, the lowest possible value of parameter D is 40.
Parameter E's value cannot be less than parameter F's value.
Parameter G's value cannot be less than parameter H's value.
Parameter I's value cannot be less than parameter J's value.
Parameter K's value cannot be less than parameter L's value.
Parameter M's value cannot be greater than parameter N's value.
Parameter O's value cannot be greater than parameter P's value.

        Example Python3 code:
        # If the parameter A's value is at least 20, the lowest possible value of parameter B is 5.
def r1(a: float, b: float) -> bool:
    if b / a >= 0.25:
        return True
    else:
        return False

# If the parameter C's value is at least 20, the lowest possible value of parameter D is 40.
def r2(c: float, d: float) -> bool:
    if d / c >= 2:
        return True
    else:
        return False

# Parameter E's value cannot be less than parameter F's value.
def r3(e: float, f: float) -> bool:
    if e >= f:
        return True
    else:
        return False

# Parameter G's value cannot be less than parameter H's value.
def r4(g: float, h: float) -> bool:
    if g >= h:
        return True
    else:
        return False

# Parameter I's value cannot be less than parameter J's value.
def r5(i: float, j: float) -> bool:
    if i >= j:
        return True
    else:
        return False

# Parameter K's value cannot be less than parameter L's value.
def r6(k: float, l: float) -> bool:
    if k >= l:
        return True
    else:
        return False

# Parameter M's value cannot be greater than parameter N's value.
def r7(m: float, n: float) -> bool:
    if m <= n:
        return True
    else:
        return False

# Parameter O's value cannot be greater than parameter P's value.
def r8(o: float, p: float) -> bool:
    if o <= p:
        return True
    else:
        return False


        
Input text:
Textual context: PTO operation time must be less than or equal to the total operation time.
Idle time should be less than or equal to the total operation time.
The total stop count must not be lower than the count of stops where PTO is engaged.
The weight on axle 1 cannot surpass the weight on axle 2.
Axle 2's load must always be equal to or greater than the payload.
Payload must remain below or equal to the load carried by axle 3.
Total operation time should be at least the sum of PTO, idle, and driving times.";"PTO operation time must be less than or equal to the total operation time.
Idle time should be less than or equal to the total operation time.
The total stop count must not be lower than the count of stops where PTO is engaged.
The weight on axle 1 cannot surpass the weight on axle 2.
Axle 2's load must always be equal to or greater than the payload.
Payload must remain below or equal to the load carried by axle 3.
Total operation time should be at least the sum of PTO, idle, and driving times.";7;[['PTO operation time', 'total operation time'], ['idle time', 'total operation time'], ['stops', 'stops with PTO engaged'], ['axle 1 load', 'axle 2 load'], ['axle 2 load', 'payload'], ['payload', 'axle 3 load'], ['total operation time', 'PTO operation time', 'idle time', 'driving time']];Llama-8;"def r1(pto_time: float, total_time: float) -> bool:
    if pto_time <= total_time:
        return True
    else:
        return False

def r2(idle_time: float, total_time: float) -> bool:
    if idle_time <= total_time:
        return True
    else:
        return False

def r3(total_stops: int, pto_stops: int) -> bool:
    if total_stops >= pto_stops:
        return True
    else:
        return False

def r4(axle1_weight: float, axle2_weight: float) -> bool:
    if axle1_weight <= axle2_weight:
        return True
    else:
        return False

def r5(axle2_load: float, payload: float) -> bool:
    if axle2_load >= payload:
        return True
    else:
        return False

def r6(payload: float, axle3_load: float) -> bool:
    if payload <= axle3_load:
        return True
    else:
        return False

def r7(total_time: float, pto_time: float, idle_time: float, driving_time: float) -> bool:
    if total_time >= pto_time + idle_time + driving_time:
        return True
    else:
        return False

def r8(arg1: float, arg2: float, arg3: float, arg4: float, arg5: float, arg6: float, arg7: float, arg8: float, arg9: float, arg10: float, arg11: float, arg12: float, arg13: float, arg14: float, arg15: float, arg16: float):
    return not(r1(arg1, arg2) and r2(arg3, arg4) and r3(arg5, arg6) and r4(arg7, arg8) and r5(arg9, arg10) and r6(arg11, arg12) and r7(arg13, arg14, arg15, arg16)), r1(arg1, arg2), r2(arg3, arg4), r3(arg5, arg6), r4(arg7, arg8), r5(arg9, arg10), r6(arg11, arg12), r7(arg13, arg14, arg15, arg16)";Correct syntax;['True, True, True, True, False, False, False, True', 'False, True, True, True, True, True, True, True', 'True, False, False, False, True, True, True, False'];['True, True, True, True, False, False, False, True', 'False, True, True, True, True, True, True, True', 'True, False, False, False, True, True, True, False']
"System Message:
        You are a logician with a background in mathematics that translates natural language
        reasoning text to Python3 code so that these natural language reasoning problems can be solved.
        During the translation, please pay close attention to defining variables and rules.
        Do not add any comments from you.
        Be guided by the following example:
        Example input text:
        Textual context: If the parameter A's value is at least 20, the lowest possible value of parameter B is 5.
If the parameter C's value is at least 20, the lowest possible value of parameter D is 40.
Parameter E's value cannot be less than parameter F's value.
Parameter G's value cannot be less than parameter H's value.
Parameter I's value cannot be less than parameter J's value.
Parameter K's value cannot be less than parameter L's value.
Parameter M's value cannot be greater than parameter N's value.
Parameter O's value cannot be greater than parameter P's value.

        Example Python3 code:
        # If the parameter A's value is at least 20, the lowest possible value of parameter B is 5.
def r1(a: float, b: float) -> bool:
    if b / a >= 0.25:
        return True
    else:
        return False

# If the parameter C's value is at least 20, the lowest possible value of parameter D is 40.
def r2(c: float, d: float) -> bool:
    if d / c >= 2:
        return True
    else:
        return False

# Parameter E's value cannot be less than parameter F's value.
def r3(e: float, f: float) -> bool:
    if e >= f:
        return True
    else:
        return False

# Parameter G's value cannot be less than parameter H's value.
def r4(g: float, h: float) -> bool:
    if g >= h:
        return True
    else:
        return False

# Parameter I's value cannot be less than parameter J's value.
def r5(i: float, j: float) -> bool:
    if i >= j:
        return True
    else:
        return False

# Parameter K's value cannot be less than parameter L's value.
def r6(k: float, l: float) -> bool:
    if k >= l:
        return True
    else:
        return False

# Parameter M's value cannot be greater than parameter N's value.
def r7(m: float, n: float) -> bool:
    if m <= n:
        return True
    else:
        return False

# Parameter O's value cannot be greater than parameter P's value.
def r8(o: float, p: float) -> bool:
    if o <= p:
        return True
    else:
        return False


        
Input text:
Textual context: Idle time should be less than or equal to the total operation time.
Driving time must always be less than or equal to the total operation time.
The total stop count must not be lower than the count of stops where PTO is engaged.
The weight on axle 1 cannot surpass the weight on axle 3.
The payload must not exceed the load carried by axle 2.
The payload must always be smaller than or equal to the load on axle 3.
The combined time for PTO operation, idle time, and driving time must not surpass the total operation time.";"Idle time should be less than or equal to the total operation time.
Driving time must always be less than or equal to the total operation time.
The total stop count must not be lower than the count of stops where PTO is engaged.
The weight on axle 1 cannot surpass the weight on axle 3.
The payload must not exceed the load carried by axle 2.
The payload must always be smaller than or equal to the load on axle 3.
The combined time for PTO operation, idle time, and driving time must not surpass the total operation time.";7;[['idle time', 'total operation time'], ['driving time', 'total operation time'], ['stops', 'stops with PTO engaged'], ['axle 1 load', 'axle 3 load'], ['payload', 'axle 2 load'], ['payload', 'axle 3 load'], ['PTO operation time', 'idle time', 'driving time', 'total operation time']];Llama-8;"def r1(idle: float, total: float) -> bool:
    if idle <= total:
        return True
    else:
        return False

def r2(driving: float, total: float) -> bool:
    if driving <= total:
        return True
    else:
        return False

def r3(total_stops: int, pto_stops: int) -> bool:
    if total_stops >= pto_stops:
        return True
    else:
        return False

def r4(axle1: float, axle3: float) -> bool:
    if axle1 <= axle3:
        return True
    else:
        return False

def r5(payload: float, axle2: float) -> bool:
    if payload <= axle2:
        return True
    else:
        return False

def r6(payload: float, axle3: float) -> bool:
    if payload <= axle3:
        return True
    else:
        return False

def r7(pto: float, idle: float, driving: float, total: float) -> bool:
    if pto + idle + driving <= total:
        return True
    else:
        return False

def r8(arg1: float, arg2: float, arg3: float, arg4: float, arg5: float, arg6: float, arg7: float, arg8: float, arg9: float, arg10: float, arg11: float, arg12: float, arg13: float, arg14: float, arg15: float, arg16: float):
    return not(r1(arg1, arg2) and r2(arg3, arg4) and r3(arg5, arg6) and r4(arg7, arg8) and r5(arg9, arg10) and r6(arg11, arg12) and r7(arg13, arg14, arg15, arg16)), r1(arg1, arg2), r2(arg3, arg4), r3(arg5, arg6), r4(arg7, arg8), r5(arg9, arg10), r6(arg11, arg12), r7(arg13, arg14, arg15, arg16)";Correct syntax;['True, True, True, True, False, False, False, True', 'False, True, True, True, True, True, True, True', 'True, False, False, False, True, True, True, False'];['True, True, True, True, False, False, False, True', 'False, True, True, True, True, True, True, True', 'True, False, False, False, True, True, True, False']
"System Message:
        You are a logician with a background in mathematics that translates natural language
        reasoning text to Python3 code so that these natural language reasoning problems can be solved.
        During the translation, please pay close attention to defining variables and rules.
        Do not add any comments from you.
        Be guided by the following example:
        Example input text:
        Textual context: If the parameter A's value is at least 20, the lowest possible value of parameter B is 5.
If the parameter C's value is at least 20, the lowest possible value of parameter D is 40.
Parameter E's value cannot be less than parameter F's value.
Parameter G's value cannot be less than parameter H's value.
Parameter I's value cannot be less than parameter J's value.
Parameter K's value cannot be less than parameter L's value.
Parameter M's value cannot be greater than parameter N's value.
Parameter O's value cannot be greater than parameter P's value.

        Example Python3 code:
        # If the parameter A's value is at least 20, the lowest possible value of parameter B is 5.
def r1(a: float, b: float) -> bool:
    if b / a >= 0.25:
        return True
    else:
        return False

# If the parameter C's value is at least 20, the lowest possible value of parameter D is 40.
def r2(c: float, d: float) -> bool:
    if d / c >= 2:
        return True
    else:
        return False

# Parameter E's value cannot be less than parameter F's value.
def r3(e: float, f: float) -> bool:
    if e >= f:
        return True
    else:
        return False

# Parameter G's value cannot be less than parameter H's value.
def r4(g: float, h: float) -> bool:
    if g >= h:
        return True
    else:
        return False

# Parameter I's value cannot be less than parameter J's value.
def r5(i: float, j: float) -> bool:
    if i >= j:
        return True
    else:
        return False

# Parameter K's value cannot be less than parameter L's value.
def r6(k: float, l: float) -> bool:
    if k >= l:
        return True
    else:
        return False

# Parameter M's value cannot be greater than parameter N's value.
def r7(m: float, n: float) -> bool:
    if m <= n:
        return True
    else:
        return False

# Parameter O's value cannot be greater than parameter P's value.
def r8(o: float, p: float) -> bool:
    if o <= p:
        return True
    else:
        return False


        
Input text:
Textual context: PTO operation time should be less than or equal to the total operation time.
Total operation time shouldn’t be lower than idle time.
Total operation time should shouldn’t be lower than driving time.
The load carried by axle 1 must be smaller than or equal to the load on axle 2.
The load supported by axle 1 cannot exceed that of axle 3.
Axle 3's load must always be equal to or greater than the payload.";"PTO operation time should be less than or equal to the total operation time.
Total operation time shouldn’t be lower than idle time.
Total operation time should shouldn’t be lower than driving time.
The load carried by axle 1 must be smaller than or equal to the load on axle 2.
The load supported by axle 1 cannot exceed that of axle 3.
Axle 3's load must always be equal to or greater than the payload.";6;[['PTO operation time', 'total operation time'], ['total operation time', 'idle time'], ['total operation time', 'driving time'], ['axle 1 load', 'axle 2 load'], ['axle 1 load', 'axle 3 load'], ['axle 3 load', 'payload']];Llama-8;"def r1(pto_operation_time: float, total_operation_time: float) -> bool:
    if pto_operation_time <= total_operation_time:
        return True
    else:
        return False

def r2(total_operation_time: float, idle_time: float) -> bool:
    if total_operation_time >= idle_time:
        return True
    else:
        return False

def r3(total_operation_time: float, driving_time: float) -> bool:
    if total_operation_time >= driving_time:
        return True
    else:
        return False

def r4(axle1_load: float, axle2_load: float) -> bool:
    if axle1_load <= axle2_load:
        return True
    else:
        return False

def r5(axle1_load: float, axle3_load: float) -> bool:
    if axle1_load <= axle3_load:
        return True
    else:
        return False

def r6(axle3_load: float, payload: float) -> bool:
    if axle3_load >= payload:
        return True
    else:
        return False

def r7(arg1: float, arg2: float, arg3: float, arg4: float, arg5: float, arg6: float, arg7: float, arg8: float, arg9: float, arg10: float, arg11: float, arg12: float):
    return not(r1(arg1, arg2) and r2(arg3, arg4) and r3(arg5, arg6) and r4(arg7, arg8) and r5(arg9, arg10) and r6(arg11, arg12)), r1(arg1, arg2), r2(arg3, arg4), r3(arg5, arg6), r4(arg7, arg8), r5(arg9, arg10), r6(arg11, arg12)";Correct syntax;['True, True, True, True, False, False, False', 'False, True, True, True, True, True, True', 'True, False, False, False, True, True, True'];['True, True, True, True, False, False, False', 'False, True, True, True, True, True, True', 'True, False, False, False, True, True, True']
"System Message:
        You are a logician with a background in mathematics that translates natural language
        reasoning text to Python3 code so that these natural language reasoning problems can be solved.
        During the translation, please pay close attention to defining variables and rules.
        Do not add any comments from you.
        Be guided by the following example:
        Example input text:
        Textual context: If the parameter A's value is at least 20, the lowest possible value of parameter B is 5.
If the parameter C's value is at least 20, the lowest possible value of parameter D is 40.
Parameter E's value cannot be less than parameter F's value.
Parameter G's value cannot be less than parameter H's value.
Parameter I's value cannot be less than parameter J's value.
Parameter K's value cannot be less than parameter L's value.
Parameter M's value cannot be greater than parameter N's value.
Parameter O's value cannot be greater than parameter P's value.

        Example Python3 code:
        # If the parameter A's value is at least 20, the lowest possible value of parameter B is 5.
def r1(a: float, b: float) -> bool:
    if b / a >= 0.25:
        return True
    else:
        return False

# If the parameter C's value is at least 20, the lowest possible value of parameter D is 40.
def r2(c: float, d: float) -> bool:
    if d / c >= 2:
        return True
    else:
        return False

# Parameter E's value cannot be less than parameter F's value.
def r3(e: float, f: float) -> bool:
    if e >= f:
        return True
    else:
        return False

# Parameter G's value cannot be less than parameter H's value.
def r4(g: float, h: float) -> bool:
    if g >= h:
        return True
    else:
        return False

# Parameter I's value cannot be less than parameter J's value.
def r5(i: float, j: float) -> bool:
    if i >= j:
        return True
    else:
        return False

# Parameter K's value cannot be less than parameter L's value.
def r6(k: float, l: float) -> bool:
    if k >= l:
        return True
    else:
        return False

# Parameter M's value cannot be greater than parameter N's value.
def r7(m: float, n: float) -> bool:
    if m <= n:
        return True
    else:
        return False

# Parameter O's value cannot be greater than parameter P's value.
def r8(o: float, p: float) -> bool:
    if o <= p:
        return True
    else:
        return False


        
Input text:
Textual context: Total operation time shouldn’t be lower than PTO operation time.
Idle time cannot be greater than the total operation time.
Total operation time should shouldn’t be lower than driving time.
PTO-engaged stops cannot exceed the total number of stops.
The payload must always be smaller than or equal to the load on axle 3.
The combined time for PTO operation, idle time, and driving time must not surpass the total operation time.";"Total operation time shouldn’t be lower than PTO operation time.
Idle time cannot be greater than the total operation time.
Total operation time should shouldn’t be lower than driving time.
PTO-engaged stops cannot exceed the total number of stops.
The payload must always be smaller than or equal to the load on axle 3.
The combined time for PTO operation, idle time, and driving time must not surpass the total operation time.";6;[['total operation time', 'PTO operation time'], ['idle time', 'total operation time'], ['total operation time', 'driving time'], ['stops with PTO engaged', 'stops'], ['payload', 'axle 3 load'], ['PTO operation time', 'idle time', 'driving time', 'total operation time']];Llama-8;"def r1(e: float, f: float) -> bool:
    if e >= f:
        return True
    else:
        return False

def r2(g: float, h: float) -> bool:
    if g <= h:
        return True
    else:
        return False

def r3(i: float, j: float) -> bool:
    if i >= j:
        return True
    else:
        return False

def r4(k: float, l: float) -> bool:
    if k <= l:
        return True
    else:
        return False

def r5(m: float, n: float) -> bool:
    if m <= n:
        return True
    else:
        return False

def r6(o: float, p: float, q: float, r: float) -> bool:
    if o + p + q <= r:
        return True
    else:
        return False

def r7(arg1: float, arg2: float, arg3: float, arg4: float, arg5: float, arg6: float, arg7: float, arg8: float, arg9: float, arg10: float, arg11: float, arg12: float, arg13: float, arg14: float):
    return not(r1(arg1, arg2) and r2(arg3, arg4) and r3(arg5, arg6) and r4(arg7, arg8) and r5(arg9, arg10) and r6(arg11, arg12, arg13, arg14)), r1(arg1, arg2), r2(arg3, arg4), r3(arg5, arg6), r4(arg7, arg8), r5(arg9, arg10), r6(arg11, arg12, arg13, arg14)";Correct syntax;['True, True, True, True, True, False, True', 'False, True, True, True, True, True, True', 'True, False, False, False, False, True, False'];['True, True, True, True, True, False, True', 'False, True, True, True, True, True, True', 'True, False, False, False, False, True, False']
"System Message:
        You are a logician with a background in mathematics that translates natural language
        reasoning text to Python3 code so that these natural language reasoning problems can be solved.
        During the translation, please pay close attention to defining variables and rules.
        Do not add any comments from you.
        Be guided by the following example:
        Example input text:
        Textual context: If the parameter A's value is at least 20, the lowest possible value of parameter B is 5.
If the parameter C's value is at least 20, the lowest possible value of parameter D is 40.
Parameter E's value cannot be less than parameter F's value.
Parameter G's value cannot be less than parameter H's value.
Parameter I's value cannot be less than parameter J's value.
Parameter K's value cannot be less than parameter L's value.
Parameter M's value cannot be greater than parameter N's value.
Parameter O's value cannot be greater than parameter P's value.

        Example Python3 code:
        # If the parameter A's value is at least 20, the lowest possible value of parameter B is 5.
def r1(a: float, b: float) -> bool:
    if b / a >= 0.25:
        return True
    else:
        return False

# If the parameter C's value is at least 20, the lowest possible value of parameter D is 40.
def r2(c: float, d: float) -> bool:
    if d / c >= 2:
        return True
    else:
        return False

# Parameter E's value cannot be less than parameter F's value.
def r3(e: float, f: float) -> bool:
    if e >= f:
        return True
    else:
        return False

# Parameter G's value cannot be less than parameter H's value.
def r4(g: float, h: float) -> bool:
    if g >= h:
        return True
    else:
        return False

# Parameter I's value cannot be less than parameter J's value.
def r5(i: float, j: float) -> bool:
    if i >= j:
        return True
    else:
        return False

# Parameter K's value cannot be less than parameter L's value.
def r6(k: float, l: float) -> bool:
    if k >= l:
        return True
    else:
        return False

# Parameter M's value cannot be greater than parameter N's value.
def r7(m: float, n: float) -> bool:
    if m <= n:
        return True
    else:
        return False

# Parameter O's value cannot be greater than parameter P's value.
def r8(o: float, p: float) -> bool:
    if o <= p:
        return True
    else:
        return False


        
Input text:
Textual context: PTO operation time must be less than or equal to the total operation time.
Idle time must always be less than or equal to the total operation time.
Driving time should be less than or equal to the total operation time.
Stops with PTO engaged should never outnumber total stops.
Axle 2's load must always be equal to or greater than the payload.
The total operation duration must always be greater than or equal to the combined time for PTO, idle, and driving.";"PTO operation time must be less than or equal to the total operation time.
Idle time must always be less than or equal to the total operation time.
Driving time should be less than or equal to the total operation time.
Stops with PTO engaged should never outnumber total stops.
Axle 2's load must always be equal to or greater than the payload.
The total operation duration must always be greater than or equal to the combined time for PTO, idle, and driving.";6;[['PTO operation time', 'total operation time'], ['idle time', 'total operation time'], ['driving time', 'total operation time'], ['stops with PTO engaged', 'stops'], ['axle 2 load', 'payload'], ['total operation time', 'PTO operation time', 'idle time', 'driving time']];Llama-8;"def r1(d: float, e: float) -> bool:
    if d <= e:
        return True
    else:
        return False

def r2(f: float, e: float) -> bool:
    if f <= e:
        return True
    else:
        return False

def r3(g: float, e: float) -> bool:
    if g <= e:
        return True
    else:
        return False

def r4(h: float, i: float) -> bool:
    if h <= i:
        return True
    else:
        return False

def r5(j: float, k: float) -> bool:
    if j >= k:
        return True
    else:
        return False

def r6(e: float, d: float, f: float, g: float) -> bool:
    if e >= d + f + g:
        return True
    else:
        return False

def r7(arg1: float, arg2: float, arg3: float, arg4: float, arg5: float, arg6: float, arg7: float, arg8: float, arg9: float, arg10: float, arg11: float, arg12: float, arg13: float, arg14: float):
    return not(r1(arg1, arg2) and r2(arg3, arg4) and r3(arg5, arg6) and r4(arg7, arg8) and r5(arg9, arg10) and r6(arg11, arg12, arg13, arg14)), r1(arg1, arg2), r2(arg3, arg4), r3(arg5, arg6), r4(arg7, arg8), r5(arg9, arg10), r6(arg11, arg12, arg13, arg14)";Correct syntax;['True, True, True, True, True, False, True', 'False, True, True, True, True, True, True', 'True, False, False, False, False, True, False'];['True, True, True, True, True, False, True', 'False, True, True, True, True, True, True', 'True, False, False, False, False, True, False']
"System Message:
        You are a logician with a background in mathematics that translates natural language
        reasoning text to Python3 code so that these natural language reasoning problems can be solved.
        During the translation, please pay close attention to defining variables and rules.
        Do not add any comments from you.
        Be guided by the following example:
        Example input text:
        Textual context: If the parameter A's value is at least 20, the lowest possible value of parameter B is 5.
If the parameter C's value is at least 20, the lowest possible value of parameter D is 40.
Parameter E's value cannot be less than parameter F's value.
Parameter G's value cannot be less than parameter H's value.
Parameter I's value cannot be less than parameter J's value.
Parameter K's value cannot be less than parameter L's value.
Parameter M's value cannot be greater than parameter N's value.
Parameter O's value cannot be greater than parameter P's value.

        Example Python3 code:
        # If the parameter A's value is at least 20, the lowest possible value of parameter B is 5.
def r1(a: float, b: float) -> bool:
    if b / a >= 0.25:
        return True
    else:
        return False

# If the parameter C's value is at least 20, the lowest possible value of parameter D is 40.
def r2(c: float, d: float) -> bool:
    if d / c >= 2:
        return True
    else:
        return False

# Parameter E's value cannot be less than parameter F's value.
def r3(e: float, f: float) -> bool:
    if e >= f:
        return True
    else:
        return False

# Parameter G's value cannot be less than parameter H's value.
def r4(g: float, h: float) -> bool:
    if g >= h:
        return True
    else:
        return False

# Parameter I's value cannot be less than parameter J's value.
def r5(i: float, j: float) -> bool:
    if i >= j:
        return True
    else:
        return False

# Parameter K's value cannot be less than parameter L's value.
def r6(k: float, l: float) -> bool:
    if k >= l:
        return True
    else:
        return False

# Parameter M's value cannot be greater than parameter N's value.
def r7(m: float, n: float) -> bool:
    if m <= n:
        return True
    else:
        return False

# Parameter O's value cannot be greater than parameter P's value.
def r8(o: float, p: float) -> bool:
    if o <= p:
        return True
    else:
        return False


        
Input text:
Textual context: PTO operation time cannot be greater than the total operation time.
Idle time should be less than or equal to the total operation time.
Driving time cannot be greater than the total operation time.
PTO-engaged stops cannot exceed the total number of stops.
The weight on axle 1 cannot surpass the weight on axle 2.
The load on axle 1 must not surpass the load on axle 3.
The payload cannot exceed the capacity of axle 3.
The combined time for PTO operation, idle time, and driving time must not surpass the total operation time.";"PTO operation time cannot be greater than the total operation time.
Idle time should be less than or equal to the total operation time.
Driving time cannot be greater than the total operation time.
PTO-engaged stops cannot exceed the total number of stops.
The weight on axle 1 cannot surpass the weight on axle 2.
The load on axle 1 must not surpass the load on axle 3.
The payload cannot exceed the capacity of axle 3.
The combined time for PTO operation, idle time, and driving time must not surpass the total operation time.";8;[['PTO operation time', 'total operation time'], ['idle time', 'total operation time'], ['driving time', 'total operation time'], ['stops with PTO engaged', 'stops'], ['axle 1 load', 'axle 2 load'], ['axle 1 load', 'axle 3 load'], ['payload', 'axle 3 load'], ['PTO operation time', 'idle time', 'driving time', 'total operation time']];Llama-8;"def r1(pto: float, total: float) -> bool:
    if pto <= total:
        return True
    else:
        return False

def r2(idle: float, total: float) -> bool:
    if idle <= total:
        return True
    else:
        return False

def r3(driving: float, total: float) -> bool:
    if driving <= total:
        return True
    else:
        return False

def r4(pto_stops: int, total_stops: int) -> bool:
    if pto_stops <= total_stops:
        return True
    else:
        return False

def r5(axle1: float, axle2: float) -> bool:
    if axle1 <= axle2:
        return True
    else:
        return False

def r6(axle1: float, axle3: float) -> bool:
    if axle1 <= axle3:
        return True
    else:
        return False

def r7(payload: float, axle3: float) -> bool:
    if payload <= axle3:
        return True
    else:
        return False

def r8(pto: float, idle: float, driving: float, total: float) -> bool:
    if pto + idle + driving <= total:
        return True
    else:
        return False

def r9(arg1: float, arg2: float, arg3: float, arg4: float, arg5: float, arg6: float, arg7: float, arg8: float, arg9: float, arg10: float, arg11: float, arg12: float, arg13: float, arg14: float, arg15: float, arg16: float, arg17: float, arg18: float):
    return not(r1(arg1, arg2) and r2(arg3, arg4) and r3(arg5, arg6) and r4(arg7, arg8) and r5(arg9, arg10) and r6(arg11, arg12) and r7(arg13, arg14) and r8(arg15, arg16, arg17, arg18)), r1(arg1, arg2), r2(arg3, arg4), r3(arg5, arg6), r4(arg7, arg8), r5(arg9, arg10), r6(arg11, arg12), r7(arg13, arg14), r8(arg15, arg16, arg17, arg18)";Correct syntax;['True, True, True, True, True, False, False, False, True', 'False, True, True, True, True, True, True, True, True', 'True, False, False, False, False, True, True, True, False'];['True, True, True, True, True, False, False, False, True', 'False, True, True, True, True, True, True, True, True', 'True, False, False, False, False, True, True, True, False']
"System Message:
        You are a logician with a background in mathematics that translates natural language
        reasoning text to Python3 code so that these natural language reasoning problems can be solved.
        During the translation, please pay close attention to defining variables and rules.
        Do not add any comments from you.
        Be guided by the following example:
        Example input text:
        Textual context: If the parameter A's value is at least 20, the lowest possible value of parameter B is 5.
If the parameter C's value is at least 20, the lowest possible value of parameter D is 40.
Parameter E's value cannot be less than parameter F's value.
Parameter G's value cannot be less than parameter H's value.
Parameter I's value cannot be less than parameter J's value.
Parameter K's value cannot be less than parameter L's value.
Parameter M's value cannot be greater than parameter N's value.
Parameter O's value cannot be greater than parameter P's value.

        Example Python3 code:
        # If the parameter A's value is at least 20, the lowest possible value of parameter B is 5.
def r1(a: float, b: float) -> bool:
    if b / a >= 0.25:
        return True
    else:
        return False

# If the parameter C's value is at least 20, the lowest possible value of parameter D is 40.
def r2(c: float, d: float) -> bool:
    if d / c >= 2:
        return True
    else:
        return False

# Parameter E's value cannot be less than parameter F's value.
def r3(e: float, f: float) -> bool:
    if e >= f:
        return True
    else:
        return False

# Parameter G's value cannot be less than parameter H's value.
def r4(g: float, h: float) -> bool:
    if g >= h:
        return True
    else:
        return False

# Parameter I's value cannot be less than parameter J's value.
def r5(i: float, j: float) -> bool:
    if i >= j:
        return True
    else:
        return False

# Parameter K's value cannot be less than parameter L's value.
def r6(k: float, l: float) -> bool:
    if k >= l:
        return True
    else:
        return False

# Parameter M's value cannot be greater than parameter N's value.
def r7(m: float, n: float) -> bool:
    if m <= n:
        return True
    else:
        return False

# Parameter O's value cannot be greater than parameter P's value.
def r8(o: float, p: float) -> bool:
    if o <= p:
        return True
    else:
        return False


        
Input text:
Textual context: Idle time cannot be greater than the total operation time.
Driving time must always be less than or equal to the total operation time.
The load supported by axle 1 cannot exceed that of axle 2.
The load supported by axle 1 cannot exceed that of axle 3.
The payload must not exceed the load carried by axle 2.
The payload must not exceed the load carried by axle 3.
The total operation duration must always be greater than or equal to the combined time for PTO, idle, and driving.";"Idle time cannot be greater than the total operation time.
Driving time must always be less than or equal to the total operation time.
The load supported by axle 1 cannot exceed that of axle 2.
The load supported by axle 1 cannot exceed that of axle 3.
The payload must not exceed the load carried by axle 2.
The payload must not exceed the load carried by axle 3.
The total operation duration must always be greater than or equal to the combined time for PTO, idle, and driving.";7;[['idle time', 'total operation time'], ['driving time', 'total operation time'], ['axle 1 load', 'axle 2 load'], ['axle 1 load', 'axle 3 load'], ['payload', 'axle 2 load'], ['payload', 'axle 3 load'], ['total operation time', 'PTO operation time', 'idle time', 'driving time']];Llama-8;"def r1(idle: float, operation: float) -> bool:
    if idle <= operation:
        return True
    else:
        return False

def r2(driving: float, operation: float) -> bool:
    if driving <= operation:
        return True
    else:
        return False

def r3(axle1: float, axle2: float) -> bool:
    if axle1 <= axle2:
        return True
    else:
        return False

def r4(axle1: float, axle3: float) -> bool:
    if axle1 <= axle3:
        return True
    else:
        return False

def r5(payload: float, axle2: float) -> bool:
    if payload <= axle2:
        return True
    else:
        return False

def r6(payload: float, axle3: float) -> bool:
    if payload <= axle3:
        return True
    else:
        return False

def r7(operation: float, pto: float, idle: float, driving: float) -> bool:
    if operation >= pto + idle + driving:
        return True
    else:
        return False

def r8(arg1: float, arg2: float, arg3: float, arg4: float, arg5: float, arg6: float, arg7: float, arg8: float, arg9: float, arg10: float, arg11: float, arg12: float, arg13: float, arg14: float, arg15: float, arg16: float):
    return not(r1(arg1, arg2) and r2(arg3, arg4) and r3(arg5, arg6) and r4(arg7, arg8) and r5(arg9, arg10) and r6(arg11, arg12) and r7(arg13, arg14, arg15, arg16)), r1(arg1, arg2), r2(arg3, arg4), r3(arg5, arg6), r4(arg7, arg8), r5(arg9, arg10), r6(arg11, arg12), r7(arg13, arg14, arg15, arg16)";Correct syntax;['True, True, True, False, False, False, False, True', 'False, True, True, True, True, True, True, True', 'True, False, False, True, True, True, True, False'];['True, True, True, False, False, False, False, True', 'False, True, True, True, True, True, True, True', 'True, False, False, True, True, True, True, False']
"System Message:
You are an agent which task is to correct Python3 code implementing logical rules, generated by another large language model,
so that they throw no runtime errors during program execution and correspond to the logical assumptions expressed in natural language.
To perform this task you will receive a Python3 code with valid syntax, which not correspond to the logical premises and throw runtime errors,
and these logical premises expressed in natural language, which should be translated into rules in Python3 code.
Your task is to return a valid Python3 rules for a given premises, having corrected the runtime errors.
Improvements made should mainly include defining the correct number of arguments for each function according to corresponding premise
and using inside functions the proper variables, previously defined in the function declaration.
Do not make any corrections to the last function.
Please output only a valid Python code only with comments started with #.
Do not add any additional texts, tags and comments.
Be guided by the following examples:

Example 1
# If the parameter C's value is at least 20, the lowest possible value of parameter D is 40.
def r1(c: float, d: float) -> bool:
    if c >= 20 and d / c >= 0.4:
        return True
    else:
        return False

# Parameter W value should be at least the sum of parameter X, parameter Y and parameter Z.
def r2(x: float, y: float, z: float) -> bool:
    if x + y + z >= 0:
        return True
    else:
        return False

# To identify the day as abnormal, it is enough that even one or more conditions are violated.
def r3(arg1: float, arg2: float, arg3: float, arg4: float, arg5: float, arg6: float):
    return not(r1(arg1, arg2) and r2(arg3, arg4, arg5, arg6)), r1(arg1, arg2), r2(arg3, arg4, arg5, arg6)

It is supposed to translate the following example text into rules:
If the parameter C's value is at least 20, the lowest possible value of parameter D is 40.
Parameter W value should be at least the sum of parameter X, parameter Y and parameter Z.

Code after execution returns the following error:
Traceback (most recent call last):
  File ""/home/obywatelfg/Doktorat/Badania/Logic-LLM/LLM-logic/New_val_Adapt_Task2_outputs_python_no_final_rule/Llama-8/2/python_code/2_output_python.py"", line 18, in <module>
    print(r3(2226.8, 2432.3, 0.3, 0.9, 2.7, 1.0))
  File ""/home/obywatelfg/Doktorat/Badania/Logic-LLM/LLM-logic/New_val_Adapt_Task2_outputs_python_no_final_rule/Llama-8/2/python_code/2_output_python.py"", line 16, in r3
    return not(r1(arg1, arg2) and r2(arg3, arg4, arg5, arg6)), r1(arg1, arg2), r2(arg3, arg4, arg5, arg6)
TypeError: r2() takes 3 positional arguments but 4 were given

Please correct the code.

The corrected code should be the following:
# If the parameter C's value is at least 20, the lowest possible value of parameter D is 40.
def r1(c: float, d: float) -> bool:
    if c >= 20 and d / c >= 0.4:
        return True
    else:
        return False

# This function lack of parameter W in a function definition and a body, where logical rule should check the proportion between param W and sum of params x, y, z.
# Parameter W value should be at least the sum of parameter X, parameter Y and parameter Z.
def r2(x: float, y: float, z: float, w: float) -> bool:
    if x + y + z <= w:
        return True
    else:
        return False

# To identify the day as abnormal, it is enough that even one or more conditions are violated.
def r3(arg1: float, arg2: float, arg3: float, arg4: float, arg5: float, arg6: float):
    return not(r1(arg1, arg2) and r2(arg3, arg4, arg5, arg6)), r1(arg1, arg2), r2(arg3, arg4, arg5, arg6)


Example 2
# If the parameter C's value is at least 20, the lowest possible value of parameter D is 40.
def r1(c: float) -> bool:
    if c >= 40 and c >= 0.4:
        return True
    else:
        return False

# Parameter T's value shouldn't be lower than parameter P's value.
def r2(t: float, p: float) -> bool:
    if t >= p:
        return True
    else:
        return False

# To identify the day as abnormal, it is enough that even one or more conditions are violated.
def r3(arg1: float, arg2: float, arg3: float, arg4: float):
    return not(r1(arg1, arg2) and r2(arg3, arg4)), r1(arg1, arg2), r2(arg3, arg4)

It is supposed to translate the following example text into rules:
If the parameter C's value is at least 20, the lowest possible value of parameter D is 40.
Parameter T's value shouldn't be lower than parameter P's value.

Code after execution returns the following error:
Traceback (most recent call last):
  File ""/home/obywatelfg/Doktorat/Badania/Logic-LLM/LLM-logic/New_val_Adapt_Task2_outputs_python_no_final_rule/Llama-8/4/python_code/121_output_python.py"", line 32, in <module>
    print(r5(227.70000000000002, 75.9, 9.5, 1.9, 7203.1, 6652.3, 10268.5, 8400.7))
  File ""/home/obywatelfg/Doktorat/Badania/Logic-LLM/LLM-logic/New_val_Adapt_Task2_outputs_python_no_final_rule/Llama-8/4/python_code/121_output_python.py"", line 30, in r5
    return not(r1(arg1, arg2) and r2(arg3, arg4) and r3(arg5, arg6) and r4(arg7, arg8)), r1(arg1, arg2), r2(arg3, arg4), r3(arg5, arg6), r4(arg7, arg8)
TypeError: r1() takes 1 positional argument but 2 were given

Please correct the code.

The corrected code should be the following:
# If the parameter C's value is at least 20, the lowest possible value of parameter D is 40.
def r1(c: float, d: float) -> bool:
    if d / c >= 2:
        return True
    else:
        return False

# Parameter T's value shouldn't be lower than parameter P's value.
def r2(t: float, p: float) -> bool:
    if t >= p:
        return True
    else:
        return False

# To identify the day as abnormal, it is enough that even one or more conditions are violated.
def r3(arg1: float, arg2: float, arg3: float, arg4: float):
    return not(r1(arg1, arg2) and r2(arg3, arg4)), r1(arg1, arg2), r2(arg3, arg4)


The input for your task:
This is the Python3 code which not correspond to the given logical premises:
def r1(e: float, f: float) -> bool:
    if e <= f:
        return True
    else:
        return False

def r2(g: float, h: float) -> bool:
    if g <= h:
        return True
    else:
        return False

def r3(i: float, j: float) -> bool:
    if i <= j:
        return True
    else:
        return False

def r4(k: float, l: float) -> bool:
    if k <= l:
        return True
    else:
        return False

def r5(m: float, n: float) -> bool:
    if m >= n:
        return True
    else:
        return False

def r6(o: float, p: float) -> bool:
    if o <= p:
        return True
    else:
        return False

def r7(arg1: float, arg2: float, arg3: float, arg4: float, arg5: float, arg6: float, arg7: float, arg8: float, arg9: float, arg10: float, arg11: float, arg12: float, arg13: float, arg14: float):
    return not(r1(arg1, arg2) and r2(arg3, arg4) and r3(arg5, arg6) and r4(arg7, arg8) and r5(arg9, arg10) and r6(arg11, arg12, arg13, arg14)), r1(arg1, arg2), r2(arg3, arg4), r3(arg5, arg6), r4(arg7, arg8), r5(arg9, arg10), r6(arg11, arg12, arg13, arg14)

It is supposed to translate the following text into rules:
Driving time must always be less than or equal to the total operation time.
Stops with PTO engaged cannot outnumber the total stops.
The weight on axle 1 cannot surpass the weight on axle 2.
The load on axle 1 must not surpass the load on axle 3.
Axle 2's load must always be equal to or greater than the payload.
The combined time for PTO operation, idle time, and driving time must not surpass the total operation time.

Code after execution returns the following error:
Traceback (most recent call last):
  File ""/home/frank/Doktorat/ExKLoP/saved_outputs/Task2_syntax_outputs/Llama-8/6/python_code/342_output_python.py"", line 40, in <module>
    print(r7(3.2, 8.6, 110, 171, 3241.2, 3010.4, 4270.1, 2362.5, 7.7, 51.6, 0.3, 1.0, 0.7, 2.1))
  File ""/home/frank/Doktorat/ExKLoP/saved_outputs/Task2_syntax_outputs/Llama-8/6/python_code/342_output_python.py"", line 38, in r7
    return not(r1(arg1, arg2) and r2(arg3, arg4) and r3(arg5, arg6) and r4(arg7, arg8) and r5(arg9, arg10) and r6(arg11, arg12, arg13, arg14)), r1(arg1, arg2), r2(arg3, arg4), r3(arg5, arg6), r4(arg7, arg8), r5(arg9, arg10), r6(arg11, arg12, arg13, arg14)
TypeError: r6() takes 2 positional arguments but 4 were given


Please correct the code.   ";"Driving time must always be less than or equal to the total operation time.
Stops with PTO engaged cannot outnumber the total stops.
The weight on axle 1 cannot surpass the weight on axle 2.
The load on axle 1 must not surpass the load on axle 3.
Axle 2's load must always be equal to or greater than the payload.
The combined time for PTO operation, idle time, and driving time must not surpass the total operation time.";6;[['driving time', 'total operation time'], ['stops with PTO engaged', 'stops'], ['axle 1 load', 'axle 2 load'], ['axle 1 load', 'axle 3 load'], ['axle 2 load', 'payload'], ['PTO operation time', 'idle time', 'driving time', 'total operation time']];Llama-8;"def r1(e: float, f: float) -> bool:
    if e <= f:
        return True
    else:
        return False

def r2(g: float, h: float) -> bool:
    if g <= h:
        return True
    else:
        return False

def r3(i: float, j: float) -> bool:
    if i <= j:
        return True
    else:
        return False

def r4(k: float, l: float) -> bool:
    if k <= l:
        return True
    else:
        return False

def r5(m: float, n: float) -> bool:
    if m >= n:
        return True
    else:
        return False

def r6(o: float, p: float, q: float, r: float) -> bool:
    if o + p + q <= r:
        return True
    else:
        return False

def r7(arg1: float, arg2: float, arg3: float, arg4: float, arg5: float, arg6: float, arg7: float, arg8: float, arg9: float, arg10: float, arg11: float, arg12: float, arg13: float, arg14: float):
    return not(r1(arg1, arg2) and r2(arg3, arg4) and r3(arg5, arg6) and r4(arg7, arg8) and r5(arg9, arg10) and r6(arg11, arg12, arg13, arg14)), r1(arg1, arg2), r2(arg3, arg4), r3(arg5, arg6), r4(arg7, arg8), r5(arg9, arg10), r6(arg11, arg12, arg13, arg14)";Correct syntax;['True, True, True, False, False, False, True', 'False, True, True, True, True, True, True', 'True, False, False, True, True, True, False'];['True, True, True, False, False, False, True', 'False, True, True, True, True, True, True', 'True, False, False, True, True, True, False']
"System Message:
        You are a logician with a background in mathematics that translates natural language
        reasoning text to Python3 code so that these natural language reasoning problems can be solved.
        During the translation, please pay close attention to defining variables and rules.
        Do not add any comments from you.
        Be guided by the following example:
        Example input text:
        Textual context: If the parameter A's value is at least 20, the lowest possible value of parameter B is 5.
If the parameter C's value is at least 20, the lowest possible value of parameter D is 40.
Parameter E's value cannot be less than parameter F's value.
Parameter G's value cannot be less than parameter H's value.
Parameter I's value cannot be less than parameter J's value.
Parameter K's value cannot be less than parameter L's value.
Parameter M's value cannot be greater than parameter N's value.
Parameter O's value cannot be greater than parameter P's value.

        Example Python3 code:
        # If the parameter A's value is at least 20, the lowest possible value of parameter B is 5.
def r1(a: float, b: float) -> bool:
    if b / a >= 0.25:
        return True
    else:
        return False

# If the parameter C's value is at least 20, the lowest possible value of parameter D is 40.
def r2(c: float, d: float) -> bool:
    if d / c >= 2:
        return True
    else:
        return False

# Parameter E's value cannot be less than parameter F's value.
def r3(e: float, f: float) -> bool:
    if e >= f:
        return True
    else:
        return False

# Parameter G's value cannot be less than parameter H's value.
def r4(g: float, h: float) -> bool:
    if g >= h:
        return True
    else:
        return False

# Parameter I's value cannot be less than parameter J's value.
def r5(i: float, j: float) -> bool:
    if i >= j:
        return True
    else:
        return False

# Parameter K's value cannot be less than parameter L's value.
def r6(k: float, l: float) -> bool:
    if k >= l:
        return True
    else:
        return False

# Parameter M's value cannot be greater than parameter N's value.
def r7(m: float, n: float) -> bool:
    if m <= n:
        return True
    else:
        return False

# Parameter O's value cannot be greater than parameter P's value.
def r8(o: float, p: float) -> bool:
    if o <= p:
        return True
    else:
        return False


        
Input text:
Textual context: The total operation duration must not be lower than the PTO operation time.
Idle time must always be less than or equal to the total operation time.
PTO-engaged stops cannot exceed the total number of stops.
The load supported by axle 1 cannot exceed that of axle 3.
The payload must always be smaller than or equal to the load on axle 2.
Axle 3's load must always be equal to or greater than the payload.";"The total operation duration must not be lower than the PTO operation time.
Idle time must always be less than or equal to the total operation time.
PTO-engaged stops cannot exceed the total number of stops.
The load supported by axle 1 cannot exceed that of axle 3.
The payload must always be smaller than or equal to the load on axle 2.
Axle 3's load must always be equal to or greater than the payload.";6;[['total operation time', 'PTO operation time'], ['idle time', 'total operation time'], ['stops with PTO engaged', 'stops'], ['axle 1 load', 'axle 3 load'], ['payload', 'axle 2 load'], ['axle 3 load', 'payload']];Llama-8;"def r1(d: float, e: float) -> bool:
    if d >= e:
        return True
    else:
        return False

def r2(f: float, d: float) -> bool:
    if f <= d:
        return True
    else:
        return False

def r3(g: float, h: float) -> bool:
    if g <= h:
        return True
    else:
        return False

def r4(i: float, j: float) -> bool:
    if i <= j:
        return True
    else:
        return False

def r5(k: float, l: float) -> bool:
    if k <= l:
        return True
    else:
        return False

def r6(m: float, k: float) -> bool:
    if m >= k:
        return True
    else:
        return False

def r7(arg1: float, arg2: float, arg3: float, arg4: float, arg5: float, arg6: float, arg7: float, arg8: float, arg9: float, arg10: float, arg11: float, arg12: float):
    return not(r1(arg1, arg2) and r2(arg3, arg4) and r3(arg5, arg6) and r4(arg7, arg8) and r5(arg9, arg10) and r6(arg11, arg12)), r1(arg1, arg2), r2(arg3, arg4), r3(arg5, arg6), r4(arg7, arg8), r5(arg9, arg10), r6(arg11, arg12)";Correct syntax;['True, True, True, True, False, False, False', 'False, True, True, True, True, True, True', 'True, False, False, False, True, True, True'];['True, True, True, True, False, False, False', 'False, True, True, True, True, True, True', 'True, False, False, False, True, True, True']
"System Message:
        You are a logician with a background in mathematics that translates natural language
        reasoning text to Python3 code so that these natural language reasoning problems can be solved.
        During the translation, please pay close attention to defining variables and rules.
        Do not add any comments from you.
        Be guided by the following example:
        Example input text:
        Textual context: If the parameter A's value is at least 20, the lowest possible value of parameter B is 5.
If the parameter C's value is at least 20, the lowest possible value of parameter D is 40.
Parameter E's value cannot be less than parameter F's value.
Parameter G's value cannot be less than parameter H's value.
Parameter I's value cannot be less than parameter J's value.
Parameter K's value cannot be less than parameter L's value.
Parameter M's value cannot be greater than parameter N's value.
Parameter O's value cannot be greater than parameter P's value.

        Example Python3 code:
        # If the parameter A's value is at least 20, the lowest possible value of parameter B is 5.
def r1(a: float, b: float) -> bool:
    if b / a >= 0.25:
        return True
    else:
        return False

# If the parameter C's value is at least 20, the lowest possible value of parameter D is 40.
def r2(c: float, d: float) -> bool:
    if d / c >= 2:
        return True
    else:
        return False

# Parameter E's value cannot be less than parameter F's value.
def r3(e: float, f: float) -> bool:
    if e >= f:
        return True
    else:
        return False

# Parameter G's value cannot be less than parameter H's value.
def r4(g: float, h: float) -> bool:
    if g >= h:
        return True
    else:
        return False

# Parameter I's value cannot be less than parameter J's value.
def r5(i: float, j: float) -> bool:
    if i >= j:
        return True
    else:
        return False

# Parameter K's value cannot be less than parameter L's value.
def r6(k: float, l: float) -> bool:
    if k >= l:
        return True
    else:
        return False

# Parameter M's value cannot be greater than parameter N's value.
def r7(m: float, n: float) -> bool:
    if m <= n:
        return True
    else:
        return False

# Parameter O's value cannot be greater than parameter P's value.
def r8(o: float, p: float) -> bool:
    if o <= p:
        return True
    else:
        return False


        
Input text:
Textual context: PTO operation time must be less than or equal to the total operation time.
Idle time should be less than or equal to the total operation time.
Driving time should be less than or equal to the total operation time.
PTO-engaged stops cannot exceed the total number of stops.
The weight on axle 1 cannot surpass the weight on axle 2.
The load carried by axle 1 must be smaller than or equal to the load on axle 3.
The payload must not exceed the load carried by axle 2.";"PTO operation time must be less than or equal to the total operation time.
Idle time should be less than or equal to the total operation time.
Driving time should be less than or equal to the total operation time.
PTO-engaged stops cannot exceed the total number of stops.
The weight on axle 1 cannot surpass the weight on axle 2.
The load carried by axle 1 must be smaller than or equal to the load on axle 3.
The payload must not exceed the load carried by axle 2.";7;[['PTO operation time', 'total operation time'], ['idle time', 'total operation time'], ['driving time', 'total operation time'], ['stops with PTO engaged', 'stops'], ['axle 1 load', 'axle 2 load'], ['axle 1 load', 'axle 3 load'], ['payload', 'axle 2 load']];Llama-8;"def r1(pto_time: float, total_time: float) -> bool:
    if pto_time <= total_time:
        return True
    else:
        return False

def r2(idle_time: float, total_time: float) -> bool:
    if idle_time <= total_time:
        return True
    else:
        return False

def r3(driving_time: float, total_time: float) -> bool:
    if driving_time <= total_time:
        return True
    else:
        return False

def r4(pto_stops: int, total_stops: int) -> bool:
    if pto_stops <= total_stops:
        return True
    else:
        return False

def r5(axle1_weight: float, axle2_weight: float) -> bool:
    if axle1_weight <= axle2_weight:
        return True
    else:
        return False

def r6(axle1_load: float, axle3_load: float) -> bool:
    if axle1_load <= axle3_load:
        return True
    else:
        return False

def r7(payload: float, axle2_load: float) -> bool:
    if payload <= axle2_load:
        return True
    else:
        return False

def r8(arg1: float, arg2: float, arg3: float, arg4: float, arg5: float, arg6: float, arg7: float, arg8: float, arg9: float, arg10: float, arg11: float, arg12: float, arg13: float, arg14: float):
    return not(r1(arg1, arg2) and r2(arg3, arg4) and r3(arg5, arg6) and r4(arg7, arg8) and r5(arg9, arg10) and r6(arg11, arg12) and r7(arg13, arg14)), r1(arg1, arg2), r2(arg3, arg4), r3(arg5, arg6), r4(arg7, arg8), r5(arg9, arg10), r6(arg11, arg12), r7(arg13, arg14)";Correct syntax;['True, True, True, True, True, False, False, False', 'False, True, True, True, True, True, True, True', 'True, False, False, False, False, True, True, True'];['True, True, True, True, True, False, False, False', 'False, True, True, True, True, True, True, True', 'True, False, False, False, False, True, True, True']
"System Message:
        You are a logician with a background in mathematics that translates natural language
        reasoning text to Python3 code so that these natural language reasoning problems can be solved.
        During the translation, please pay close attention to defining variables and rules.
        Do not add any comments from you.
        Be guided by the following example:
        Example input text:
        Textual context: If the parameter A's value is at least 20, the lowest possible value of parameter B is 5.
If the parameter C's value is at least 20, the lowest possible value of parameter D is 40.
Parameter E's value cannot be less than parameter F's value.
Parameter G's value cannot be less than parameter H's value.
Parameter I's value cannot be less than parameter J's value.
Parameter K's value cannot be less than parameter L's value.
Parameter M's value cannot be greater than parameter N's value.
Parameter O's value cannot be greater than parameter P's value.

        Example Python3 code:
        # If the parameter A's value is at least 20, the lowest possible value of parameter B is 5.
def r1(a: float, b: float) -> bool:
    if b / a >= 0.25:
        return True
    else:
        return False

# If the parameter C's value is at least 20, the lowest possible value of parameter D is 40.
def r2(c: float, d: float) -> bool:
    if d / c >= 2:
        return True
    else:
        return False

# Parameter E's value cannot be less than parameter F's value.
def r3(e: float, f: float) -> bool:
    if e >= f:
        return True
    else:
        return False

# Parameter G's value cannot be less than parameter H's value.
def r4(g: float, h: float) -> bool:
    if g >= h:
        return True
    else:
        return False

# Parameter I's value cannot be less than parameter J's value.
def r5(i: float, j: float) -> bool:
    if i >= j:
        return True
    else:
        return False

# Parameter K's value cannot be less than parameter L's value.
def r6(k: float, l: float) -> bool:
    if k >= l:
        return True
    else:
        return False

# Parameter M's value cannot be greater than parameter N's value.
def r7(m: float, n: float) -> bool:
    if m <= n:
        return True
    else:
        return False

# Parameter O's value cannot be greater than parameter P's value.
def r8(o: float, p: float) -> bool:
    if o <= p:
        return True
    else:
        return False


        
Input text:
Textual context: PTO operation time must be less than or equal to the total operation time.
Idle time cannot be greater than the total operation time.
The total operation durationmust not be lower than the driving time.
The load on axle 1 must not surpass the load on axle 2.
The load on axle 1 must not surpass the load on axle 3.
Payload must remain below or equal to the load carried by axle 2.";"PTO operation time must be less than or equal to the total operation time.
Idle time cannot be greater than the total operation time.
The total operation durationmust not be lower than the driving time.
The load on axle 1 must not surpass the load on axle 2.
The load on axle 1 must not surpass the load on axle 3.
Payload must remain below or equal to the load carried by axle 2.";6;[['PTO operation time', 'total operation time'], ['idle time', 'total operation time'], ['total operation time', 'driving time'], ['axle 1 load', 'axle 2 load'], ['axle 1 load', 'axle 3 load'], ['payload', 'axle 2 load']];Llama-8;"def r1(pto_operation_time: float, total_operation_time: float) -> bool:
    if pto_operation_time > total_operation_time:
        return False
    else:
        return True

def r2(idle_time: float, total_operation_time: float) -> bool:
    if idle_time > total_operation_time:
        return False
    else:
        return True

def r3(total_operation_time: float, driving_time: float) -> bool:
    if total_operation_time < driving_time:
        return False
    else:
        return True

def r4(load_axle1: float, load_axle2: float) -> bool:
    if load_axle1 > load_axle2:
        return False
    else:
        return True

def r5(load_axle1: float, load_axle3: float) -> bool:
    if load_axle1 > load_axle3:
        return False
    else:
        return True

def r6(payload: float, load_axle2: float) -> bool:
    if payload > load_axle2:
        return False
    else:
        return True

def r7(arg1: float, arg2: float, arg3: float, arg4: float, arg5: float, arg6: float, arg7: float, arg8: float, arg9: float, arg10: float, arg11: float, arg12: float):
    return not(r1(arg1, arg2) and r2(arg3, arg4) and r3(arg5, arg6) and r4(arg7, arg8) and r5(arg9, arg10) and r6(arg11, arg12)), r1(arg1, arg2), r2(arg3, arg4), r3(arg5, arg6), r4(arg7, arg8), r5(arg9, arg10), r6(arg11, arg12)";Correct syntax;['True, True, True, True, False, False, False', 'False, True, True, True, True, True, True', 'True, False, False, False, True, True, True'];['True, True, True, True, False, False, False', 'False, True, True, True, True, True, True', 'True, False, False, False, True, True, True']
"System Message:
        You are a logician with a background in mathematics that translates natural language
        reasoning text to Python3 code so that these natural language reasoning problems can be solved.
        During the translation, please pay close attention to defining variables and rules.
        Do not add any comments from you.
        Be guided by the following example:
        Example input text:
        Textual context: If the parameter A's value is at least 20, the lowest possible value of parameter B is 5.
If the parameter C's value is at least 20, the lowest possible value of parameter D is 40.
Parameter E's value cannot be less than parameter F's value.
Parameter G's value cannot be less than parameter H's value.
Parameter I's value cannot be less than parameter J's value.
Parameter K's value cannot be less than parameter L's value.
Parameter M's value cannot be greater than parameter N's value.
Parameter O's value cannot be greater than parameter P's value.

        Example Python3 code:
        # If the parameter A's value is at least 20, the lowest possible value of parameter B is 5.
def r1(a: float, b: float) -> bool:
    if b / a >= 0.25:
        return True
    else:
        return False

# If the parameter C's value is at least 20, the lowest possible value of parameter D is 40.
def r2(c: float, d: float) -> bool:
    if d / c >= 2:
        return True
    else:
        return False

# Parameter E's value cannot be less than parameter F's value.
def r3(e: float, f: float) -> bool:
    if e >= f:
        return True
    else:
        return False

# Parameter G's value cannot be less than parameter H's value.
def r4(g: float, h: float) -> bool:
    if g >= h:
        return True
    else:
        return False

# Parameter I's value cannot be less than parameter J's value.
def r5(i: float, j: float) -> bool:
    if i >= j:
        return True
    else:
        return False

# Parameter K's value cannot be less than parameter L's value.
def r6(k: float, l: float) -> bool:
    if k >= l:
        return True
    else:
        return False

# Parameter M's value cannot be greater than parameter N's value.
def r7(m: float, n: float) -> bool:
    if m <= n:
        return True
    else:
        return False

# Parameter O's value cannot be greater than parameter P's value.
def r8(o: float, p: float) -> bool:
    if o <= p:
        return True
    else:
        return False


        
Input text:
Textual context: PTO operation time cannot be greater than the total operation time.
Total operation time shouldn’t be lower than idle time.
Total operation time should shouldn’t be lower than driving time.
Stops with PTO engaged should never outnumber total stops.
Axle 1's load cannot exceed Axle 2's load.
The payload must always be smaller than or equal to the load on axle 2.
The payload must always be smaller than or equal to the load on axle 3.";"PTO operation time cannot be greater than the total operation time.
Total operation time shouldn’t be lower than idle time.
Total operation time should shouldn’t be lower than driving time.
Stops with PTO engaged should never outnumber total stops.
Axle 1's load cannot exceed Axle 2's load.
The payload must always be smaller than or equal to the load on axle 2.
The payload must always be smaller than or equal to the load on axle 3.";7;[['PTO operation time', 'total operation time'], ['total operation time', 'idle time'], ['total operation time', 'driving time'], ['stops with PTO engaged', 'stops'], ['axle 1 load', 'axle 2 load'], ['payload', 'axle 2 load'], ['payload', 'axle 3 load']];Llama-8;"def r1(pto_time: float, total_time: float) -> bool:
    if pto_time > total_time:
        return False
    else:
        return True

def r2(total_time: float, idle_time: float) -> bool:
    if total_time < idle_time:
        return False
    else:
        return True

def r3(total_time: float, driving_time: float) -> bool:
    if total_time < driving_time:
        return False
    else:
        return True

def r4(pto_stops: int, total_stops: int) -> bool:
    if pto_stops >= total_stops:
        return False
    else:
        return True

def r5(axle1_load: float, axle2_load: float) -> bool:
    if axle1_load > axle2_load:
        return False
    else:
        return True

def r6(payload: float, axle2_load: float) -> bool:
    if payload > axle2_load:
        return False
    else:
        return True

def r7(payload: float, axle3_load: float) -> bool:
    if payload > axle3_load:
        return False
    else:
        return True

def r8(arg1: float, arg2: float, arg3: float, arg4: float, arg5: float, arg6: float, arg7: float, arg8: float, arg9: float, arg10: float, arg11: float, arg12: float, arg13: float, arg14: float):
    return not(r1(arg1, arg2) and r2(arg3, arg4) and r3(arg5, arg6) and r4(arg7, arg8) and r5(arg9, arg10) and r6(arg11, arg12) and r7(arg13, arg14)), r1(arg1, arg2), r2(arg3, arg4), r3(arg5, arg6), r4(arg7, arg8), r5(arg9, arg10), r6(arg11, arg12), r7(arg13, arg14)";Correct syntax;['True, True, True, True, True, False, False, False', 'False, True, True, True, True, True, True, True', 'True, False, False, False, False, True, True, True'];['True, True, True, True, True, False, False, False', 'True, True, True, True, False, True, True, True', 'True, False, False, False, False, True, True, True']
"System Message:
        You are a logician with a background in mathematics that translates natural language
        reasoning text to Python3 code so that these natural language reasoning problems can be solved.
        During the translation, please pay close attention to defining variables and rules.
        Do not add any comments from you.
        Be guided by the following example:
        Example input text:
        Textual context: If the parameter A's value is at least 20, the lowest possible value of parameter B is 5.
If the parameter C's value is at least 20, the lowest possible value of parameter D is 40.
Parameter E's value cannot be less than parameter F's value.
Parameter G's value cannot be less than parameter H's value.
Parameter I's value cannot be less than parameter J's value.
Parameter K's value cannot be less than parameter L's value.
Parameter M's value cannot be greater than parameter N's value.
Parameter O's value cannot be greater than parameter P's value.

        Example Python3 code:
        # If the parameter A's value is at least 20, the lowest possible value of parameter B is 5.
def r1(a: float, b: float) -> bool:
    if b / a >= 0.25:
        return True
    else:
        return False

# If the parameter C's value is at least 20, the lowest possible value of parameter D is 40.
def r2(c: float, d: float) -> bool:
    if d / c >= 2:
        return True
    else:
        return False

# Parameter E's value cannot be less than parameter F's value.
def r3(e: float, f: float) -> bool:
    if e >= f:
        return True
    else:
        return False

# Parameter G's value cannot be less than parameter H's value.
def r4(g: float, h: float) -> bool:
    if g >= h:
        return True
    else:
        return False

# Parameter I's value cannot be less than parameter J's value.
def r5(i: float, j: float) -> bool:
    if i >= j:
        return True
    else:
        return False

# Parameter K's value cannot be less than parameter L's value.
def r6(k: float, l: float) -> bool:
    if k >= l:
        return True
    else:
        return False

# Parameter M's value cannot be greater than parameter N's value.
def r7(m: float, n: float) -> bool:
    if m <= n:
        return True
    else:
        return False

# Parameter O's value cannot be greater than parameter P's value.
def r8(o: float, p: float) -> bool:
    if o <= p:
        return True
    else:
        return False


        
Input text:
Textual context: The total operation duration must not be lower than the idle time.
Driving time must always be less than or equal to the total operation time.
PTO-engaged stops cannot exceed the total number of stops.
Axle 1's load cannot exceed Axle 3's load.
Payload must remain below or equal to the load carried by axle 2.
Payload must remain below or equal to the load carried by axle 3.
Total operation time should be at least the sum of PTO, idle, and driving times.";"The total operation duration must not be lower than the idle time.
Driving time must always be less than or equal to the total operation time.
PTO-engaged stops cannot exceed the total number of stops.
Axle 1's load cannot exceed Axle 3's load.
Payload must remain below or equal to the load carried by axle 2.
Payload must remain below or equal to the load carried by axle 3.
Total operation time should be at least the sum of PTO, idle, and driving times.";7;[['total operation time', 'idle time'], ['driving time', 'total operation time'], ['stops with PTO engaged', 'stops'], ['axle 1 load', 'axle 3 load'], ['payload', 'axle 2 load'], ['payload', 'axle 3 load'], ['total operation time', 'PTO operation time', 'idle time', 'driving time']];Llama-8;"def r1(total_time: float, idle_time: float) -> bool:
    if total_time >= idle_time:
        return True
    else:
        return False

def r2(driving_time: float, total_time: float) -> bool:
    if driving_time <= total_time:
        return True
    else:
        return False

def r3(pto_stops: float, total_stops: float) -> bool:
    if pto_stops <= total_stops:
        return True
    else:
        return False

def r4(axle1_load: float, axle3_load: float) -> bool:
    if axle1_load <= axle3_load:
        return True
    else:
        return False

def r5(payload: float, axle2_load: float) -> bool:
    if payload <= axle2_load:
        return True
    else:
        return False

def r6(payload: float, axle3_load: float) -> bool:
    if payload <= axle3_load:
        return True
    else:
        return False

def r7(total_time: float, pto_time: float, idle_time: float, driving_time: float) -> bool:
    if total_time >= pto_time + idle_time + driving_time:
        return True
    else:
        return False

def r8(arg1: float, arg2: float, arg3: float, arg4: float, arg5: float, arg6: float, arg7: float, arg8: float, arg9: float, arg10: float, arg11: float, arg12: float, arg13: float, arg14: float, arg15: float, arg16: float):
    return not(r1(arg1, arg2) and r2(arg3, arg4) and r3(arg5, arg6) and r4(arg7, arg8) and r5(arg9, arg10) and r6(arg11, arg12) and r7(arg13, arg14, arg15, arg16)), r1(arg1, arg2), r2(arg3, arg4), r3(arg5, arg6), r4(arg7, arg8), r5(arg9, arg10), r6(arg11, arg12), r7(arg13, arg14, arg15, arg16)";Correct syntax;['True, True, True, True, False, False, False, True', 'False, True, True, True, True, True, True, True', 'True, False, False, False, True, True, True, False'];['True, True, True, True, False, False, False, True', 'False, True, True, True, True, True, True, True', 'True, False, False, False, True, True, True, False']
"System Message:
        You are a logician with a background in mathematics that translates natural language
        reasoning text to Python3 code so that these natural language reasoning problems can be solved.
        During the translation, please pay close attention to defining variables and rules.
        Do not add any comments from you.
        Be guided by the following example:
        Example input text:
        Textual context: If the parameter A's value is at least 20, the lowest possible value of parameter B is 5.
If the parameter C's value is at least 20, the lowest possible value of parameter D is 40.
Parameter E's value cannot be less than parameter F's value.
Parameter G's value cannot be less than parameter H's value.
Parameter I's value cannot be less than parameter J's value.
Parameter K's value cannot be less than parameter L's value.
Parameter M's value cannot be greater than parameter N's value.
Parameter O's value cannot be greater than parameter P's value.

        Example Python3 code:
        # If the parameter A's value is at least 20, the lowest possible value of parameter B is 5.
def r1(a: float, b: float) -> bool:
    if b / a >= 0.25:
        return True
    else:
        return False

# If the parameter C's value is at least 20, the lowest possible value of parameter D is 40.
def r2(c: float, d: float) -> bool:
    if d / c >= 2:
        return True
    else:
        return False

# Parameter E's value cannot be less than parameter F's value.
def r3(e: float, f: float) -> bool:
    if e >= f:
        return True
    else:
        return False

# Parameter G's value cannot be less than parameter H's value.
def r4(g: float, h: float) -> bool:
    if g >= h:
        return True
    else:
        return False

# Parameter I's value cannot be less than parameter J's value.
def r5(i: float, j: float) -> bool:
    if i >= j:
        return True
    else:
        return False

# Parameter K's value cannot be less than parameter L's value.
def r6(k: float, l: float) -> bool:
    if k >= l:
        return True
    else:
        return False

# Parameter M's value cannot be greater than parameter N's value.
def r7(m: float, n: float) -> bool:
    if m <= n:
        return True
    else:
        return False

# Parameter O's value cannot be greater than parameter P's value.
def r8(o: float, p: float) -> bool:
    if o <= p:
        return True
    else:
        return False


        
Input text:
Textual context: Idle time cannot be greater than the total operation time.
Total operation time should shouldn’t be lower than driving time.
Stops with PTO engaged cannot outnumber the total stops.
The weight on axle 1 cannot surpass the weight on axle 2.
Axle 1's load cannot exceed Axle 3's load.
Axle 3's load must always be equal to or greater than the payload.
Total operation time should be at least the sum of PTO, idle, and driving times.";"Idle time cannot be greater than the total operation time.
Total operation time should shouldn’t be lower than driving time.
Stops with PTO engaged cannot outnumber the total stops.
The weight on axle 1 cannot surpass the weight on axle 2.
Axle 1's load cannot exceed Axle 3's load.
Axle 3's load must always be equal to or greater than the payload.
Total operation time should be at least the sum of PTO, idle, and driving times.";7;[['idle time', 'total operation time'], ['total operation time', 'driving time'], ['stops with PTO engaged', 'stops'], ['axle 1 load', 'axle 2 load'], ['axle 1 load', 'axle 3 load'], ['axle 3 load', 'payload'], ['total operation time', 'PTO operation time', 'idle time', 'driving time']];Llama-8;"def r1(idle: float, operation: float) -> bool:
    if idle <= operation:
        return True
    else:
        return False

def r2(operation: float, driving: float) -> bool:
    if operation >= driving:
        return True
    else:
        return False

def r3(pto_stops: float, total_stops: float) -> bool:
    if pto_stops <= total_stops:
        return True
    else:
        return False

def r4(axle1: float, axle2: float) -> bool:
    if axle1 <= axle2:
        return True
    else:
        return False

def r5(axle1: float, axle3: float) -> bool:
    if axle1 <= axle3:
        return True
    else:
        return False

def r6(axle3: float, payload: float) -> bool:
    if axle3 >= payload:
        return True
    else:
        return False

def r7(operation: float, pto: float, idle: float, driving: float) -> bool:
    if operation >= pto + idle + driving:
        return True
    else:
        return False

def r8(arg1: float, arg2: float, arg3: float, arg4: float, arg5: float, arg6: float, arg7: float, arg8: float, arg9: float, arg10: float, arg11: float, arg12: float, arg13: float, arg14: float, arg15: float, arg16: float):
    return not(r1(arg1, arg2) and r2(arg3, arg4) and r3(arg5, arg6) and r4(arg7, arg8) and r5(arg9, arg10) and r6(arg11, arg12) and r7(arg13, arg14, arg15, arg16)), r1(arg1, arg2), r2(arg3, arg4), r3(arg5, arg6), r4(arg7, arg8), r5(arg9, arg10), r6(arg11, arg12), r7(arg13, arg14, arg15, arg16)";Correct syntax;['True, True, True, True, False, False, False, True', 'False, True, True, True, True, True, True, True', 'True, False, False, False, True, True, True, False'];['True, True, True, True, False, False, False, True', 'False, True, True, True, True, True, True, True', 'True, False, False, False, True, True, True, False']
"System Message:
        You are a logician with a background in mathematics that translates natural language
        reasoning text to Python3 code so that these natural language reasoning problems can be solved.
        During the translation, please pay close attention to defining variables and rules.
        Do not add any comments from you.
        Be guided by the following example:
        Example input text:
        Textual context: If the parameter A's value is at least 20, the lowest possible value of parameter B is 5.
If the parameter C's value is at least 20, the lowest possible value of parameter D is 40.
Parameter E's value cannot be less than parameter F's value.
Parameter G's value cannot be less than parameter H's value.
Parameter I's value cannot be less than parameter J's value.
Parameter K's value cannot be less than parameter L's value.
Parameter M's value cannot be greater than parameter N's value.
Parameter O's value cannot be greater than parameter P's value.
Parameter R's value cannot be greater than parameter S's value.

        Example Python3 code:
        # If the parameter A's value is at least 20, the lowest possible value of parameter B is 5.
def r1(a: float, b: float) -> bool:
    if b / a >= 0.25:
        return True
    else:
        return False

# If the parameter C's value is at least 20, the lowest possible value of parameter D is 40.
def r2(c: float, d: float) -> bool:
    if d / c >= 2:
        return True
    else:
        return False

# Parameter E's value cannot be less than parameter F's value.
def r3(e: float, f: float) -> bool:
    if e >= f:
        return True
    else:
        return False

# Parameter G's value cannot be less than parameter H's value.
def r4(g: float, h: float) -> bool:
    if g >= h:
        return True
    else:
        return False

# Parameter I's value cannot be less than parameter J's value.
def r5(i: float, j: float) -> bool:
    if i >= j:
        return True
    else:
        return False

# Parameter K's value cannot be less than parameter L's value.
def r6(k: float, l: float) -> bool:
    if k >= l:
        return True
    else:
        return False

# Parameter M's value cannot be greater than parameter N's value.
def r7(m: float, n: float) -> bool:
    if m <= n:
        return True
    else:
        return False

# Parameter O's value cannot be greater than parameter P's value.
def r8(o: float, p: float) -> bool:
    if o <= p:
        return True
    else:
        return False

# Parameter R's value cannot be greater than parameter S's value.
def r9(r: float, s: float) -> bool:
    if r <= s:
        return True
    else:
        return False


        
Input text:
Textual context: Total operation time shouldn’t be lower than PTO operation time.
The total operation duration must not be lower than the idle time.
Driving time must always be less than or equal to the total operation time.
The load on axle 1 must not surpass the load on axle 3.
The payload must not exceed the load carried by axle 2.
The payload must always be smaller than or equal to the load on axle 3.
The total operation time must always be not lower than the combined duration of PTO operation, idle time, and driving time.";"Total operation time shouldn’t be lower than PTO operation time.
The total operation duration must not be lower than the idle time.
Driving time must always be less than or equal to the total operation time.
The load on axle 1 must not surpass the load on axle 3.
The payload must not exceed the load carried by axle 2.
The payload must always be smaller than or equal to the load on axle 3.
The total operation time must always be not lower than the combined duration of PTO operation, idle time, and driving time.";7;[['total operation time', 'PTO operation time'], ['total operation time', 'idle time'], ['driving time', 'total operation time'], ['axle 1 load', 'axle 3 load'], ['payload', 'axle 2 load'], ['payload', 'axle 3 load'], ['total operation time', 'PTO operation time', 'idle time', 'driving time']];Llama-8;"def r1(total_time: float, pto_time: float) -> bool:
    if total_time >= pto_time:
        return True
    else:
        return False

def r2(total_time: float, idle_time: float) -> bool:
    if total_time >= idle_time:
        return True
    else:
        return False

def r3(driving_time: float, total_time: float) -> bool:
    if driving_time <= total_time:
        return True
    else:
        return False

def r4(axle1: float, axle3: float) -> bool:
    if axle1 <= axle3:
        return True
    else:
        return False

def r5(payload: float, axle2: float) -> bool:
    if payload <= axle2:
        return True
    else:
        return False

def r6(payload: float, axle3: float) -> bool:
    if payload <= axle3:
        return True
    else:
        return False

def r7(total_time: float, pto_time: float, idle_time: float, driving_time: float) -> bool:
    if total_time >= pto_time + idle_time + driving_time:
        return True
    else:
        return False

def r8(arg1: float, arg2: float, arg3: float, arg4: float, arg5: float, arg6: float, arg7: float, arg8: float, arg9: float, arg10: float, arg11: float, arg12: float, arg13: float, arg14: float, arg15: float, arg16: float):
    return not(r1(arg1, arg2) and r2(arg3, arg4) and r3(arg5, arg6) and r4(arg7, arg8) and r5(arg9, arg10) and r6(arg11, arg12) and r7(arg13, arg14, arg15, arg16)), r1(arg1, arg2), r2(arg3, arg4), r3(arg5, arg6), r4(arg7, arg8), r5(arg9, arg10), r6(arg11, arg12), r7(arg13, arg14, arg15, arg16)";Correct syntax;['True, True, True, True, False, False, False, True', 'False, True, True, True, True, True, True, True', 'True, False, False, False, True, True, True, False'];['True, True, True, True, False, False, False, True', 'False, True, True, True, True, True, True, True', 'True, False, False, False, True, True, True, False']
"System Message:
        You are a logician with a background in mathematics that translates natural language
        reasoning text to Python3 code so that these natural language reasoning problems can be solved.
        During the translation, please pay close attention to defining variables and rules.
        Do not add any comments from you.
        Be guided by the following example:
        Example input text:
        Textual context: If the parameter A's value is at least 20, the lowest possible value of parameter B is 5.
If the parameter C's value is at least 20, the lowest possible value of parameter D is 40.
Parameter E's value cannot be less than parameter F's value.
Parameter G's value cannot be less than parameter H's value.
Parameter I's value cannot be less than parameter J's value.
Parameter K's value cannot be less than parameter L's value.
Parameter M's value cannot be greater than parameter N's value.
Parameter O's value cannot be greater than parameter P's value.
Parameter R's value cannot be greater than parameter S's value.

        Example Python3 code:
        # If the parameter A's value is at least 20, the lowest possible value of parameter B is 5.
def r1(a: float, b: float) -> bool:
    if b / a >= 0.25:
        return True
    else:
        return False

# If the parameter C's value is at least 20, the lowest possible value of parameter D is 40.
def r2(c: float, d: float) -> bool:
    if d / c >= 2:
        return True
    else:
        return False

# Parameter E's value cannot be less than parameter F's value.
def r3(e: float, f: float) -> bool:
    if e >= f:
        return True
    else:
        return False

# Parameter G's value cannot be less than parameter H's value.
def r4(g: float, h: float) -> bool:
    if g >= h:
        return True
    else:
        return False

# Parameter I's value cannot be less than parameter J's value.
def r5(i: float, j: float) -> bool:
    if i >= j:
        return True
    else:
        return False

# Parameter K's value cannot be less than parameter L's value.
def r6(k: float, l: float) -> bool:
    if k >= l:
        return True
    else:
        return False

# Parameter M's value cannot be greater than parameter N's value.
def r7(m: float, n: float) -> bool:
    if m <= n:
        return True
    else:
        return False

# Parameter O's value cannot be greater than parameter P's value.
def r8(o: float, p: float) -> bool:
    if o <= p:
        return True
    else:
        return False

# Parameter R's value cannot be greater than parameter S's value.
def r9(r: float, s: float) -> bool:
    if r <= s:
        return True
    else:
        return False


        
Input text:
Textual context: PTO operation time cannot be greater than the total operation time.
The total operation duration must not be lower than the idle time.
Driving time cannot be greater than the total operation time.
The load supported by axle 1 cannot exceed that of axle 2.
The load on axle 1 must not surpass the load on axle 3.
Axle 2's load must always be equal to or greater than the payload.
Payload must remain below or equal to the load carried by axle 3.
The total operation duration must always be greater than or equal to the combined time for PTO, idle, and driving.";"PTO operation time cannot be greater than the total operation time.
The total operation duration must not be lower than the idle time.
Driving time cannot be greater than the total operation time.
The load supported by axle 1 cannot exceed that of axle 2.
The load on axle 1 must not surpass the load on axle 3.
Axle 2's load must always be equal to or greater than the payload.
Payload must remain below or equal to the load carried by axle 3.
The total operation duration must always be greater than or equal to the combined time for PTO, idle, and driving.";8;[['PTO operation time', 'total operation time'], ['total operation time', 'idle time'], ['driving time', 'total operation time'], ['axle 1 load', 'axle 2 load'], ['axle 1 load', 'axle 3 load'], ['axle 2 load', 'payload'], ['payload', 'axle 3 load'], ['total operation time', 'PTO operation time', 'idle time', 'driving time']];Llama-8;"def r1(pto: float, tot: float) -> bool:
    if pto <= tot:
        return True
    else:
        return False

def r2(tot: float, idle: float) -> bool:
    if tot >= idle:
        return True
    else:
        return False

def r3(drive: float, tot: float) -> bool:
    if drive <= tot:
        return True
    else:
        return False

def r4(axle1: float, axle2: float) -> bool:
    if axle1 <= axle2:
        return True
    else:
        return False

def r5(axle1: float, axle3: float) -> bool:
    if axle1 <= axle3:
        return True
    else:
        return False

def r6(axle2: float, payload: float) -> bool:
    if axle2 >= payload:
        return True
    else:
        return False

def r7(payload: float, axle3: float) -> bool:
    if payload <= axle3:
        return True
    else:
        return False

def r8(tot: float, pto: float, idle: float, drive: float) -> bool:
    if tot >= pto + idle + drive:
        return True
    else:
        return False

def r9(arg1: float, arg2: float, arg3: float, arg4: float, arg5: float, arg6: float, arg7: float, arg8: float, arg9: float, arg10: float, arg11: float, arg12: float, arg13: float, arg14: float, arg15: float, arg16: float, arg17: float, arg18: float):
    return not(r1(arg1, arg2) and r2(arg3, arg4) and r3(arg5, arg6) and r4(arg7, arg8) and r5(arg9, arg10) and r6(arg11, arg12) and r7(arg13, arg14) and r8(arg15, arg16, arg17, arg18)), r1(arg1, arg2), r2(arg3, arg4), r3(arg5, arg6), r4(arg7, arg8), r5(arg9, arg10), r6(arg11, arg12), r7(arg13, arg14), r8(arg15, arg16, arg17, arg18)";Correct syntax;['True, True, True, True, False, False, False, False, True', 'False, True, True, True, True, True, True, True, True', 'True, False, False, False, True, True, True, True, False'];['True, True, True, True, False, False, False, False, True', 'False, True, True, True, True, True, True, True, True', 'True, False, False, False, True, True, True, True, False']
"System Message:
        You are a logician with a background in mathematics that translates natural language
        reasoning text to Python3 code so that these natural language reasoning problems can be solved.
        During the translation, please pay close attention to defining variables and rules.
        Do not add any comments from you.
        Be guided by the following example:
        Example input text:
        Textual context: If the parameter A's value is at least 20, the lowest possible value of parameter B is 5.
If the parameter C's value is at least 20, the lowest possible value of parameter D is 40.
Parameter E's value cannot be less than parameter F's value.
Parameter G's value cannot be less than parameter H's value.
Parameter I's value cannot be less than parameter J's value.
Parameter K's value cannot be less than parameter L's value.
Parameter M's value cannot be greater than parameter N's value.
Parameter O's value cannot be greater than parameter P's value.
Parameter R's value cannot be greater than parameter S's value.

        Example Python3 code:
        # If the parameter A's value is at least 20, the lowest possible value of parameter B is 5.
def r1(a: float, b: float) -> bool:
    if b / a >= 0.25:
        return True
    else:
        return False

# If the parameter C's value is at least 20, the lowest possible value of parameter D is 40.
def r2(c: float, d: float) -> bool:
    if d / c >= 2:
        return True
    else:
        return False

# Parameter E's value cannot be less than parameter F's value.
def r3(e: float, f: float) -> bool:
    if e >= f:
        return True
    else:
        return False

# Parameter G's value cannot be less than parameter H's value.
def r4(g: float, h: float) -> bool:
    if g >= h:
        return True
    else:
        return False

# Parameter I's value cannot be less than parameter J's value.
def r5(i: float, j: float) -> bool:
    if i >= j:
        return True
    else:
        return False

# Parameter K's value cannot be less than parameter L's value.
def r6(k: float, l: float) -> bool:
    if k >= l:
        return True
    else:
        return False

# Parameter M's value cannot be greater than parameter N's value.
def r7(m: float, n: float) -> bool:
    if m <= n:
        return True
    else:
        return False

# Parameter O's value cannot be greater than parameter P's value.
def r8(o: float, p: float) -> bool:
    if o <= p:
        return True
    else:
        return False

# Parameter R's value cannot be greater than parameter S's value.
def r9(r: float, s: float) -> bool:
    if r <= s:
        return True
    else:
        return False


        
Input text:
Textual context: The total operation duration must not be lower than the PTO operation time.
Idle time should be less than or equal to the total operation time.
The number of stops where PTO is engaged must not exceed the overall stop count.
The weight on axle 1 cannot surpass the weight on axle 2.
Axle 1's load cannot exceed Axle 3's load.
Payload must remain below or equal to the load carried by axle 3.
The total operation duration must always be greater than or equal to the combined time for PTO, idle, and driving.";"The total operation duration must not be lower than the PTO operation time.
Idle time should be less than or equal to the total operation time.
The number of stops where PTO is engaged must not exceed the overall stop count.
The weight on axle 1 cannot surpass the weight on axle 2.
Axle 1's load cannot exceed Axle 3's load.
Payload must remain below or equal to the load carried by axle 3.
The total operation duration must always be greater than or equal to the combined time for PTO, idle, and driving.";7;[['total operation time', 'PTO operation time'], ['idle time', 'total operation time'], ['stops with PTO engaged', 'stops'], ['axle 1 load', 'axle 2 load'], ['axle 1 load', 'axle 3 load'], ['payload', 'axle 3 load'], ['total operation time', 'PTO operation time', 'idle time', 'driving time']];Llama-8;"def r1(total_operation_time: float, pto_operation_time: float) -> bool:
    if total_operation_time >= pto_operation_time:
        return True
    else:
        return False

def r2(idle_time: float, total_operation_time: float) -> bool:
    if idle_time <= total_operation_time:
        return True
    else:
        return False

def r3(pto_stops: int, overall_stops: int) -> bool:
    if pto_stops <= overall_stops:
        return True
    else:
        return False

def r4(axle1_weight: float, axle2_weight: float) -> bool:
    if axle1_weight <= axle2_weight:
        return True
    else:
        return False

def r5(axle1_load: float, axle3_load: float) -> bool:
    if axle1_load <= axle3_load:
        return True
    else:
        return False

def r6(payload: float, axle3_load: float) -> bool:
    if payload <= axle3_load:
        return True
    else:
        return False

def r7(total_operation_time: float, pto_time: float, idle_time: float, driving_time: float) -> bool:
    if total_operation_time >= pto_time + idle_time + driving_time:
        return True
    else:
        return False

def r8(arg1: float, arg2: float, arg3: float, arg4: float, arg5: float, arg6: float, arg7: float, arg8: float, arg9: float, arg10: float, arg11: float, arg12: float, arg13: float, arg14: float, arg15: float, arg16: float):
    return not(r1(arg1, arg2) and r2(arg3, arg4) and r3(arg5, arg6) and r4(arg7, arg8) and r5(arg9, arg10) and r6(arg11, arg12) and r7(arg13, arg14, arg15, arg16)), r1(arg1, arg2), r2(arg3, arg4), r3(arg5, arg6), r4(arg7, arg8), r5(arg9, arg10), r6(arg11, arg12), r7(arg13, arg14, arg15, arg16)";Correct syntax;['True, True, True, True, False, False, False, True', 'False, True, True, True, True, True, True, True', 'True, False, False, False, True, True, True, False'];['True, True, True, True, False, False, False, True', 'False, True, True, True, True, True, True, True', 'True, False, False, False, True, True, True, False']
"System Message:
        You are a logician with a background in mathematics that translates natural language
        reasoning text to Python3 code so that these natural language reasoning problems can be solved.
        During the translation, please pay close attention to defining variables and rules.
        Do not add any comments from you.
        Be guided by the following example:
        Example input text:
        Textual context: If the parameter A's value is at least 20, the lowest possible value of parameter B is 5.
If the parameter C's value is at least 20, the lowest possible value of parameter D is 40.
Parameter E's value cannot be less than parameter F's value.
Parameter G's value cannot be less than parameter H's value.
Parameter I's value cannot be less than parameter J's value.
Parameter K's value cannot be less than parameter L's value.
Parameter M's value cannot be greater than parameter N's value.
Parameter O's value cannot be greater than parameter P's value.
Parameter R's value cannot be greater than parameter S's value.

        Example Python3 code:
        # If the parameter A's value is at least 20, the lowest possible value of parameter B is 5.
def r1(a: float, b: float) -> bool:
    if b / a >= 0.25:
        return True
    else:
        return False

# If the parameter C's value is at least 20, the lowest possible value of parameter D is 40.
def r2(c: float, d: float) -> bool:
    if d / c >= 2:
        return True
    else:
        return False

# Parameter E's value cannot be less than parameter F's value.
def r3(e: float, f: float) -> bool:
    if e >= f:
        return True
    else:
        return False

# Parameter G's value cannot be less than parameter H's value.
def r4(g: float, h: float) -> bool:
    if g >= h:
        return True
    else:
        return False

# Parameter I's value cannot be less than parameter J's value.
def r5(i: float, j: float) -> bool:
    if i >= j:
        return True
    else:
        return False

# Parameter K's value cannot be less than parameter L's value.
def r6(k: float, l: float) -> bool:
    if k >= l:
        return True
    else:
        return False

# Parameter M's value cannot be greater than parameter N's value.
def r7(m: float, n: float) -> bool:
    if m <= n:
        return True
    else:
        return False

# Parameter O's value cannot be greater than parameter P's value.
def r8(o: float, p: float) -> bool:
    if o <= p:
        return True
    else:
        return False

# Parameter R's value cannot be greater than parameter S's value.
def r9(r: float, s: float) -> bool:
    if r <= s:
        return True
    else:
        return False


        
Input text:
Textual context: PTO operation time must be less than or equal to the total operation time.
Idle time should be less than or equal to the total operation time.
Driving time cannot be greater than the total operation time.
The number of stops where PTO is engaged must not exceed the overall stop count.
The load on axle 1 must not surpass the load on axle 2.
The payload must always be smaller than or equal to the load on axle 2.
The payload cannot exceed the capacity of axle 3.";"PTO operation time must be less than or equal to the total operation time.
Idle time should be less than or equal to the total operation time.
Driving time cannot be greater than the total operation time.
The number of stops where PTO is engaged must not exceed the overall stop count.
The load on axle 1 must not surpass the load on axle 2.
The payload must always be smaller than or equal to the load on axle 2.
The payload cannot exceed the capacity of axle 3.";7;[['PTO operation time', 'total operation time'], ['idle time', 'total operation time'], ['driving time', 'total operation time'], ['stops with PTO engaged', 'stops'], ['axle 1 load', 'axle 2 load'], ['payload', 'axle 2 load'], ['payload', 'axle 3 load']];Llama-8;"def r1(p: float, t: float) -> bool:
    if p <= t:
        return True
    else:
        return False

def r2(i: float, t: float) -> bool:
    if i <= t:
        return True
    else:
        return False

def r3(d: float, t: float) -> bool:
    if d <= t:
        return True
    else:
        return False

def r4(s: float, p: float) -> bool:
    if s >= p:
        return True
    else:
        return False

def r5(l1: float, l2: float) -> bool:
    if l1 <= l2:
        return True
    else:
        return False

def r6(p: float, l2: float) -> bool:
    if p <= l2:
        return True
    else:
        return False

def r7(p: float, c: float) -> bool:
    if p <= c:
        return True
    else:
        return False

def r8(arg1: float, arg2: float, arg3: float, arg4: float, arg5: float, arg6: float, arg7: float, arg8: float, arg9: float, arg10: float, arg11: float, arg12: float, arg13: float, arg14: float):
    return not(r1(arg1, arg2) and r2(arg3, arg4) and r3(arg5, arg6) and r4(arg7, arg8) and r5(arg9, arg10) and r6(arg11, arg12) and r7(arg13, arg14)), r1(arg1, arg2), r2(arg3, arg4), r3(arg5, arg6), r4(arg7, arg8), r5(arg9, arg10), r6(arg11, arg12), r7(arg13, arg14)";Correct syntax;['True, True, True, True, True, False, False, False', 'False, True, True, True, True, True, True, True', 'True, False, False, False, False, True, True, True'];['True, True, True, True, False, False, False, False', 'False, True, True, True, True, True, True, True', 'True, False, False, False, True, True, True, True']
"System Message:
        You are a logician with a background in mathematics that translates natural language
        reasoning text to Python3 code so that these natural language reasoning problems can be solved.
        During the translation, please pay close attention to defining variables and rules.
        Do not add any comments from you.
        Be guided by the following example:
        Example input text:
        Textual context: If the parameter A's value is at least 20, the lowest possible value of parameter B is 5.
If the parameter C's value is at least 20, the lowest possible value of parameter D is 40.
Parameter E's value cannot be less than parameter F's value.
Parameter G's value cannot be less than parameter H's value.
Parameter I's value cannot be less than parameter J's value.
Parameter K's value cannot be less than parameter L's value.
Parameter M's value cannot be greater than parameter N's value.
Parameter O's value cannot be greater than parameter P's value.
Parameter R's value cannot be greater than parameter S's value.

        Example Python3 code:
        # If the parameter A's value is at least 20, the lowest possible value of parameter B is 5.
def r1(a: float, b: float) -> bool:
    if b / a >= 0.25:
        return True
    else:
        return False

# If the parameter C's value is at least 20, the lowest possible value of parameter D is 40.
def r2(c: float, d: float) -> bool:
    if d / c >= 2:
        return True
    else:
        return False

# Parameter E's value cannot be less than parameter F's value.
def r3(e: float, f: float) -> bool:
    if e >= f:
        return True
    else:
        return False

# Parameter G's value cannot be less than parameter H's value.
def r4(g: float, h: float) -> bool:
    if g >= h:
        return True
    else:
        return False

# Parameter I's value cannot be less than parameter J's value.
def r5(i: float, j: float) -> bool:
    if i >= j:
        return True
    else:
        return False

# Parameter K's value cannot be less than parameter L's value.
def r6(k: float, l: float) -> bool:
    if k >= l:
        return True
    else:
        return False

# Parameter M's value cannot be greater than parameter N's value.
def r7(m: float, n: float) -> bool:
    if m <= n:
        return True
    else:
        return False

# Parameter O's value cannot be greater than parameter P's value.
def r8(o: float, p: float) -> bool:
    if o <= p:
        return True
    else:
        return False

# Parameter R's value cannot be greater than parameter S's value.
def r9(r: float, s: float) -> bool:
    if r <= s:
        return True
    else:
        return False


        
Input text:
Textual context: PTO operation time should be less than or equal to the total operation time.
Idle time must always be less than or equal to the total operation time.
Driving time must always be less than or equal to the total operation time.
PTO-engaged stops cannot exceed the total number of stops.
Axle 1's load cannot exceed Axle 2's load.
The weight on axle 1 cannot surpass the weight on axle 3.
Payload must remain below or equal to the load carried by axle 2.
Total operation time should be at least the sum of PTO, idle, and driving times.";"PTO operation time should be less than or equal to the total operation time.
Idle time must always be less than or equal to the total operation time.
Driving time must always be less than or equal to the total operation time.
PTO-engaged stops cannot exceed the total number of stops.
Axle 1's load cannot exceed Axle 2's load.
The weight on axle 1 cannot surpass the weight on axle 3.
Payload must remain below or equal to the load carried by axle 2.
Total operation time should be at least the sum of PTO, idle, and driving times.";8;[['PTO operation time', 'total operation time'], ['idle time', 'total operation time'], ['driving time', 'total operation time'], ['stops with PTO engaged', 'stops'], ['axle 1 load', 'axle 2 load'], ['axle 1 load', 'axle 3 load'], ['payload', 'axle 2 load'], ['total operation time', 'PTO operation time', 'idle time', 'driving time']];Llama-8;"def r1(pto_time: float, total_time: float) -> bool:
    if pto_time <= total_time:
        return True
    else:
        return False

def r2(idle_time: float, total_time: float) -> bool:
    if idle_time <= total_time:
        return True
    else:
        return False

def r3(driving_time: float, total_time: float) -> bool:
    if driving_time <= total_time:
        return True
    else:
        return False

def r4(pto_stops: int, total_stops: int) -> bool:
    if pto_stops <= total_stops:
        return True
    else:
        return False

def r5(axle1_load: float, axle2_load: float) -> bool:
    if axle1_load <= axle2_load:
        return True
    else:
        return False

def r6(axle1_weight: float, axle3_weight: float) -> bool:
    if axle1_weight <= axle3_weight:
        return True
    else:
        return False

def r7(payload: float, axle2_load: float) -> bool:
    if payload <= axle2_load:
        return True
    else:
        return False

def r8(total_time: float, pto_time: float, idle_time: float, driving_time: float) -> bool:
    if total_time >= pto_time + idle_time + driving_time:
        return True
    else:
        return False

def r9(arg1: float, arg2: float, arg3: float, arg4: float, arg5: float, arg6: float, arg7: float, arg8: float, arg9: float, arg10: float, arg11: float, arg12: float, arg13: float, arg14: float, arg15: float, arg16: float, arg17: float, arg18: float):
    return not(r1(arg1, arg2) and r2(arg3, arg4) and r3(arg5, arg6) and r4(arg7, arg8) and r5(arg9, arg10) and r6(arg11, arg12) and r7(arg13, arg14) and r8(arg15, arg16, arg17, arg18)), r1(arg1, arg2), r2(arg3, arg4), r3(arg5, arg6), r4(arg7, arg8), r5(arg9, arg10), r6(arg11, arg12), r7(arg13, arg14), r8(arg15, arg16, arg17, arg18)";Correct syntax;['True, True, True, True, True, False, False, False, True', 'False, True, True, True, True, True, True, True, True', 'True, False, False, False, False, True, True, True, False'];['True, True, True, True, True, False, False, False, True', 'False, True, True, True, True, True, True, True, True', 'True, False, False, False, False, True, True, True, False']
"System Message:
        You are a logician with a background in mathematics that translates natural language
        reasoning text to Python3 code so that these natural language reasoning problems can be solved.
        During the translation, please pay close attention to defining variables and rules.
        Do not add any comments from you.
        Be guided by the following example:
        Example input text:
        Textual context: If the parameter A's value is at least 20, the lowest possible value of parameter B is 5.
If the parameter C's value is at least 20, the lowest possible value of parameter D is 40.
Parameter E's value cannot be less than parameter F's value.
Parameter G's value cannot be less than parameter H's value.
Parameter I's value cannot be less than parameter J's value.
Parameter K's value cannot be less than parameter L's value.
Parameter M's value cannot be greater than parameter N's value.
Parameter O's value cannot be greater than parameter P's value.
Parameter R's value cannot be greater than parameter S's value.

        Example Python3 code:
        # If the parameter A's value is at least 20, the lowest possible value of parameter B is 5.
def r1(a: float, b: float) -> bool:
    if b / a >= 0.25:
        return True
    else:
        return False

# If the parameter C's value is at least 20, the lowest possible value of parameter D is 40.
def r2(c: float, d: float) -> bool:
    if d / c >= 2:
        return True
    else:
        return False

# Parameter E's value cannot be less than parameter F's value.
def r3(e: float, f: float) -> bool:
    if e >= f:
        return True
    else:
        return False

# Parameter G's value cannot be less than parameter H's value.
def r4(g: float, h: float) -> bool:
    if g >= h:
        return True
    else:
        return False

# Parameter I's value cannot be less than parameter J's value.
def r5(i: float, j: float) -> bool:
    if i >= j:
        return True
    else:
        return False

# Parameter K's value cannot be less than parameter L's value.
def r6(k: float, l: float) -> bool:
    if k >= l:
        return True
    else:
        return False

# Parameter M's value cannot be greater than parameter N's value.
def r7(m: float, n: float) -> bool:
    if m <= n:
        return True
    else:
        return False

# Parameter O's value cannot be greater than parameter P's value.
def r8(o: float, p: float) -> bool:
    if o <= p:
        return True
    else:
        return False

# Parameter R's value cannot be greater than parameter S's value.
def r9(r: float, s: float) -> bool:
    if r <= s:
        return True
    else:
        return False


        
Input text:
Textual context: PTO operation time should be less than or equal to the total operation time.
Driving time cannot be greater than the total operation time.
Stops with PTO engaged cannot outnumber the total stops.
The load supported by axle 1 cannot exceed that of axle 2.
The weight on axle 1 cannot surpass the weight on axle 3.
The payload must not exceed the load carried by axle 2.
Axle 3's load must always be equal to or greater than the payload.";"PTO operation time should be less than or equal to the total operation time.
Driving time cannot be greater than the total operation time.
Stops with PTO engaged cannot outnumber the total stops.
The load supported by axle 1 cannot exceed that of axle 2.
The weight on axle 1 cannot surpass the weight on axle 3.
The payload must not exceed the load carried by axle 2.
Axle 3's load must always be equal to or greater than the payload.";7;[['PTO operation time', 'total operation time'], ['driving time', 'total operation time'], ['stops with PTO engaged', 'stops'], ['axle 1 load', 'axle 2 load'], ['axle 1 load', 'axle 3 load'], ['payload', 'axle 2 load'], ['axle 3 load', 'payload']];Llama-8;"def r1(d: float, e: float) -> bool:
    if d <= e:
        return True
    else:
        return False

def r2(f: float, e: float) -> bool:
    if f <= e:
        return True
    else:
        return False

def r3(g: float, h: float) -> bool:
    if g <= h:
        return True
    else:
        return False

def r4(i: float, j: float) -> bool:
    if i <= j:
        return True
    else:
        return False

def r5(k: float, l: float) -> bool:
    if k <= l:
        return True
    else:
        return False

def r6(m: float, n: float) -> bool:
    if m <= n:
        return True
    else:
        return False

def r7(o: float, p: float) -> bool:
    if o >= p:
        return True
    else:
        return False

def r8(arg1: float, arg2: float, arg3: float, arg4: float, arg5: float, arg6: float, arg7: float, arg8: float, arg9: float, arg10: float, arg11: float, arg12: float, arg13: float, arg14: float):
    return not(r1(arg1, arg2) and r2(arg3, arg4) and r3(arg5, arg6) and r4(arg7, arg8) and r5(arg9, arg10) and r6(arg11, arg12) and r7(arg13, arg14)), r1(arg1, arg2), r2(arg3, arg4), r3(arg5, arg6), r4(arg7, arg8), r5(arg9, arg10), r6(arg11, arg12), r7(arg13, arg14)";Correct syntax;['True, True, True, True, False, False, False, False', 'False, True, True, True, True, True, True, True', 'True, False, False, False, True, True, True, True'];['True, True, True, True, False, False, False, False', 'False, True, True, True, True, True, True, True', 'True, False, False, False, True, True, True, True']
"System Message:
        You are a logician with a background in mathematics that translates natural language
        reasoning text to Python3 code so that these natural language reasoning problems can be solved.
        During the translation, please pay close attention to defining variables and rules.
        Do not add any comments from you.
        Be guided by the following example:
        Example input text:
        Textual context: If the parameter A's value is at least 20, the lowest possible value of parameter B is 5.
If the parameter C's value is at least 20, the lowest possible value of parameter D is 40.
Parameter E's value cannot be less than parameter F's value.
Parameter G's value cannot be less than parameter H's value.
Parameter I's value cannot be less than parameter J's value.
Parameter K's value cannot be less than parameter L's value.
Parameter M's value cannot be greater than parameter N's value.
Parameter O's value cannot be greater than parameter P's value.
Parameter R's value cannot be greater than parameter S's value.

        Example Python3 code:
        # If the parameter A's value is at least 20, the lowest possible value of parameter B is 5.
def r1(a: float, b: float) -> bool:
    if b / a >= 0.25:
        return True
    else:
        return False

# If the parameter C's value is at least 20, the lowest possible value of parameter D is 40.
def r2(c: float, d: float) -> bool:
    if d / c >= 2:
        return True
    else:
        return False

# Parameter E's value cannot be less than parameter F's value.
def r3(e: float, f: float) -> bool:
    if e >= f:
        return True
    else:
        return False

# Parameter G's value cannot be less than parameter H's value.
def r4(g: float, h: float) -> bool:
    if g >= h:
        return True
    else:
        return False

# Parameter I's value cannot be less than parameter J's value.
def r5(i: float, j: float) -> bool:
    if i >= j:
        return True
    else:
        return False

# Parameter K's value cannot be less than parameter L's value.
def r6(k: float, l: float) -> bool:
    if k >= l:
        return True
    else:
        return False

# Parameter M's value cannot be greater than parameter N's value.
def r7(m: float, n: float) -> bool:
    if m <= n:
        return True
    else:
        return False

# Parameter O's value cannot be greater than parameter P's value.
def r8(o: float, p: float) -> bool:
    if o <= p:
        return True
    else:
        return False

# Parameter R's value cannot be greater than parameter S's value.
def r9(r: float, s: float) -> bool:
    if r <= s:
        return True
    else:
        return False


        
Input text:
Textual context: Idle time cannot be greater than the total operation time.
Driving time should be less than or equal to the total operation time.
The total stop count must not be lower than the count of stops where PTO is engaged.
The load carried by axle 1 must be smaller than or equal to the load on axle 2.
The load supported by axle 1 cannot exceed that of axle 3.
The payload must not exceed the load carried by axle 2.
The payload must not exceed the load carried by axle 3.
The combined time for PTO operation, idle time, and driving time must not surpass the total operation time.";"Idle time cannot be greater than the total operation time.
Driving time should be less than or equal to the total operation time.
The total stop count must not be lower than the count of stops where PTO is engaged.
The load carried by axle 1 must be smaller than or equal to the load on axle 2.
The load supported by axle 1 cannot exceed that of axle 3.
The payload must not exceed the load carried by axle 2.
The payload must not exceed the load carried by axle 3.
The combined time for PTO operation, idle time, and driving time must not surpass the total operation time.";8;[['idle time', 'total operation time'], ['driving time', 'total operation time'], ['stops', 'stops with PTO engaged'], ['axle 1 load', 'axle 2 load'], ['axle 1 load', 'axle 3 load'], ['payload', 'axle 2 load'], ['payload', 'axle 3 load'], ['PTO operation time', 'idle time', 'driving time', 'total operation time']];Llama-8;"def r1(i: float, t: float) -> bool:
    if i <= t:
        return True
    else:
        return False

def r2(d: float, t: float) -> bool:
    if d <= t:
        return True
    else:
        return False

def r3(s: int, p: int) -> bool:
    if s >= p:
        return True
    else:
        return False

def r4(l1: float, l2: float) -> bool:
    if l1 <= l2:
        return True
    else:
        return False

def r5(l1: float, l3: float) -> bool:
    if l1 <= l3:
        return True
    else:
        return False

def r6(p: float, l2: float) -> bool:
    if p <= l2:
        return True
    else:
        return False

def r7(p: float, l3: float) -> bool:
    if p <= l3:
        return True
    else:
        return False

def r8(t1: float, t2: float, t3: float, t: float) -> bool:
    if t1 + t2 + t3 <= t:
        return True
    else:
        return False

def r9(arg1: float, arg2: float, arg3: float, arg4: float, arg5: float, arg6: float, arg7: float, arg8: float, arg9: float, arg10: float, arg11: float, arg12: float, arg13: float, arg14: float, arg15: float, arg16: float, arg17: float, arg18: float):
    return not(r1(arg1, arg2) and r2(arg3, arg4) and r3(arg5, arg6) and r4(arg7, arg8) and r5(arg9, arg10) and r6(arg11, arg12) and r7(arg13, arg14) and r8(arg15, arg16, arg17, arg18)), r1(arg1, arg2), r2(arg3, arg4), r3(arg5, arg6), r4(arg7, arg8), r5(arg9, arg10), r6(arg11, arg12), r7(arg13, arg14), r8(arg15, arg16, arg17, arg18)";Correct syntax;['True, True, True, True, False, False, False, False, True', 'False, True, True, True, True, True, True, True, True', 'True, False, False, False, True, True, True, True, False'];['True, True, True, True, False, False, False, False, True', 'False, True, True, True, True, True, True, True, True', 'True, False, False, False, True, True, True, True, False']
"System Message:
        You are a logician with a background in mathematics that translates natural language
        reasoning text to Python3 code so that these natural language reasoning problems can be solved.
        During the translation, please pay close attention to defining variables and rules.
        Do not add any comments from you.
        Be guided by the following example:
        Example input text:
        Textual context: If the parameter A's value is at least 20, the lowest possible value of parameter B is 5.
If the parameter C's value is at least 20, the lowest possible value of parameter D is 40.
Parameter E's value cannot be less than parameter F's value.
Parameter G's value cannot be less than parameter H's value.
Parameter I's value cannot be less than parameter J's value.
Parameter K's value cannot be less than parameter L's value.
Parameter M's value cannot be greater than parameter N's value.
Parameter O's value cannot be greater than parameter P's value.
Parameter R's value cannot be greater than parameter S's value.

        Example Python3 code:
        # If the parameter A's value is at least 20, the lowest possible value of parameter B is 5.
def r1(a: float, b: float) -> bool:
    if b / a >= 0.25:
        return True
    else:
        return False

# If the parameter C's value is at least 20, the lowest possible value of parameter D is 40.
def r2(c: float, d: float) -> bool:
    if d / c >= 2:
        return True
    else:
        return False

# Parameter E's value cannot be less than parameter F's value.
def r3(e: float, f: float) -> bool:
    if e >= f:
        return True
    else:
        return False

# Parameter G's value cannot be less than parameter H's value.
def r4(g: float, h: float) -> bool:
    if g >= h:
        return True
    else:
        return False

# Parameter I's value cannot be less than parameter J's value.
def r5(i: float, j: float) -> bool:
    if i >= j:
        return True
    else:
        return False

# Parameter K's value cannot be less than parameter L's value.
def r6(k: float, l: float) -> bool:
    if k >= l:
        return True
    else:
        return False

# Parameter M's value cannot be greater than parameter N's value.
def r7(m: float, n: float) -> bool:
    if m <= n:
        return True
    else:
        return False

# Parameter O's value cannot be greater than parameter P's value.
def r8(o: float, p: float) -> bool:
    if o <= p:
        return True
    else:
        return False

# Parameter R's value cannot be greater than parameter S's value.
def r9(r: float, s: float) -> bool:
    if r <= s:
        return True
    else:
        return False


        
Input text:
Textual context: PTO operation time should be less than or equal to the total operation time.
Idle time should be less than or equal to the total operation time.
Driving time cannot be greater than the total operation time.
The total stop count must not be lower than the count of stops where PTO is engaged.
Axle 1's load cannot exceed Axle 2's load.
The load carried by axle 1 must be smaller than or equal to the load on axle 3.
The payload cannot exceed the capacity of axle 3.
The combined time for PTO operation, idle time, and driving time must not surpass the total operation time.";"PTO operation time should be less than or equal to the total operation time.
Idle time should be less than or equal to the total operation time.
Driving time cannot be greater than the total operation time.
The total stop count must not be lower than the count of stops where PTO is engaged.
Axle 1's load cannot exceed Axle 2's load.
The load carried by axle 1 must be smaller than or equal to the load on axle 3.
The payload cannot exceed the capacity of axle 3.
The combined time for PTO operation, idle time, and driving time must not surpass the total operation time.";8;[['PTO operation time', 'total operation time'], ['idle time', 'total operation time'], ['driving time', 'total operation time'], ['stops', 'stops with PTO engaged'], ['axle 1 load', 'axle 2 load'], ['axle 1 load', 'axle 3 load'], ['payload', 'axle 3 load'], ['PTO operation time', 'idle time', 'driving time', 'total operation time']];Llama-8;"def r1(pto: float, total: float) -> bool:
    if pto <= total:
        return True
    else:
        return False

def r2(idle: float, total: float) -> bool:
    if idle <= total:
        return True
    else:
        return False

def r3(driving: float, total: float) -> bool:
    if driving <= total:
        return True
    else:
        return False

def r4(total_stops: int, pto_stops: int) -> bool:
    if total_stops >= pto_stops:
        return True
    else:
        return False

def r5(axle1: float, axle2: float) -> bool:
    if axle1 <= axle2:
        return True
    else:
        return False

def r6(axle1: float, axle3: float) -> bool:
    if axle1 <= axle3:
        return True
    else:
        return False

def r7(payload: float, axle3: float) -> bool:
    if payload <= axle3:
        return True
    else:
        return False

def r8(pto: float, idle: float, driving: float, total: float) -> bool:
    if pto + idle + driving <= total:
        return True
    else:
        return False

def r9(arg1: float, arg2: float, arg3: float, arg4: float, arg5: float, arg6: float, arg7: float, arg8: float, arg9: float, arg10: float, arg11: float, arg12: float, arg13: float, arg14: float, arg15: float, arg16: float, arg17: float, arg18: float):
    return not(r1(arg1, arg2) and r2(arg3, arg4) and r3(arg5, arg6) and r4(arg7, arg8) and r5(arg9, arg10) and r6(arg11, arg12) and r7(arg13, arg14) and r8(arg15, arg16, arg17, arg18)), r1(arg1, arg2), r2(arg3, arg4), r3(arg5, arg6), r4(arg7, arg8), r5(arg9, arg10), r6(arg11, arg12), r7(arg13, arg14), r8(arg15, arg16, arg17, arg18)";Correct syntax;['True, True, True, True, True, False, False, False, True', 'False, True, True, True, True, True, True, True, True', 'True, False, False, False, False, True, True, True, False'];['True, True, True, True, True, False, False, False, True', 'False, True, True, True, True, True, True, True, True', 'True, False, False, False, False, True, True, True, False']
"System Message:
        You are a logician with a background in mathematics that translates natural language
        reasoning text to Python3 code so that these natural language reasoning problems can be solved.
        During the translation, please pay close attention to defining variables and rules.
        Do not add any comments from you.
        Be guided by the following example:
        Example input text:
        Textual context: If the parameter A's value is at least 20, the lowest possible value of parameter B is 5.
If the parameter C's value is at least 20, the lowest possible value of parameter D is 40.
Parameter E's value cannot be less than parameter F's value.
Parameter G's value cannot be less than parameter H's value.
Parameter I's value cannot be less than parameter J's value.
Parameter K's value cannot be less than parameter L's value.
Parameter M's value cannot be greater than parameter N's value.
Parameter O's value cannot be greater than parameter P's value.
Parameter R's value cannot be greater than parameter S's value.

        Example Python3 code:
        # If the parameter A's value is at least 20, the lowest possible value of parameter B is 5.
def r1(a: float, b: float) -> bool:
    if b / a >= 0.25:
        return True
    else:
        return False

# If the parameter C's value is at least 20, the lowest possible value of parameter D is 40.
def r2(c: float, d: float) -> bool:
    if d / c >= 2:
        return True
    else:
        return False

# Parameter E's value cannot be less than parameter F's value.
def r3(e: float, f: float) -> bool:
    if e >= f:
        return True
    else:
        return False

# Parameter G's value cannot be less than parameter H's value.
def r4(g: float, h: float) -> bool:
    if g >= h:
        return True
    else:
        return False

# Parameter I's value cannot be less than parameter J's value.
def r5(i: float, j: float) -> bool:
    if i >= j:
        return True
    else:
        return False

# Parameter K's value cannot be less than parameter L's value.
def r6(k: float, l: float) -> bool:
    if k >= l:
        return True
    else:
        return False

# Parameter M's value cannot be greater than parameter N's value.
def r7(m: float, n: float) -> bool:
    if m <= n:
        return True
    else:
        return False

# Parameter O's value cannot be greater than parameter P's value.
def r8(o: float, p: float) -> bool:
    if o <= p:
        return True
    else:
        return False

# Parameter R's value cannot be greater than parameter S's value.
def r9(r: float, s: float) -> bool:
    if r <= s:
        return True
    else:
        return False


        
Input text:
Textual context: PTO operation time should be less than or equal to the total operation time.
The total operation duration must not be lower than the idle time.
The total operation durationmust not be lower than the driving time.
Stops with PTO engaged cannot outnumber the total stops.
The load on axle 1 must not surpass the load on axle 2.
Axle 2's load must always be equal to or greater than the payload.
Axle 3's load must always be equal to or greater than the payload.
Total operation time must be greater than or equal to the sum of PTO operation, idle, and driving times.";"PTO operation time should be less than or equal to the total operation time.
The total operation duration must not be lower than the idle time.
The total operation durationmust not be lower than the driving time.
Stops with PTO engaged cannot outnumber the total stops.
The load on axle 1 must not surpass the load on axle 2.
Axle 2's load must always be equal to or greater than the payload.
Axle 3's load must always be equal to or greater than the payload.
Total operation time must be greater than or equal to the sum of PTO operation, idle, and driving times.";8;[['PTO operation time', 'total operation time'], ['total operation time', 'idle time'], ['total operation time', 'driving time'], ['stops with PTO engaged', 'stops'], ['axle 1 load', 'axle 2 load'], ['axle 2 load', 'payload'], ['axle 3 load', 'payload'], ['total operation time', 'PTO operation time', 'idle time', 'driving time']];Llama-8;"def r1(pto: float, total: float) -> bool:
    if pto <= total:
        return True
    else:
        return False

def r2(total: float, idle: float) -> bool:
    if total >= idle:
        return True
    else:
        return False

def r3(total: float, driving: float) -> bool:
    if total >= driving:
        return True
    else:
        return False

def r4(pto_stops: int, total_stops: int) -> bool:
    if pto_stops <= total_stops:
        return True
    else:
        return False

def r5(axle1: float, axle2: float) -> bool:
    if axle1 <= axle2:
        return True
    else:
        return False

def r6(axle2: float, payload: float) -> bool:
    if axle2 >= payload:
        return True
    else:
        return False

def r7(axle3: float, payload: float) -> bool:
    if axle3 >= payload:
        return True
    else:
        return False

def r8(total: float, pto: float, idle: float, driving: float) -> bool:
    if total >= pto + idle + driving:
        return True
    else:
        return False

def r9(arg1: float, arg2: float, arg3: float, arg4: float, arg5: float, arg6: float, arg7: float, arg8: float, arg9: float, arg10: float, arg11: float, arg12: float, arg13: float, arg14: float, arg15: float, arg16: float, arg17: float, arg18: float):
    return not(r1(arg1, arg2) and r2(arg3, arg4) and r3(arg5, arg6) and r4(arg7, arg8) and r5(arg9, arg10) and r6(arg11, arg12) and r7(arg13, arg14) and r8(arg15, arg16, arg17, arg18)), r1(arg1, arg2), r2(arg3, arg4), r3(arg5, arg6), r4(arg7, arg8), r5(arg9, arg10), r6(arg11, arg12), r7(arg13, arg14), r8(arg15, arg16, arg17, arg18)";Correct syntax;['True, True, True, True, True, False, False, False, True', 'False, True, True, True, True, True, True, True, True', 'True, False, False, False, False, True, True, True, False'];['True, True, True, True, True, False, False, False, True', 'False, True, True, True, True, True, True, True, True', 'True, False, False, False, False, True, True, True, False']
"System Message:
        You are a logician with a background in mathematics that translates natural language
        reasoning text to Python3 code so that these natural language reasoning problems can be solved.
        During the translation, please pay close attention to defining variables and rules.
        Do not add any comments from you.
        Be guided by the following example:
        Example input text:
        Textual context: If the parameter A's value is at least 20, the lowest possible value of parameter B is 5.
If the parameter C's value is at least 20, the lowest possible value of parameter D is 40.
Parameter E's value cannot be less than parameter F's value.
Parameter G's value cannot be less than parameter H's value.
Parameter I's value cannot be less than parameter J's value.
Parameter K's value cannot be less than parameter L's value.
Parameter M's value cannot be greater than parameter N's value.
Parameter O's value cannot be greater than parameter P's value.
Parameter R's value cannot be greater than parameter S's value.

        Example Python3 code:
        # If the parameter A's value is at least 20, the lowest possible value of parameter B is 5.
def r1(a: float, b: float) -> bool:
    if b / a >= 0.25:
        return True
    else:
        return False

# If the parameter C's value is at least 20, the lowest possible value of parameter D is 40.
def r2(c: float, d: float) -> bool:
    if d / c >= 2:
        return True
    else:
        return False

# Parameter E's value cannot be less than parameter F's value.
def r3(e: float, f: float) -> bool:
    if e >= f:
        return True
    else:
        return False

# Parameter G's value cannot be less than parameter H's value.
def r4(g: float, h: float) -> bool:
    if g >= h:
        return True
    else:
        return False

# Parameter I's value cannot be less than parameter J's value.
def r5(i: float, j: float) -> bool:
    if i >= j:
        return True
    else:
        return False

# Parameter K's value cannot be less than parameter L's value.
def r6(k: float, l: float) -> bool:
    if k >= l:
        return True
    else:
        return False

# Parameter M's value cannot be greater than parameter N's value.
def r7(m: float, n: float) -> bool:
    if m <= n:
        return True
    else:
        return False

# Parameter O's value cannot be greater than parameter P's value.
def r8(o: float, p: float) -> bool:
    if o <= p:
        return True
    else:
        return False

# Parameter R's value cannot be greater than parameter S's value.
def r9(r: float, s: float) -> bool:
    if r <= s:
        return True
    else:
        return False


        
Input text:
Textual context: PTO operation time must be less than or equal to the total operation time.
Idle time cannot be greater than the total operation time.
Driving time should be less than or equal to the total operation time.
PTO-engaged stops cannot exceed the total number of stops.
The load carried by axle 1 must be smaller than or equal to the load on axle 2.
The load on axle 1 must not surpass the load on axle 3.
Axle 2's load must always be equal to or greater than the payload.";"PTO operation time must be less than or equal to the total operation time.
Idle time cannot be greater than the total operation time.
Driving time should be less than or equal to the total operation time.
PTO-engaged stops cannot exceed the total number of stops.
The load carried by axle 1 must be smaller than or equal to the load on axle 2.
The load on axle 1 must not surpass the load on axle 3.
Axle 2's load must always be equal to or greater than the payload.";7;[['PTO operation time', 'total operation time'], ['idle time', 'total operation time'], ['driving time', 'total operation time'], ['stops with PTO engaged', 'stops'], ['axle 1 load', 'axle 2 load'], ['axle 1 load', 'axle 3 load'], ['axle 2 load', 'payload']];Llama-8;"def r1(p: float, t: float) -> bool:
    if p <= t:
        return True
    else:
        return False

def r2(i: float, t: float) -> bool:
    if i <= t:
        return True
    else:
        return False

def r3(d: float, t: float) -> bool:
    if d <= t:
        return True
    else:
        return False

def r4(p: float, s: float) -> bool:
    if p <= s:
        return True
    else:
        return False

def r5(a1: float, a2: float) -> bool:
    if a1 <= a2:
        return True
    else:
        return False

def r6(a1: float, a3: float) -> bool:
    if a1 <= a3:
        return True
    else:
        return False

def r7(a2: float, p: float) -> bool:
    if a2 >= p:
        return True
    else:
        return False

def r8(arg1: float, arg2: float, arg3: float, arg4: float, arg5: float, arg6: float, arg7: float, arg8: float, arg9: float, arg10: float, arg11: float, arg12: float, arg13: float, arg14: float):
    return not(r1(arg1, arg2) and r2(arg3, arg4) and r3(arg5, arg6) and r4(arg7, arg8) and r5(arg9, arg10) and r6(arg11, arg12) and r7(arg13, arg14)), r1(arg1, arg2), r2(arg3, arg4), r3(arg5, arg6), r4(arg7, arg8), r5(arg9, arg10), r6(arg11, arg12), r7(arg13, arg14)";Correct syntax;['True, True, True, True, True, False, False, False', 'False, True, True, True, True, True, True, True', 'True, False, False, False, False, True, True, True'];['True, True, True, True, True, False, False, False', 'False, True, True, True, True, True, True, True', 'True, False, False, False, False, True, True, True']
"System Message:
You are an agent which task is to correct Python3 code implementing logical rules, generated by another large language model,
so that they throw no runtime errors during program execution and correspond to the logical assumptions expressed in natural language.
To perform this task you will receive a Python3 code with valid syntax, which not correspond to the logical premises and throw runtime errors,
and these logical premises expressed in natural language, which should be translated into rules in Python3 code.
Your task is to return a valid Python3 rules for a given premises, having corrected the runtime errors.
Improvements made should mainly include defining the correct number of arguments for each function according to corresponding premise
and using inside functions the proper variables, previously defined in the function declaration.
Do not make any corrections to the last function.
Please output only a valid Python code only with comments started with #.
Do not add any additional texts, tags and comments.
Be guided by the following examples:

Example 1
# If the parameter C's value is at least 20, the lowest possible value of parameter D is 40.
def r1(c: float, d: float) -> bool:
    if c >= 20 and d / c >= 0.4:
        return True
    else:
        return False

# Parameter W value should be at least the sum of parameter X, parameter Y and parameter Z.
def r2(x: float, y: float, z: float) -> bool:
    if x + y + z >= 0:
        return True
    else:
        return False

# To identify the day as abnormal, it is enough that even one or more conditions are violated.
def r3(arg1: float, arg2: float, arg3: float, arg4: float, arg5: float, arg6: float):
    return not(r1(arg1, arg2) and r2(arg3, arg4, arg5, arg6)), r1(arg1, arg2), r2(arg3, arg4, arg5, arg6)

It is supposed to translate the following example text into rules:
If the parameter C's value is at least 20, the lowest possible value of parameter D is 40.
Parameter W value should be at least the sum of parameter X, parameter Y and parameter Z.

Code after execution returns the following error:
Traceback (most recent call last):
  File ""/home/obywatelfg/Doktorat/Badania/Logic-LLM/LLM-logic/New_val_Adapt_Task2_outputs_python_no_final_rule/Llama-8/2/python_code/2_output_python.py"", line 18, in <module>
    print(r3(2226.8, 2432.3, 0.3, 0.9, 2.7, 1.0))
  File ""/home/obywatelfg/Doktorat/Badania/Logic-LLM/LLM-logic/New_val_Adapt_Task2_outputs_python_no_final_rule/Llama-8/2/python_code/2_output_python.py"", line 16, in r3
    return not(r1(arg1, arg2) and r2(arg3, arg4, arg5, arg6)), r1(arg1, arg2), r2(arg3, arg4, arg5, arg6)
TypeError: r2() takes 3 positional arguments but 4 were given

Please correct the code.

The corrected code should be the following:
# If the parameter C's value is at least 20, the lowest possible value of parameter D is 40.
def r1(c: float, d: float) -> bool:
    if c >= 20 and d / c >= 0.4:
        return True
    else:
        return False

# This function lack of parameter W in a function definition and a body, where logical rule should check the proportion between param W and sum of params x, y, z.
# Parameter W value should be at least the sum of parameter X, parameter Y and parameter Z.
def r2(x: float, y: float, z: float, w: float) -> bool:
    if x + y + z <= w:
        return True
    else:
        return False

# To identify the day as abnormal, it is enough that even one or more conditions are violated.
def r3(arg1: float, arg2: float, arg3: float, arg4: float, arg5: float, arg6: float):
    return not(r1(arg1, arg2) and r2(arg3, arg4, arg5, arg6)), r1(arg1, arg2), r2(arg3, arg4, arg5, arg6)


Example 2
# If the parameter C's value is at least 20, the lowest possible value of parameter D is 40.
def r1(c: float) -> bool:
    if c >= 40 and c >= 0.4:
        return True
    else:
        return False

# Parameter T's value shouldn't be lower than parameter P's value.
def r2(t: float, p: float) -> bool:
    if t >= p:
        return True
    else:
        return False

# To identify the day as abnormal, it is enough that even one or more conditions are violated.
def r3(arg1: float, arg2: float, arg3: float, arg4: float):
    return not(r1(arg1, arg2) and r2(arg3, arg4)), r1(arg1, arg2), r2(arg3, arg4)

It is supposed to translate the following example text into rules:
If the parameter C's value is at least 20, the lowest possible value of parameter D is 40.
Parameter T's value shouldn't be lower than parameter P's value.

Code after execution returns the following error:
Traceback (most recent call last):
  File ""/home/obywatelfg/Doktorat/Badania/Logic-LLM/LLM-logic/New_val_Adapt_Task2_outputs_python_no_final_rule/Llama-8/4/python_code/121_output_python.py"", line 32, in <module>
    print(r5(227.70000000000002, 75.9, 9.5, 1.9, 7203.1, 6652.3, 10268.5, 8400.7))
  File ""/home/obywatelfg/Doktorat/Badania/Logic-LLM/LLM-logic/New_val_Adapt_Task2_outputs_python_no_final_rule/Llama-8/4/python_code/121_output_python.py"", line 30, in r5
    return not(r1(arg1, arg2) and r2(arg3, arg4) and r3(arg5, arg6) and r4(arg7, arg8)), r1(arg1, arg2), r2(arg3, arg4), r3(arg5, arg6), r4(arg7, arg8)
TypeError: r1() takes 1 positional argument but 2 were given

Please correct the code.

The corrected code should be the following:
# If the parameter C's value is at least 20, the lowest possible value of parameter D is 40.
def r1(c: float, d: float) -> bool:
    if d / c >= 2:
        return True
    else:
        return False

# Parameter T's value shouldn't be lower than parameter P's value.
def r2(t: float, p: float) -> bool:
    if t >= p:
        return True
    else:
        return False

# To identify the day as abnormal, it is enough that even one or more conditions are violated.
def r3(arg1: float, arg2: float, arg3: float, arg4: float):
    return not(r1(arg1, arg2) and r2(arg3, arg4)), r1(arg1, arg2), r2(arg3, arg4)


The input for your task:
This is the Python3 code which not correspond to the given logical premises:
def r1(o: float, i: float) -> bool:
    if o >= i:
        return True
    else:
        return False

def r2(o: float, d: float) -> bool:
    if o >= d:
        return True
    else:
        return False

def r3(p: int, t: int) -> bool:
    if p <= t:
        return True
    else:
        return False

def r4(l1: float, l2: float) -> bool:
    if l1 <= l2:
        return True
    else:
        return False

def r5(l1: float, l3: float) -> bool:
    if l1 <= l3:
        return True
    else:
        return False

def r6(l3: float, p: float) -> bool:
    if l3 >= p:
        return True
    else:
        return False

def r7(o: float, p: float, d: float) -> bool:
    if o >= p + d:
        return True
    else:
        return False

def r8(arg1: float, arg2: float, arg3: float, arg4: float, arg5: float, arg6: float, arg7: float, arg8: float, arg9: float, arg10: float, arg11: float, arg12: float, arg13: float, arg14: float, arg15: float, arg16: float):
    return not(r1(arg1, arg2) and r2(arg3, arg4) and r3(arg5, arg6) and r4(arg7, arg8) and r5(arg9, arg10) and r6(arg11, arg12) and r7(arg13, arg14, arg15, arg16)), r1(arg1, arg2), r2(arg3, arg4), r3(arg5, arg6), r4(arg7, arg8), r5(arg9, arg10), r6(arg11, arg12), r7(arg13, arg14, arg15, arg16)

It is supposed to translate the following text into rules:
The total operation duration must not be lower than the idle time.
The total operation durationmust not be lower than the driving time.
Stops with PTO engaged cannot outnumber the total stops.
The load supported by axle 1 cannot exceed that of axle 2.
The load on axle 1 must not surpass the load on axle 3.
Axle 3's load must always be equal to or greater than the payload.
The total operation duration must always be greater than or equal to the combined time for PTO, idle, and driving.

Code after execution returns the following error:
Traceback (most recent call last):
  File ""/home/frank/Doktorat/ExKLoP/saved_outputs/Task2_syntax_outputs/Llama-8/7/python_code/359_output_python.py"", line 46, in <module>
    print(r8(3.8, 2.0, 8.6, 3.2, 110, 171, 3241.2, 3010.4, 4270.1, 2362.5, 1093.9, 7094.8, 2.1, 0.3, 1.0, 0.7))
  File ""/home/frank/Doktorat/ExKLoP/saved_outputs/Task2_syntax_outputs/Llama-8/7/python_code/359_output_python.py"", line 44, in r8
    return not(r1(arg1, arg2) and r2(arg3, arg4) and r3(arg5, arg6) and r4(arg7, arg8) and r5(arg9, arg10) and r6(arg11, arg12) and r7(arg13, arg14, arg15, arg16)), r1(arg1, arg2), r2(arg3, arg4), r3(arg5, arg6), r4(arg7, arg8), r5(arg9, arg10), r6(arg11, arg12), r7(arg13, arg14, arg15, arg16)
TypeError: r7() takes 3 positional arguments but 4 were given


Please correct the code.   ";"The total operation duration must not be lower than the idle time.
The total operation durationmust not be lower than the driving time.
Stops with PTO engaged cannot outnumber the total stops.
The load supported by axle 1 cannot exceed that of axle 2.
The load on axle 1 must not surpass the load on axle 3.
Axle 3's load must always be equal to or greater than the payload.
The total operation duration must always be greater than or equal to the combined time for PTO, idle, and driving.";7;[['total operation time', 'idle time'], ['total operation time', 'driving time'], ['stops with PTO engaged', 'stops'], ['axle 1 load', 'axle 2 load'], ['axle 1 load', 'axle 3 load'], ['axle 3 load', 'payload'], ['total operation time', 'PTO operation time', 'idle time', 'driving time']];Llama-8;"# The total operation duration must not be lower than the idle time.
def r1(o: float, i: float) -> bool:
    if o >= i:
        return True
    else:
        return False

# The total operation duration must not be lower than the driving time.
def r2(o: float, d: float) -> bool:
    if o >= d:
        return True
    else:
        return False

# Stops with PTO engaged cannot outnumber the total stops.
def r3(p: int, t: int) -> bool:
    if p <= t:
        return True
    else:
        return False

# The load supported by axle 1 cannot exceed that of axle 2.
def r4(l1: float, l2: float) -> bool:
    if l1 <= l2:
        return True
    else:
        return False

# The load on axle 1 must not surpass the load on axle 3.
def r5(l1: float, l3: float) -> bool:
    if l1 <= l3:
        return True
    else:
        return False

# Axle 3's load must always be equal to or greater than the payload.
def r6(l3: float, p: float) -> bool:
    if l3 >= p:
        return True
    else:
        return False

# The total operation duration must always be greater than or equal to the combined time for PTO, idle, and driving.
def r7(o: float, p: float, i: float, d: float) -> bool:
    if o >= p + i + d:
        return True
    else:
        return False

# To identify the day as abnormal, it is enough that even one or more conditions are violated.
def r8(arg1: float, arg2: float, arg3: int, arg4: int, arg5: float, arg6: float, arg7: float, arg8: float, arg9: float, arg10: float, arg11: float, arg12: float, arg13: float, arg14: float, arg15: float, arg16: float) -> bool:
    return not(r1(arg1, arg2) and r2(arg3, arg4) and r3(arg5, arg6) and r4(arg7, arg8) and r5(arg9, arg10) and r6(arg11, arg12) and r7(arg13, arg14, arg15, arg16)), r1(arg1, arg2), r2(arg3, arg4), r3(arg5, arg6), r4(arg7, arg8), r5(arg9, arg10), r6(arg11, arg12), r7(arg13, arg14, arg15, arg16)

def r8(arg1: float, arg2: float, arg3: float, arg4: float, arg5: float, arg6: float, arg7: float, arg8: float, arg9: float, arg10: float, arg11: float, arg12: float, arg13: float, arg14: float, arg15: float, arg16: float):
    return not(r1(arg1, arg2) and r2(arg3, arg4) and r3(arg5, arg6) and r4(arg7, arg8) and r5(arg9, arg10) and r6(arg11, arg12) and r7(arg13, arg14, arg15, arg16)), r1(arg1, arg2), r2(arg3, arg4), r3(arg5, arg6), r4(arg7, arg8), r5(arg9, arg10), r6(arg11, arg12), r7(arg13, arg14, arg15, arg16)";Correct syntax;['True, True, True, True, False, False, False, True', 'False, True, True, True, True, True, True, True', 'True, False, False, False, True, True, True, False'];['True, True, True, True, False, False, False, True', 'False, True, True, True, True, True, True, True', 'True, False, False, False, True, True, True, False']
"System Message:
        You are a logician with a background in mathematics that translates natural language
        reasoning text to Python3 code so that these natural language reasoning problems can be solved.
        During the translation, please pay close attention to defining variables and rules.
        Do not add any comments from you.
        Be guided by the following example:
        Example input text:
        Textual context: If the parameter A's value is at least 20, the lowest possible value of parameter B is 5.
If the parameter C's value is at least 20, the lowest possible value of parameter D is 40.
Parameter E's value cannot be less than parameter F's value.
Parameter G's value cannot be less than parameter H's value.
Parameter I's value cannot be less than parameter J's value.
Parameter K's value cannot be less than parameter L's value.
Parameter M's value cannot be greater than parameter N's value.
Parameter O's value cannot be greater than parameter P's value.
Parameter R's value cannot be greater than parameter S's value.

        Example Python3 code:
        # If the parameter A's value is at least 20, the lowest possible value of parameter B is 5.
def r1(a: float, b: float) -> bool:
    if b / a >= 0.25:
        return True
    else:
        return False

# If the parameter C's value is at least 20, the lowest possible value of parameter D is 40.
def r2(c: float, d: float) -> bool:
    if d / c >= 2:
        return True
    else:
        return False

# Parameter E's value cannot be less than parameter F's value.
def r3(e: float, f: float) -> bool:
    if e >= f:
        return True
    else:
        return False

# Parameter G's value cannot be less than parameter H's value.
def r4(g: float, h: float) -> bool:
    if g >= h:
        return True
    else:
        return False

# Parameter I's value cannot be less than parameter J's value.
def r5(i: float, j: float) -> bool:
    if i >= j:
        return True
    else:
        return False

# Parameter K's value cannot be less than parameter L's value.
def r6(k: float, l: float) -> bool:
    if k >= l:
        return True
    else:
        return False

# Parameter M's value cannot be greater than parameter N's value.
def r7(m: float, n: float) -> bool:
    if m <= n:
        return True
    else:
        return False

# Parameter O's value cannot be greater than parameter P's value.
def r8(o: float, p: float) -> bool:
    if o <= p:
        return True
    else:
        return False

# Parameter R's value cannot be greater than parameter S's value.
def r9(r: float, s: float) -> bool:
    if r <= s:
        return True
    else:
        return False


        
Input text:
Textual context: The total operation duration must not be lower than the PTO operation time.
Idle time must always be less than or equal to the total operation time.
Stops with PTO engaged should never outnumber total stops.
The load supported by axle 1 cannot exceed that of axle 2.
Axle 1's load cannot exceed Axle 3's load.
Axle 2's load must always be equal to or greater than the payload.
The payload must not exceed the load carried by axle 3.
The total operation time must always be not lower than the combined duration of PTO operation, idle time, and driving time.";"The total operation duration must not be lower than the PTO operation time.
Idle time must always be less than or equal to the total operation time.
Stops with PTO engaged should never outnumber total stops.
The load supported by axle 1 cannot exceed that of axle 2.
Axle 1's load cannot exceed Axle 3's load.
Axle 2's load must always be equal to or greater than the payload.
The payload must not exceed the load carried by axle 3.
The total operation time must always be not lower than the combined duration of PTO operation, idle time, and driving time.";8;[['total operation time', 'PTO operation time'], ['idle time', 'total operation time'], ['stops with PTO engaged', 'stops'], ['axle 1 load', 'axle 2 load'], ['axle 1 load', 'axle 3 load'], ['axle 2 load', 'payload'], ['payload', 'axle 3 load'], ['total operation time', 'PTO operation time', 'idle time', 'driving time']];Llama-8;"def r1(c: float, d: float) -> bool:
    if d <= c:
        return True
    else:
        return False

def r2(e: float, f: float) -> bool:
    if e <= f:
        return True
    else:
        return False

def r3(g: float, h: float) -> bool:
    if g <= h:
        return True
    else:
        return False

def r4(i: float, j: float) -> bool:
    if i <= j:
        return True
    else:
        return False

def r5(k: float, l: float) -> bool:
    if k <= l:
        return True
    else:
        return False

def r6(m: float, n: float) -> bool:
    if m >= n:
        return True
    else:
        return False

def r7(o: float, p: float) -> bool:
    if o <= p:
        return True
    else:
        return False

def r8(q: float, r: float, s: float, t: float) -> bool:
    if q >= r + s + t:
        return True
    else:
        return False

def r9(arg1: float, arg2: float, arg3: float, arg4: float, arg5: float, arg6: float, arg7: float, arg8: float, arg9: float, arg10: float, arg11: float, arg12: float, arg13: float, arg14: float, arg15: float, arg16: float, arg17: float, arg18: float):
    return not(r1(arg1, arg2) and r2(arg3, arg4) and r3(arg5, arg6) and r4(arg7, arg8) and r5(arg9, arg10) and r6(arg11, arg12) and r7(arg13, arg14) and r8(arg15, arg16, arg17, arg18)), r1(arg1, arg2), r2(arg3, arg4), r3(arg5, arg6), r4(arg7, arg8), r5(arg9, arg10), r6(arg11, arg12), r7(arg13, arg14), r8(arg15, arg16, arg17, arg18)";Correct syntax;['True, True, True, True, False, False, False, False, True', 'False, True, True, True, True, True, True, True, True', 'True, False, False, False, True, True, True, True, False'];['True, True, True, True, False, False, False, False, True', 'False, True, True, True, True, True, True, True, True', 'True, False, False, False, True, True, True, True, False']
"System Message:
        You are a logician with a background in mathematics that translates natural language
        reasoning text to Python3 code so that these natural language reasoning problems can be solved.
        During the translation, please pay close attention to defining variables and rules.
        Do not add any comments from you.
        Be guided by the following example:
        Example input text:
        Textual context: If the parameter A's value is at least 20, the lowest possible value of parameter B is 5.
If the parameter C's value is at least 20, the lowest possible value of parameter D is 40.
Parameter E's value cannot be less than parameter F's value.
Parameter G's value cannot be less than parameter H's value.
Parameter I's value cannot be less than parameter J's value.
Parameter K's value cannot be less than parameter L's value.
Parameter M's value cannot be greater than parameter N's value.
Parameter O's value cannot be greater than parameter P's value.
Parameter R's value cannot be greater than parameter S's value.

        Example Python3 code:
        # If the parameter A's value is at least 20, the lowest possible value of parameter B is 5.
def r1(a: float, b: float) -> bool:
    if b / a >= 0.25:
        return True
    else:
        return False

# If the parameter C's value is at least 20, the lowest possible value of parameter D is 40.
def r2(c: float, d: float) -> bool:
    if d / c >= 2:
        return True
    else:
        return False

# Parameter E's value cannot be less than parameter F's value.
def r3(e: float, f: float) -> bool:
    if e >= f:
        return True
    else:
        return False

# Parameter G's value cannot be less than parameter H's value.
def r4(g: float, h: float) -> bool:
    if g >= h:
        return True
    else:
        return False

# Parameter I's value cannot be less than parameter J's value.
def r5(i: float, j: float) -> bool:
    if i >= j:
        return True
    else:
        return False

# Parameter K's value cannot be less than parameter L's value.
def r6(k: float, l: float) -> bool:
    if k >= l:
        return True
    else:
        return False

# Parameter M's value cannot be greater than parameter N's value.
def r7(m: float, n: float) -> bool:
    if m <= n:
        return True
    else:
        return False

# Parameter O's value cannot be greater than parameter P's value.
def r8(o: float, p: float) -> bool:
    if o <= p:
        return True
    else:
        return False

# Parameter R's value cannot be greater than parameter S's value.
def r9(r: float, s: float) -> bool:
    if r <= s:
        return True
    else:
        return False


        
Input text:
Textual context: PTO operation time should be less than or equal to the total operation time.
Idle time must always be less than or equal to the total operation time.
Driving time should be less than or equal to the total operation time.
PTO-engaged stops cannot exceed the total number of stops.
The load supported by axle 1 cannot exceed that of axle 2.
The payload must always be smaller than or equal to the load on axle 2.
Payload must remain below or equal to the load carried by axle 3.
Total operation time should be at least the sum of PTO, idle, and driving times.";"PTO operation time should be less than or equal to the total operation time.
Idle time must always be less than or equal to the total operation time.
Driving time should be less than or equal to the total operation time.
PTO-engaged stops cannot exceed the total number of stops.
The load supported by axle 1 cannot exceed that of axle 2.
The payload must always be smaller than or equal to the load on axle 2.
Payload must remain below or equal to the load carried by axle 3.
Total operation time should be at least the sum of PTO, idle, and driving times.";8;[['PTO operation time', 'total operation time'], ['idle time', 'total operation time'], ['driving time', 'total operation time'], ['stops with PTO engaged', 'stops'], ['axle 1 load', 'axle 2 load'], ['payload', 'axle 2 load'], ['payload', 'axle 3 load'], ['total operation time', 'PTO operation time', 'idle time', 'driving time']];Llama-8;"def r1(pto: float, total: float) -> bool:
    if pto <= total:
        return True
    else:
        return False

def r2(idle: float, total: float) -> bool:
    if idle <= total:
        return True
    else:
        return False

def r3(driving: float, total: float) -> bool:
    if driving <= total:
        return True
    else:
        return False

def r4(pto_stops: float, total_stops: float) -> bool:
    if pto_stops <= total_stops:
        return True
    else:
        return False

def r5(axle1: float, axle2: float) -> bool:
    if axle1 <= axle2:
        return True
    else:
        return False

def r6(payload: float, axle2: float) -> bool:
    if payload <= axle2:
        return True
    else:
        return False

def r7(payload: float, axle3: float) -> bool:
    if payload <= axle3:
        return True
    else:
        return False

def r8(total: float, pto: float, idle: float, driving: float) -> bool:
    if total >= pto + idle + driving:
        return True
    else:
        return False

def r9(arg1: float, arg2: float, arg3: float, arg4: float, arg5: float, arg6: float, arg7: float, arg8: float, arg9: float, arg10: float, arg11: float, arg12: float, arg13: float, arg14: float, arg15: float, arg16: float, arg17: float, arg18: float):
    return not(r1(arg1, arg2) and r2(arg3, arg4) and r3(arg5, arg6) and r4(arg7, arg8) and r5(arg9, arg10) and r6(arg11, arg12) and r7(arg13, arg14) and r8(arg15, arg16, arg17, arg18)), r1(arg1, arg2), r2(arg3, arg4), r3(arg5, arg6), r4(arg7, arg8), r5(arg9, arg10), r6(arg11, arg12), r7(arg13, arg14), r8(arg15, arg16, arg17, arg18)";Correct syntax;['True, True, True, True, True, False, False, False, True', 'False, True, True, True, True, True, True, True, True', 'True, False, False, False, False, True, True, True, False'];['True, True, True, True, True, False, False, False, True', 'False, True, True, True, True, True, True, True, True', 'True, False, False, False, False, True, True, True, False']
"System Message:
        You are a logician with a background in mathematics that translates natural language
        reasoning text to Python3 code so that these natural language reasoning problems can be solved.
        During the translation, please pay close attention to defining variables and rules.
        Do not add any comments from you.
        Be guided by the following example:
        Example input text:
        Textual context: If the parameter A's value is at least 20, the lowest possible value of parameter B is 5.
If the parameter C's value is at least 20, the lowest possible value of parameter D is 40.
Parameter E's value cannot be less than parameter F's value.
Parameter G's value cannot be less than parameter H's value.
Parameter I's value cannot be less than parameter J's value.
Parameter K's value cannot be less than parameter L's value.
Parameter M's value cannot be greater than parameter N's value.
Parameter O's value cannot be greater than parameter P's value.
Parameter R's value cannot be greater than parameter S's value.

        Example Python3 code:
        # If the parameter A's value is at least 20, the lowest possible value of parameter B is 5.
def r1(a: float, b: float) -> bool:
    if b / a >= 0.25:
        return True
    else:
        return False

# If the parameter C's value is at least 20, the lowest possible value of parameter D is 40.
def r2(c: float, d: float) -> bool:
    if d / c >= 2:
        return True
    else:
        return False

# Parameter E's value cannot be less than parameter F's value.
def r3(e: float, f: float) -> bool:
    if e >= f:
        return True
    else:
        return False

# Parameter G's value cannot be less than parameter H's value.
def r4(g: float, h: float) -> bool:
    if g >= h:
        return True
    else:
        return False

# Parameter I's value cannot be less than parameter J's value.
def r5(i: float, j: float) -> bool:
    if i >= j:
        return True
    else:
        return False

# Parameter K's value cannot be less than parameter L's value.
def r6(k: float, l: float) -> bool:
    if k >= l:
        return True
    else:
        return False

# Parameter M's value cannot be greater than parameter N's value.
def r7(m: float, n: float) -> bool:
    if m <= n:
        return True
    else:
        return False

# Parameter O's value cannot be greater than parameter P's value.
def r8(o: float, p: float) -> bool:
    if o <= p:
        return True
    else:
        return False

# Parameter R's value cannot be greater than parameter S's value.
def r9(r: float, s: float) -> bool:
    if r <= s:
        return True
    else:
        return False


        
Input text:
Textual context: PTO operation time must be less than or equal to the total operation time.
The total operation durationmust not be lower than the driving time.
The load supported by axle 1 cannot exceed that of axle 2.
The load supported by axle 1 cannot exceed that of axle 3.
The payload cannot exceed the capacity of axle 2.
The payload must not exceed the load carried by axle 3.
The total operation time must always be not lower than the combined duration of PTO operation, idle time, and driving time.";"PTO operation time must be less than or equal to the total operation time.
The total operation durationmust not be lower than the driving time.
The load supported by axle 1 cannot exceed that of axle 2.
The load supported by axle 1 cannot exceed that of axle 3.
The payload cannot exceed the capacity of axle 2.
The payload must not exceed the load carried by axle 3.
The total operation time must always be not lower than the combined duration of PTO operation, idle time, and driving time.";7;[['PTO operation time', 'total operation time'], ['total operation time', 'driving time'], ['axle 1 load', 'axle 2 load'], ['axle 1 load', 'axle 3 load'], ['payload', 'axle 2 load'], ['payload', 'axle 3 load'], ['total operation time', 'PTO operation time', 'idle time', 'driving time']];Llama-8;"def r1(pto: float, total: float) -> bool:
    if pto <= total:
        return True
    else:
        return False

def r2(total: float, driving: float) -> bool:
    if total >= driving:
        return True
    else:
        return False

def r3(axle1: float, axle2: float) -> bool:
    if axle1 <= axle2:
        return True
    else:
        return False

def r4(axle1: float, axle3: float) -> bool:
    if axle1 <= axle3:
        return True
    else:
        return False

def r5(payload: float, axle2: float) -> bool:
    if payload <= axle2:
        return True
    else:
        return False

def r6(payload: float, axle3: float) -> bool:
    if payload <= axle3:
        return True
    else:
        return False

def r7(total: float, pto: float, idle: float, driving: float) -> bool:
    if total >= pto + idle + driving:
        return True
    else:
        return False

def r8(arg1: float, arg2: float, arg3: float, arg4: float, arg5: float, arg6: float, arg7: float, arg8: float, arg9: float, arg10: float, arg11: float, arg12: float, arg13: float, arg14: float, arg15: float, arg16: float):
    return not(r1(arg1, arg2) and r2(arg3, arg4) and r3(arg5, arg6) and r4(arg7, arg8) and r5(arg9, arg10) and r6(arg11, arg12) and r7(arg13, arg14, arg15, arg16)), r1(arg1, arg2), r2(arg3, arg4), r3(arg5, arg6), r4(arg7, arg8), r5(arg9, arg10), r6(arg11, arg12), r7(arg13, arg14, arg15, arg16)";Correct syntax;['True, True, True, False, False, False, False, True', 'False, True, True, True, True, True, True, True', 'True, False, False, True, True, True, True, False'];['True, True, True, False, False, False, False, True', 'False, True, True, True, True, True, True, True', 'True, False, False, True, True, True, True, False']
"System Message:
        You are a logician with a background in mathematics that translates natural language
        reasoning text to Python3 code so that these natural language reasoning problems can be solved.
        During the translation, please pay close attention to defining variables and rules.
        Do not add any comments from you.
        Be guided by the following example:
        Example input text:
        Textual context: If the parameter A's value is at least 20, the lowest possible value of parameter B is 5.
If the parameter C's value is at least 20, the lowest possible value of parameter D is 40.
Parameter E's value cannot be less than parameter F's value.
Parameter G's value cannot be less than parameter H's value.
Parameter I's value cannot be less than parameter J's value.
Parameter K's value cannot be less than parameter L's value.
Parameter M's value cannot be greater than parameter N's value.
Parameter O's value cannot be greater than parameter P's value.
Parameter R's value cannot be greater than parameter S's value.

        Example Python3 code:
        # If the parameter A's value is at least 20, the lowest possible value of parameter B is 5.
def r1(a: float, b: float) -> bool:
    if b / a >= 0.25:
        return True
    else:
        return False

# If the parameter C's value is at least 20, the lowest possible value of parameter D is 40.
def r2(c: float, d: float) -> bool:
    if d / c >= 2:
        return True
    else:
        return False

# Parameter E's value cannot be less than parameter F's value.
def r3(e: float, f: float) -> bool:
    if e >= f:
        return True
    else:
        return False

# Parameter G's value cannot be less than parameter H's value.
def r4(g: float, h: float) -> bool:
    if g >= h:
        return True
    else:
        return False

# Parameter I's value cannot be less than parameter J's value.
def r5(i: float, j: float) -> bool:
    if i >= j:
        return True
    else:
        return False

# Parameter K's value cannot be less than parameter L's value.
def r6(k: float, l: float) -> bool:
    if k >= l:
        return True
    else:
        return False

# Parameter M's value cannot be greater than parameter N's value.
def r7(m: float, n: float) -> bool:
    if m <= n:
        return True
    else:
        return False

# Parameter O's value cannot be greater than parameter P's value.
def r8(o: float, p: float) -> bool:
    if o <= p:
        return True
    else:
        return False

# Parameter R's value cannot be greater than parameter S's value.
def r9(r: float, s: float) -> bool:
    if r <= s:
        return True
    else:
        return False


        
Input text:
Textual context: Idle time must always be less than or equal to the total operation time.
Driving time cannot be greater than the total operation time.
PTO-engaged stops cannot exceed the total number of stops.
The load supported by axle 1 cannot exceed that of axle 2.
Axle 1's load cannot exceed Axle 3's load.
The payload cannot exceed the capacity of axle 2.
Axle 3's load must always be equal to or greater than the payload.";"Idle time must always be less than or equal to the total operation time.
Driving time cannot be greater than the total operation time.
PTO-engaged stops cannot exceed the total number of stops.
The load supported by axle 1 cannot exceed that of axle 2.
Axle 1's load cannot exceed Axle 3's load.
The payload cannot exceed the capacity of axle 2.
Axle 3's load must always be equal to or greater than the payload.";7;[['idle time', 'total operation time'], ['driving time', 'total operation time'], ['stops with PTO engaged', 'stops'], ['axle 1 load', 'axle 2 load'], ['axle 1 load', 'axle 3 load'], ['payload', 'axle 2 load'], ['axle 3 load', 'payload']];Llama-8;"def r1(idle: float, operation: float) -> bool:
    if idle <= operation:
        return True
    else:
        return False

def r2(driving: float, operation: float) -> bool:
    if driving <= operation:
        return True
    else:
        return False

def r3(pto_stops: float, total_stops: float) -> bool:
    if pto_stops <= total_stops:
        return True
    else:
        return False

def r4(axle1: float, axle2: float) -> bool:
    if axle1 <= axle2:
        return True
    else:
        return False

def r5(axle1: float, axle3: float) -> bool:
    if axle1 <= axle3:
        return True
    else:
        return False

def r6(payload: float, axle2: float) -> bool:
    if payload <= axle2:
        return True
    else:
        return False

def r7(axle3: float, payload: float) -> bool:
    if axle3 >= payload:
        return True
    else:
        return False

def r8(arg1: float, arg2: float, arg3: float, arg4: float, arg5: float, arg6: float, arg7: float, arg8: float, arg9: float, arg10: float, arg11: float, arg12: float, arg13: float, arg14: float):
    return not(r1(arg1, arg2) and r2(arg3, arg4) and r3(arg5, arg6) and r4(arg7, arg8) and r5(arg9, arg10) and r6(arg11, arg12) and r7(arg13, arg14)), r1(arg1, arg2), r2(arg3, arg4), r3(arg5, arg6), r4(arg7, arg8), r5(arg9, arg10), r6(arg11, arg12), r7(arg13, arg14)";Correct syntax;['True, True, True, True, False, False, False, False', 'False, True, True, True, True, True, True, True', 'True, False, False, False, True, True, True, True'];['True, True, True, True, False, False, False, False', 'False, True, True, True, True, True, True, True', 'True, False, False, False, True, True, True, True']
"System Message:
        You are a logician with a background in mathematics that translates natural language
        reasoning text to Python3 code so that these natural language reasoning problems can be solved.
        During the translation, please pay close attention to defining variables and rules.
        Do not add any comments from you.
        Be guided by the following example:
        Example input text:
        Textual context: If the parameter A's value is at least 20, the lowest possible value of parameter B is 5.
If the parameter C's value is at least 20, the lowest possible value of parameter D is 40.
Parameter E's value cannot be less than parameter F's value.
Parameter G's value cannot be less than parameter H's value.
Parameter I's value cannot be less than parameter J's value.
Parameter K's value cannot be less than parameter L's value.
Parameter M's value cannot be greater than parameter N's value.
Parameter O's value cannot be greater than parameter P's value.
Parameter R's value cannot be greater than parameter S's value.

        Example Python3 code:
        # If the parameter A's value is at least 20, the lowest possible value of parameter B is 5.
def r1(a: float, b: float) -> bool:
    if b / a >= 0.25:
        return True
    else:
        return False

# If the parameter C's value is at least 20, the lowest possible value of parameter D is 40.
def r2(c: float, d: float) -> bool:
    if d / c >= 2:
        return True
    else:
        return False

# Parameter E's value cannot be less than parameter F's value.
def r3(e: float, f: float) -> bool:
    if e >= f:
        return True
    else:
        return False

# Parameter G's value cannot be less than parameter H's value.
def r4(g: float, h: float) -> bool:
    if g >= h:
        return True
    else:
        return False

# Parameter I's value cannot be less than parameter J's value.
def r5(i: float, j: float) -> bool:
    if i >= j:
        return True
    else:
        return False

# Parameter K's value cannot be less than parameter L's value.
def r6(k: float, l: float) -> bool:
    if k >= l:
        return True
    else:
        return False

# Parameter M's value cannot be greater than parameter N's value.
def r7(m: float, n: float) -> bool:
    if m <= n:
        return True
    else:
        return False

# Parameter O's value cannot be greater than parameter P's value.
def r8(o: float, p: float) -> bool:
    if o <= p:
        return True
    else:
        return False

# Parameter R's value cannot be greater than parameter S's value.
def r9(r: float, s: float) -> bool:
    if r <= s:
        return True
    else:
        return False


        
Input text:
Textual context: PTO operation time cannot be greater than the total operation time.
PTO-engaged stops cannot exceed the total number of stops.
The weight on axle 1 cannot surpass the weight on axle 2.
The weight on axle 1 cannot surpass the weight on axle 3.
The payload cannot exceed the capacity of axle 2.
Payload must remain below or equal to the load carried by axle 3.
The total operation duration must always be greater than or equal to the combined time for PTO, idle, and driving.";"PTO operation time cannot be greater than the total operation time.
PTO-engaged stops cannot exceed the total number of stops.
The weight on axle 1 cannot surpass the weight on axle 2.
The weight on axle 1 cannot surpass the weight on axle 3.
The payload cannot exceed the capacity of axle 2.
Payload must remain below or equal to the load carried by axle 3.
The total operation duration must always be greater than or equal to the combined time for PTO, idle, and driving.";7;[['PTO operation time', 'total operation time'], ['stops with PTO engaged', 'stops'], ['axle 1 load', 'axle 2 load'], ['axle 1 load', 'axle 3 load'], ['payload', 'axle 2 load'], ['payload', 'axle 3 load'], ['total operation time', 'PTO operation time', 'idle time', 'driving time']];Llama-8;"def r1(pto_time: float, total_time: float) -> bool:
    if pto_time <= total_time:
        return True
    else:
        return False

def r2(pto_stops: int, total_stops: int) -> bool:
    if pto_stops <= total_stops:
        return True
    else:
        return False

def r3(axle1_weight: float, axle2_weight: float) -> bool:
    if axle1_weight <= axle2_weight:
        return True
    else:
        return False

def r4(axle1_weight: float, axle3_weight: float) -> bool:
    if axle1_weight <= axle3_weight:
        return True
    else:
        return False

def r5(payload: float, axle2_capacity: float) -> bool:
    if payload <= axle2_capacity:
        return True
    else:
        return False

def r6(payload: float, axle3_load: float) -> bool:
    if payload <= axle3_load:
        return True
    else:
        return False

def r7(total_time: float, pto_time: float, idle_time: float, driving_time: float) -> bool:
    if total_time >= pto_time + idle_time + driving_time:
        return True
    else:
        return False

def r8(arg1: float, arg2: float, arg3: float, arg4: float, arg5: float, arg6: float, arg7: float, arg8: float, arg9: float, arg10: float, arg11: float, arg12: float, arg13: float, arg14: float, arg15: float, arg16: float):
    return not(r1(arg1, arg2) and r2(arg3, arg4) and r3(arg5, arg6) and r4(arg7, arg8) and r5(arg9, arg10) and r6(arg11, arg12) and r7(arg13, arg14, arg15, arg16)), r1(arg1, arg2), r2(arg3, arg4), r3(arg5, arg6), r4(arg7, arg8), r5(arg9, arg10), r6(arg11, arg12), r7(arg13, arg14, arg15, arg16)";Correct syntax;['True, True, True, False, False, False, False, True', 'False, True, True, True, True, True, True, True', 'True, False, False, True, True, True, True, False'];['True, True, True, False, False, False, False, True', 'False, True, True, True, True, True, True, True', 'True, False, False, True, True, True, True, False']
"System Message:
        You are a logician with a background in mathematics that translates natural language
        reasoning text to Python3 code so that these natural language reasoning problems can be solved.
        During the translation, please pay close attention to defining variables and rules.
        Do not add any comments from you.
        Be guided by the following example:
        Example input text:
        Textual context: If the parameter A's value is at least 20, the lowest possible value of parameter B is 5.
If the parameter C's value is at least 20, the lowest possible value of parameter D is 40.
Parameter E's value cannot be less than parameter F's value.
Parameter G's value cannot be less than parameter H's value.
Parameter I's value cannot be less than parameter J's value.
Parameter K's value cannot be less than parameter L's value.
Parameter M's value cannot be greater than parameter N's value.
Parameter O's value cannot be greater than parameter P's value.
Parameter R's value cannot be greater than parameter S's value.

        Example Python3 code:
        # If the parameter A's value is at least 20, the lowest possible value of parameter B is 5.
def r1(a: float, b: float) -> bool:
    if b / a >= 0.25:
        return True
    else:
        return False

# If the parameter C's value is at least 20, the lowest possible value of parameter D is 40.
def r2(c: float, d: float) -> bool:
    if d / c >= 2:
        return True
    else:
        return False

# Parameter E's value cannot be less than parameter F's value.
def r3(e: float, f: float) -> bool:
    if e >= f:
        return True
    else:
        return False

# Parameter G's value cannot be less than parameter H's value.
def r4(g: float, h: float) -> bool:
    if g >= h:
        return True
    else:
        return False

# Parameter I's value cannot be less than parameter J's value.
def r5(i: float, j: float) -> bool:
    if i >= j:
        return True
    else:
        return False

# Parameter K's value cannot be less than parameter L's value.
def r6(k: float, l: float) -> bool:
    if k >= l:
        return True
    else:
        return False

# Parameter M's value cannot be greater than parameter N's value.
def r7(m: float, n: float) -> bool:
    if m <= n:
        return True
    else:
        return False

# Parameter O's value cannot be greater than parameter P's value.
def r8(o: float, p: float) -> bool:
    if o <= p:
        return True
    else:
        return False

# Parameter R's value cannot be greater than parameter S's value.
def r9(r: float, s: float) -> bool:
    if r <= s:
        return True
    else:
        return False


        
Input text:
Textual context: The total operation duration must not be lower than the PTO operation time.
Total operation time should shouldn’t be lower than driving time.
Stops with PTO engaged cannot outnumber the total stops.
Axle 1's load cannot exceed Axle 2's load.
The load on axle 1 must not surpass the load on axle 3.
The payload cannot exceed the capacity of axle 2.
The payload cannot exceed the capacity of axle 3.
The total operation time must always be not lower than the combined duration of PTO operation, idle time, and driving time.";"The total operation duration must not be lower than the PTO operation time.
Total operation time should shouldn’t be lower than driving time.
Stops with PTO engaged cannot outnumber the total stops.
Axle 1's load cannot exceed Axle 2's load.
The load on axle 1 must not surpass the load on axle 3.
The payload cannot exceed the capacity of axle 2.
The payload cannot exceed the capacity of axle 3.
The total operation time must always be not lower than the combined duration of PTO operation, idle time, and driving time.";8;[['total operation time', 'PTO operation time'], ['total operation time', 'driving time'], ['stops with PTO engaged', 'stops'], ['axle 1 load', 'axle 2 load'], ['axle 1 load', 'axle 3 load'], ['payload', 'axle 2 load'], ['payload', 'axle 3 load'], ['total operation time', 'PTO operation time', 'idle time', 'driving time']];Llama-8;"def r1(total_time: float, pto_time: float) -> bool:
    if total_time >= pto_time:
        return True
    else:
        return False

def r2(total_time: float, driving_time: float) -> bool:
    if total_time >= driving_time:
        return True
    else:
        return False

def r3(pto_stops: int, total_stops: int) -> bool:
    if pto_stops <= total_stops:
        return True
    else:
        return False

def r4(axle1_load: float, axle2_load: float) -> bool:
    if axle1_load <= axle2_load:
        return True
    else:
        return False

def r5(axle1_load: float, axle3_load: float) -> bool:
    if axle1_load <= axle3_load:
        return True
    else:
        return False

def r6(payload: float, axle2_capacity: float) -> bool:
    if payload <= axle2_capacity:
        return True
    else:
        return False

def r7(payload: float, axle3_capacity: float) -> bool:
    if payload <= axle3_capacity:
        return True
    else:
        return False

def r8(total_time: float, pto_time: float, idle_time: float, driving_time: float) -> bool:
    if total_time >= pto_time + idle_time + driving_time:
        return True
    else:
        return False

def r9(arg1: float, arg2: float, arg3: float, arg4: float, arg5: float, arg6: float, arg7: float, arg8: float, arg9: float, arg10: float, arg11: float, arg12: float, arg13: float, arg14: float, arg15: float, arg16: float, arg17: float, arg18: float):
    return not(r1(arg1, arg2) and r2(arg3, arg4) and r3(arg5, arg6) and r4(arg7, arg8) and r5(arg9, arg10) and r6(arg11, arg12) and r7(arg13, arg14) and r8(arg15, arg16, arg17, arg18)), r1(arg1, arg2), r2(arg3, arg4), r3(arg5, arg6), r4(arg7, arg8), r5(arg9, arg10), r6(arg11, arg12), r7(arg13, arg14), r8(arg15, arg16, arg17, arg18)";Correct syntax;['True, True, True, True, False, False, False, False, True', 'False, True, True, True, True, True, True, True, True', 'True, False, False, False, True, True, True, True, False'];['True, True, True, True, False, False, False, False, True', 'False, True, True, True, True, True, True, True, True', 'True, False, False, False, True, True, True, True, False']
"System Message:
        You are a logician with a background in mathematics that translates natural language
        reasoning text to Python3 code so that these natural language reasoning problems can be solved.
        During the translation, please pay close attention to defining variables and rules.
        Do not add any comments from you.
        Be guided by the following example:
        Example input text:
        Textual context: If the parameter A's value is at least 20, the lowest possible value of parameter B is 5.
If the parameter C's value is at least 20, the lowest possible value of parameter D is 40.
Parameter E's value cannot be less than parameter F's value.
Parameter G's value cannot be less than parameter H's value.
Parameter I's value cannot be less than parameter J's value.
Parameter K's value cannot be less than parameter L's value.
Parameter M's value cannot be greater than parameter N's value.
Parameter O's value cannot be greater than parameter P's value.
Parameter R's value cannot be greater than parameter S's value.

        Example Python3 code:
        # If the parameter A's value is at least 20, the lowest possible value of parameter B is 5.
def r1(a: float, b: float) -> bool:
    if b / a >= 0.25:
        return True
    else:
        return False

# If the parameter C's value is at least 20, the lowest possible value of parameter D is 40.
def r2(c: float, d: float) -> bool:
    if d / c >= 2:
        return True
    else:
        return False

# Parameter E's value cannot be less than parameter F's value.
def r3(e: float, f: float) -> bool:
    if e >= f:
        return True
    else:
        return False

# Parameter G's value cannot be less than parameter H's value.
def r4(g: float, h: float) -> bool:
    if g >= h:
        return True
    else:
        return False

# Parameter I's value cannot be less than parameter J's value.
def r5(i: float, j: float) -> bool:
    if i >= j:
        return True
    else:
        return False

# Parameter K's value cannot be less than parameter L's value.
def r6(k: float, l: float) -> bool:
    if k >= l:
        return True
    else:
        return False

# Parameter M's value cannot be greater than parameter N's value.
def r7(m: float, n: float) -> bool:
    if m <= n:
        return True
    else:
        return False

# Parameter O's value cannot be greater than parameter P's value.
def r8(o: float, p: float) -> bool:
    if o <= p:
        return True
    else:
        return False

# Parameter R's value cannot be greater than parameter S's value.
def r9(r: float, s: float) -> bool:
    if r <= s:
        return True
    else:
        return False


        
Input text:
Textual context: Idle time must always be less than or equal to the total operation time.
The total operation durationmust not be lower than the driving time.
Stops with PTO engaged cannot outnumber the total stops.
The load carried by axle 1 must be smaller than or equal to the load on axle 2.
Axle 1's load cannot exceed Axle 3's load.
The payload cannot exceed the capacity of axle 2.
The combined time for PTO operation, idle time, and driving time must not surpass the total operation time.";"Idle time must always be less than or equal to the total operation time.
The total operation durationmust not be lower than the driving time.
Stops with PTO engaged cannot outnumber the total stops.
The load carried by axle 1 must be smaller than or equal to the load on axle 2.
Axle 1's load cannot exceed Axle 3's load.
The payload cannot exceed the capacity of axle 2.
The combined time for PTO operation, idle time, and driving time must not surpass the total operation time.";7;[['idle time', 'total operation time'], ['total operation time', 'driving time'], ['stops with PTO engaged', 'stops'], ['axle 1 load', 'axle 2 load'], ['axle 1 load', 'axle 3 load'], ['payload', 'axle 2 load'], ['PTO operation time', 'idle time', 'driving time', 'total operation time']];Llama-8;"def r1(idle: float, operation: float) -> bool:
    if idle > operation:
        return False
    else:
        return True

def r2(operation: float, driving: float) -> bool:
    if operation < driving:
        return False
    else:
        return True

def r3(pto_stops: int, total_stops: int) -> bool:
    if pto_stops > total_stops:
        return False
    else:
        return True

def r4(axle1: float, axle2: float) -> bool:
    if axle1 > axle2:
        return False
    else:
        return True

def r5(axle1: float, axle3: float) -> bool:
    if axle1 > axle3:
        return False
    else:
        return True

def r6(payload: float, axle2: float) -> bool:
    if payload > axle2:
        return False
    else:
        return True

def r7(pto: float, idle: float, driving: float, operation: float) -> bool:
    if pto + idle + driving > operation:
        return False
    else:
        return True

def r8(arg1: float, arg2: float, arg3: float, arg4: float, arg5: float, arg6: float, arg7: float, arg8: float, arg9: float, arg10: float, arg11: float, arg12: float, arg13: float, arg14: float, arg15: float, arg16: float):
    return not(r1(arg1, arg2) and r2(arg3, arg4) and r3(arg5, arg6) and r4(arg7, arg8) and r5(arg9, arg10) and r6(arg11, arg12) and r7(arg13, arg14, arg15, arg16)), r1(arg1, arg2), r2(arg3, arg4), r3(arg5, arg6), r4(arg7, arg8), r5(arg9, arg10), r6(arg11, arg12), r7(arg13, arg14, arg15, arg16)";Correct syntax;['True, True, True, True, False, False, False, True', 'False, True, True, True, True, True, True, True', 'True, False, False, False, True, True, True, False'];['True, True, True, True, False, False, False, True', 'False, True, True, True, True, True, True, True', 'True, False, False, False, True, True, True, False']
"System Message:
        You are a logician with a background in mathematics that translates natural language
        reasoning text to Python3 code so that these natural language reasoning problems can be solved.
        During the translation, please pay close attention to defining variables and rules.
        Do not add any comments from you.
        Be guided by the following example:
        Example input text:
        Textual context: If the parameter A's value is at least 20, the lowest possible value of parameter B is 5.
If the parameter C's value is at least 20, the lowest possible value of parameter D is 40.
Parameter E's value cannot be less than parameter F's value.
Parameter G's value cannot be less than parameter H's value.
Parameter I's value cannot be less than parameter J's value.
Parameter K's value cannot be less than parameter L's value.
Parameter M's value cannot be greater than parameter N's value.
Parameter O's value cannot be greater than parameter P's value.
Parameter R's value cannot be greater than parameter S's value.

        Example Python3 code:
        # If the parameter A's value is at least 20, the lowest possible value of parameter B is 5.
def r1(a: float, b: float) -> bool:
    if b / a >= 0.25:
        return True
    else:
        return False

# If the parameter C's value is at least 20, the lowest possible value of parameter D is 40.
def r2(c: float, d: float) -> bool:
    if d / c >= 2:
        return True
    else:
        return False

# Parameter E's value cannot be less than parameter F's value.
def r3(e: float, f: float) -> bool:
    if e >= f:
        return True
    else:
        return False

# Parameter G's value cannot be less than parameter H's value.
def r4(g: float, h: float) -> bool:
    if g >= h:
        return True
    else:
        return False

# Parameter I's value cannot be less than parameter J's value.
def r5(i: float, j: float) -> bool:
    if i >= j:
        return True
    else:
        return False

# Parameter K's value cannot be less than parameter L's value.
def r6(k: float, l: float) -> bool:
    if k >= l:
        return True
    else:
        return False

# Parameter M's value cannot be greater than parameter N's value.
def r7(m: float, n: float) -> bool:
    if m <= n:
        return True
    else:
        return False

# Parameter O's value cannot be greater than parameter P's value.
def r8(o: float, p: float) -> bool:
    if o <= p:
        return True
    else:
        return False

# Parameter R's value cannot be greater than parameter S's value.
def r9(r: float, s: float) -> bool:
    if r <= s:
        return True
    else:
        return False


        
Input text:
Textual context: PTO operation time cannot be greater than the total operation time.
The total operation duration must not be lower than the idle time.
Driving time cannot be greater than the total operation time.
Stops with PTO engaged should never outnumber total stops.
The weight on axle 1 cannot surpass the weight on axle 2.
The weight on axle 1 cannot surpass the weight on axle 3.
Axle 2's load must always be equal to or greater than the payload.
The total operation duration must always be greater than or equal to the combined time for PTO, idle, and driving.";"PTO operation time cannot be greater than the total operation time.
The total operation duration must not be lower than the idle time.
Driving time cannot be greater than the total operation time.
Stops with PTO engaged should never outnumber total stops.
The weight on axle 1 cannot surpass the weight on axle 2.
The weight on axle 1 cannot surpass the weight on axle 3.
Axle 2's load must always be equal to or greater than the payload.
The total operation duration must always be greater than or equal to the combined time for PTO, idle, and driving.";8;[['PTO operation time', 'total operation time'], ['total operation time', 'idle time'], ['driving time', 'total operation time'], ['stops with PTO engaged', 'stops'], ['axle 1 load', 'axle 2 load'], ['axle 1 load', 'axle 3 load'], ['axle 2 load', 'payload'], ['total operation time', 'PTO operation time', 'idle time', 'driving time']];Llama-8;"def r1(pto: float, total: float) -> bool:
    if pto <= total:
        return True
    else:
        return False

def r2(total: float, idle: float) -> bool:
    if total >= idle:
        return True
    else:
        return False

def r3(driving: float, total: float) -> bool:
    if driving <= total:
        return True
    else:
        return False

def r4(pto_stops: int, total_stops: int) -> bool:
    if pto_stops <= total_stops:
        return True
    else:
        return False

def r5(axle1: float, axle2: float) -> bool:
    if axle1 <= axle2:
        return True
    else:
        return False

def r6(axle1: float, axle3: float) -> bool:
    if axle1 <= axle3:
        return True
    else:
        return False

def r7(axle2: float, payload: float) -> bool:
    if axle2 >= payload:
        return True
    else:
        return False

def r8(total: float, pto: float, idle: float, driving: float) -> bool:
    if total >= pto + idle + driving:
        return True
    else:
        return False

def r9(arg1: float, arg2: float, arg3: float, arg4: float, arg5: float, arg6: float, arg7: float, arg8: float, arg9: float, arg10: float, arg11: float, arg12: float, arg13: float, arg14: float, arg15: float, arg16: float, arg17: float, arg18: float):
    return not(r1(arg1, arg2) and r2(arg3, arg4) and r3(arg5, arg6) and r4(arg7, arg8) and r5(arg9, arg10) and r6(arg11, arg12) and r7(arg13, arg14) and r8(arg15, arg16, arg17, arg18)), r1(arg1, arg2), r2(arg3, arg4), r3(arg5, arg6), r4(arg7, arg8), r5(arg9, arg10), r6(arg11, arg12), r7(arg13, arg14), r8(arg15, arg16, arg17, arg18)";Correct syntax;['True, True, True, True, True, False, False, False, True', 'False, True, True, True, True, True, True, True, True', 'True, False, False, False, False, True, True, True, False'];['True, True, True, True, True, False, False, False, True', 'False, True, True, True, True, True, True, True, True', 'True, False, False, False, False, True, True, True, False']
"System Message:
        You are a logician with a background in mathematics that translates natural language
        reasoning text to Python3 code so that these natural language reasoning problems can be solved.
        During the translation, please pay close attention to defining variables and rules.
        Do not add any comments from you.
        Be guided by the following example:
        Example input text:
        Textual context: If the parameter A's value is at least 20, the lowest possible value of parameter B is 5.
If the parameter C's value is at least 20, the lowest possible value of parameter D is 40.
Parameter E's value cannot be less than parameter F's value.
Parameter G's value cannot be less than parameter H's value.
Parameter I's value cannot be less than parameter J's value.
Parameter K's value cannot be less than parameter L's value.
Parameter M's value cannot be greater than parameter N's value.
Parameter O's value cannot be greater than parameter P's value.
Parameter R's value cannot be greater than parameter S's value.

        Example Python3 code:
        # If the parameter A's value is at least 20, the lowest possible value of parameter B is 5.
def r1(a: float, b: float) -> bool:
    if b / a >= 0.25:
        return True
    else:
        return False

# If the parameter C's value is at least 20, the lowest possible value of parameter D is 40.
def r2(c: float, d: float) -> bool:
    if d / c >= 2:
        return True
    else:
        return False

# Parameter E's value cannot be less than parameter F's value.
def r3(e: float, f: float) -> bool:
    if e >= f:
        return True
    else:
        return False

# Parameter G's value cannot be less than parameter H's value.
def r4(g: float, h: float) -> bool:
    if g >= h:
        return True
    else:
        return False

# Parameter I's value cannot be less than parameter J's value.
def r5(i: float, j: float) -> bool:
    if i >= j:
        return True
    else:
        return False

# Parameter K's value cannot be less than parameter L's value.
def r6(k: float, l: float) -> bool:
    if k >= l:
        return True
    else:
        return False

# Parameter M's value cannot be greater than parameter N's value.
def r7(m: float, n: float) -> bool:
    if m <= n:
        return True
    else:
        return False

# Parameter O's value cannot be greater than parameter P's value.
def r8(o: float, p: float) -> bool:
    if o <= p:
        return True
    else:
        return False

# Parameter R's value cannot be greater than parameter S's value.
def r9(r: float, s: float) -> bool:
    if r <= s:
        return True
    else:
        return False


        
Input text:
Textual context: PTO operation time cannot be greater than the total operation time.
Idle time must always be less than or equal to the total operation time.
The total operation durationmust not be lower than the driving time.
The load carried by axle 1 must be smaller than or equal to the load on axle 2.
The weight on axle 1 cannot surpass the weight on axle 3.
The payload cannot exceed the capacity of axle 2.
The combined time for PTO operation, idle time, and driving time must not surpass the total operation time.";"PTO operation time cannot be greater than the total operation time.
Idle time must always be less than or equal to the total operation time.
The total operation durationmust not be lower than the driving time.
The load carried by axle 1 must be smaller than or equal to the load on axle 2.
The weight on axle 1 cannot surpass the weight on axle 3.
The payload cannot exceed the capacity of axle 2.
The combined time for PTO operation, idle time, and driving time must not surpass the total operation time.";7;[['PTO operation time', 'total operation time'], ['idle time', 'total operation time'], ['total operation time', 'driving time'], ['axle 1 load', 'axle 2 load'], ['axle 1 load', 'axle 3 load'], ['payload', 'axle 2 load'], ['PTO operation time', 'idle time', 'driving time', 'total operation time']];Llama-8;"def r1(pto_time: float, total_time: float) -> bool:
    if pto_time > total_time:
        return False
    else:
        return True

def r2(idle_time: float, total_time: float) -> bool:
    if idle_time > total_time:
        return False
    else:
        return True

def r3(total_time: float, driving_time: float) -> bool:
    if total_time < driving_time:
        return False
    else:
        return True

def r4(axle1_load: float, axle2_load: float) -> bool:
    if axle1_load > axle2_load:
        return False
    else:
        return True

def r5(axle1_weight: float, axle3_weight: float) -> bool:
    if axle1_weight > axle3_weight:
        return False
    else:
        return True

def r6(payload: float, axle2_capacity: float) -> bool:
    if payload > axle2_capacity:
        return False
    else:
        return True

def r7(pto_time: float, idle_time: float, driving_time: float, total_time: float) -> bool:
    if pto_time + idle_time + driving_time > total_time:
        return False
    else:
        return True

def r8(arg1: float, arg2: float, arg3: float, arg4: float, arg5: float, arg6: float, arg7: float, arg8: float, arg9: float, arg10: float, arg11: float, arg12: float, arg13: float, arg14: float, arg15: float, arg16: float):
    return not(r1(arg1, arg2) and r2(arg3, arg4) and r3(arg5, arg6) and r4(arg7, arg8) and r5(arg9, arg10) and r6(arg11, arg12) and r7(arg13, arg14, arg15, arg16)), r1(arg1, arg2), r2(arg3, arg4), r3(arg5, arg6), r4(arg7, arg8), r5(arg9, arg10), r6(arg11, arg12), r7(arg13, arg14, arg15, arg16)";Correct syntax;['True, True, True, True, False, False, False, True', 'False, True, True, True, True, True, True, True', 'True, False, False, False, True, True, True, False'];['True, True, True, True, False, False, False, True', 'False, True, True, True, True, True, True, True', 'True, False, False, False, True, True, True, False']
"System Message:
You are an agent which task is to correct Python3 code implementing logical rules, generated by another large language model,
so that they throw no runtime errors during program execution and correspond to the logical assumptions expressed in natural language.
To perform this task you will receive a Python3 code with valid syntax, which not correspond to the logical premises and throw runtime errors,
and these logical premises expressed in natural language, which should be translated into rules in Python3 code.
Your task is to return a valid Python3 rules for a given premises, having corrected the runtime errors.
Improvements made should mainly include defining the correct number of arguments for each function according to corresponding premise
and using inside functions the proper variables, previously defined in the function declaration.
Do not make any corrections to the last function.
Please output only a valid Python code only with comments started with #.
Do not add any additional texts, tags and comments.
Be guided by the following examples:

Example 1
# If the parameter C's value is at least 20, the lowest possible value of parameter D is 40.
def r1(c: float, d: float) -> bool:
    if c >= 20 and d / c >= 0.4:
        return True
    else:
        return False

# Parameter W value should be at least the sum of parameter X, parameter Y and parameter Z.
def r2(x: float, y: float, z: float) -> bool:
    if x + y + z >= 0:
        return True
    else:
        return False

# To identify the day as abnormal, it is enough that even one or more conditions are violated.
def r3(arg1: float, arg2: float, arg3: float, arg4: float, arg5: float, arg6: float):
    return not(r1(arg1, arg2) and r2(arg3, arg4, arg5, arg6)), r1(arg1, arg2), r2(arg3, arg4, arg5, arg6)

It is supposed to translate the following example text into rules:
If the parameter C's value is at least 20, the lowest possible value of parameter D is 40.
Parameter W value should be at least the sum of parameter X, parameter Y and parameter Z.

Code after execution returns the following error:
Traceback (most recent call last):
  File ""/home/obywatelfg/Doktorat/Badania/Logic-LLM/LLM-logic/New_val_Adapt_Task2_outputs_python_no_final_rule/Llama-8/2/python_code/2_output_python.py"", line 18, in <module>
    print(r3(2226.8, 2432.3, 0.3, 0.9, 2.7, 1.0))
  File ""/home/obywatelfg/Doktorat/Badania/Logic-LLM/LLM-logic/New_val_Adapt_Task2_outputs_python_no_final_rule/Llama-8/2/python_code/2_output_python.py"", line 16, in r3
    return not(r1(arg1, arg2) and r2(arg3, arg4, arg5, arg6)), r1(arg1, arg2), r2(arg3, arg4, arg5, arg6)
TypeError: r2() takes 3 positional arguments but 4 were given

Please correct the code.

The corrected code should be the following:
# If the parameter C's value is at least 20, the lowest possible value of parameter D is 40.
def r1(c: float, d: float) -> bool:
    if c >= 20 and d / c >= 0.4:
        return True
    else:
        return False

# This function lack of parameter W in a function definition and a body, where logical rule should check the proportion between param W and sum of params x, y, z.
# Parameter W value should be at least the sum of parameter X, parameter Y and parameter Z.
def r2(x: float, y: float, z: float, w: float) -> bool:
    if x + y + z <= w:
        return True
    else:
        return False

# To identify the day as abnormal, it is enough that even one or more conditions are violated.
def r3(arg1: float, arg2: float, arg3: float, arg4: float, arg5: float, arg6: float):
    return not(r1(arg1, arg2) and r2(arg3, arg4, arg5, arg6)), r1(arg1, arg2), r2(arg3, arg4, arg5, arg6)


Example 2
# If the parameter C's value is at least 20, the lowest possible value of parameter D is 40.
def r1(c: float) -> bool:
    if c >= 40 and c >= 0.4:
        return True
    else:
        return False

# Parameter T's value shouldn't be lower than parameter P's value.
def r2(t: float, p: float) -> bool:
    if t >= p:
        return True
    else:
        return False

# To identify the day as abnormal, it is enough that even one or more conditions are violated.
def r3(arg1: float, arg2: float, arg3: float, arg4: float):
    return not(r1(arg1, arg2) and r2(arg3, arg4)), r1(arg1, arg2), r2(arg3, arg4)

It is supposed to translate the following example text into rules:
If the parameter C's value is at least 20, the lowest possible value of parameter D is 40.
Parameter T's value shouldn't be lower than parameter P's value.

Code after execution returns the following error:
Traceback (most recent call last):
  File ""/home/obywatelfg/Doktorat/Badania/Logic-LLM/LLM-logic/New_val_Adapt_Task2_outputs_python_no_final_rule/Llama-8/4/python_code/121_output_python.py"", line 32, in <module>
    print(r5(227.70000000000002, 75.9, 9.5, 1.9, 7203.1, 6652.3, 10268.5, 8400.7))
  File ""/home/obywatelfg/Doktorat/Badania/Logic-LLM/LLM-logic/New_val_Adapt_Task2_outputs_python_no_final_rule/Llama-8/4/python_code/121_output_python.py"", line 30, in r5
    return not(r1(arg1, arg2) and r2(arg3, arg4) and r3(arg5, arg6) and r4(arg7, arg8)), r1(arg1, arg2), r2(arg3, arg4), r3(arg5, arg6), r4(arg7, arg8)
TypeError: r1() takes 1 positional argument but 2 were given

Please correct the code.

The corrected code should be the following:
# If the parameter C's value is at least 20, the lowest possible value of parameter D is 40.
def r1(c: float, d: float) -> bool:
    if d / c >= 2:
        return True
    else:
        return False

# Parameter T's value shouldn't be lower than parameter P's value.
def r2(t: float, p: float) -> bool:
    if t >= p:
        return True
    else:
        return False

# To identify the day as abnormal, it is enough that even one or more conditions are violated.
def r3(arg1: float, arg2: float, arg3: float, arg4: float):
    return not(r1(arg1, arg2) and r2(arg3, arg4)), r1(arg1, arg2), r2(arg3, arg4)


The input for your task:
This is the Python3 code which not correspond to the given logical premises:
def r1(d: float, e: float) -> bool:
    if d <= e:
        return True
    else:
        return False

def r2(f: float, e: float) -> bool:
    if f <= e:
        return True
    else:
        return False

def r3(g: float, h: float) -> bool:
    if g <= h:
        return True
    else:
        return False

def r4(i: float, j: float) -> bool:
    if i <= j:
        return True
    else:
        return False

def r5(i: float, k: float) -> bool:
    if i <= k:
        return True
    else:
        return False

def r6(j: float, l: float) -> bool:
    if j >= l:
        return True
    else:
        return False

def r7(m: float, n: float) -> bool:
    if m <= n:
        return True
    else:
        return False

def r8(arg1: float, arg2: float, arg3: float, arg4: float, arg5: float, arg6: float, arg7: float, arg8: float, arg9: float, arg10: float, arg11: float, arg12: float, arg13: float, arg14: float, arg15: float, arg16: float):
    return not(r1(arg1, arg2) and r2(arg3, arg4) and r3(arg5, arg6) and r4(arg7, arg8) and r5(arg9, arg10) and r6(arg11, arg12) and r7(arg13, arg14, arg15, arg16)), r1(arg1, arg2), r2(arg3, arg4), r3(arg5, arg6), r4(arg7, arg8), r5(arg9, arg10), r6(arg11, arg12), r7(arg13, arg14, arg15, arg16)

It is supposed to translate the following text into rules:
PTO operation time should be less than or equal to the total operation time.
Driving time must always be less than or equal to the total operation time.
Stops with PTO engaged should never outnumber total stops.
The load carried by axle 1 must be smaller than or equal to the load on axle 2.
Axle 1's load cannot exceed Axle 3's load.
Axle 2's load must always be equal to or greater than the payload.
The combined time for PTO operation, idle time, and driving time must not surpass the total operation time.

Code after execution returns the following error:
Traceback (most recent call last):
  File ""/home/frank/Doktorat/ExKLoP/saved_outputs/Task2_syntax_outputs/Llama-8/7/python_code/369_output_python.py"", line 46, in <module>
    print(r8(4.0, 5.7, 3.2, 8.6, 110, 171, 3241.2, 3010.4, 4270.1, 2362.5, 7.7, 51.6, 0.3, 1.0, 0.7, 2.1))
  File ""/home/frank/Doktorat/ExKLoP/saved_outputs/Task2_syntax_outputs/Llama-8/7/python_code/369_output_python.py"", line 44, in r8
    return not(r1(arg1, arg2) and r2(arg3, arg4) and r3(arg5, arg6) and r4(arg7, arg8) and r5(arg9, arg10) and r6(arg11, arg12) and r7(arg13, arg14, arg15, arg16)), r1(arg1, arg2), r2(arg3, arg4), r3(arg5, arg6), r4(arg7, arg8), r5(arg9, arg10), r6(arg11, arg12), r7(arg13, arg14, arg15, arg16)
TypeError: r7() takes 2 positional arguments but 4 were given


Please correct the code.   ";"PTO operation time should be less than or equal to the total operation time.
Driving time must always be less than or equal to the total operation time.
Stops with PTO engaged should never outnumber total stops.
The load carried by axle 1 must be smaller than or equal to the load on axle 2.
Axle 1's load cannot exceed Axle 3's load.
Axle 2's load must always be equal to or greater than the payload.
The combined time for PTO operation, idle time, and driving time must not surpass the total operation time.";7;[['PTO operation time', 'total operation time'], ['driving time', 'total operation time'], ['stops with PTO engaged', 'stops'], ['axle 1 load', 'axle 2 load'], ['axle 1 load', 'axle 3 load'], ['axle 2 load', 'payload'], ['PTO operation time', 'idle time', 'driving time', 'total operation time']];Llama-8;"def r1(d: float, e: float) -> bool:
    if d <= e:
        return True
    else:
        return False

def r2(f: float, e: float) -> bool:
    if f <= e:
        return True
    else:
        return False

def r3(g: float, h: float) -> bool:
    if g <= h:
        return True
    else:
        return False

def r4(i: float, j: float) -> bool:
    if i <= j:
        return True
    else:
        return False

def r5(i: float, k: float) -> bool:
    if i <= k:
        return True
    else:
        return False

def r6(j: float, l: float) -> bool:
    if j >= l:
        return True
    else:
        return False

def r7(m: float, n: float) -> bool:
    if m + n <= e:  # Use previously defined variable e from function r1 and r2
        return True
    else:
        return False

def r8(arg1: float, arg2: float, arg3: float, arg4: float, arg5: float, arg6: float, arg7: float, arg8: float, arg9: float, arg10: float, arg11: float, arg12: float, arg13: float, arg14: float, arg15: float, arg16: float):
    return not(r1(arg1, arg2) and r2(arg3, arg4) and r3(arg5, arg6) and r4(arg7, arg8) and r5(arg9, arg10) and r6(arg11, arg12) and r7(arg13, arg14, arg15, arg16)), r1(arg1, arg2), r2(arg3, arg4), r3(arg5, arg6), r4(arg7, arg8), r5(arg9, arg10), r6(arg11, arg12), r7(arg13, arg14, arg15, arg16)";Correct syntax;Error;"Traceback (most recent call last):
  File ""/home/frank/Doktorat/ExKLoP/saved_outputs/Task2_runtime_outputs/Llama-8/7/python_code/369_output_python.py"", line 46, in <module>
    print(r8(4.0, 5.7, 3.2, 8.6, 110, 171, 3241.2, 3010.4, 4270.1, 2362.5, 7.7, 51.6, 0.3, 1.0, 0.7, 2.1))
  File ""/home/frank/Doktorat/ExKLoP/saved_outputs/Task2_runtime_outputs/Llama-8/7/python_code/369_output_python.py"", line 44, in r8
    return not(r1(arg1, arg2) and r2(arg3, arg4) and r3(arg5, arg6) and r4(arg7, arg8) and r5(arg9, arg10) and r6(arg11, arg12) and r7(arg13, arg14, arg15, arg16)), r1(arg1, arg2), r2(arg3, arg4), r3(arg5, arg6), r4(arg7, arg8), r5(arg9, arg10), r6(arg11, arg12), r7(arg13, arg14, arg15, arg16)
TypeError: r7() takes 2 positional arguments but 4 were given
"
"System Message:
        You are a logician with a background in mathematics that translates natural language
        reasoning text to Python3 code so that these natural language reasoning problems can be solved.
        During the translation, please pay close attention to defining variables and rules.
        Do not add any comments from you.
        Be guided by the following example:
        Example input text:
        Textual context: If the parameter A's value is at least 20, the lowest possible value of parameter B is 5.
If the parameter C's value is at least 20, the lowest possible value of parameter D is 40.
Parameter E's value cannot be less than parameter F's value.
Parameter G's value cannot be less than parameter H's value.
Parameter I's value cannot be less than parameter J's value.
Parameter K's value cannot be less than parameter L's value.
Parameter M's value cannot be greater than parameter N's value.
Parameter O's value cannot be greater than parameter P's value.
Parameter R's value cannot be greater than parameter S's value.

        Example Python3 code:
        # If the parameter A's value is at least 20, the lowest possible value of parameter B is 5.
def r1(a: float, b: float) -> bool:
    if b / a >= 0.25:
        return True
    else:
        return False

# If the parameter C's value is at least 20, the lowest possible value of parameter D is 40.
def r2(c: float, d: float) -> bool:
    if d / c >= 2:
        return True
    else:
        return False

# Parameter E's value cannot be less than parameter F's value.
def r3(e: float, f: float) -> bool:
    if e >= f:
        return True
    else:
        return False

# Parameter G's value cannot be less than parameter H's value.
def r4(g: float, h: float) -> bool:
    if g >= h:
        return True
    else:
        return False

# Parameter I's value cannot be less than parameter J's value.
def r5(i: float, j: float) -> bool:
    if i >= j:
        return True
    else:
        return False

# Parameter K's value cannot be less than parameter L's value.
def r6(k: float, l: float) -> bool:
    if k >= l:
        return True
    else:
        return False

# Parameter M's value cannot be greater than parameter N's value.
def r7(m: float, n: float) -> bool:
    if m <= n:
        return True
    else:
        return False

# Parameter O's value cannot be greater than parameter P's value.
def r8(o: float, p: float) -> bool:
    if o <= p:
        return True
    else:
        return False

# Parameter R's value cannot be greater than parameter S's value.
def r9(r: float, s: float) -> bool:
    if r <= s:
        return True
    else:
        return False


        
Input text:
Textual context: The total operation duration must not be lower than the PTO operation time.
The total operation durationmust not be lower than the driving time.
Stops with PTO engaged cannot outnumber the total stops.
Axle 1's load cannot exceed Axle 2's load.
The payload must not exceed the load carried by axle 2.
The payload must not exceed the load carried by axle 3.
Total operation time should be at least the sum of PTO, idle, and driving times.";"The total operation duration must not be lower than the PTO operation time.
The total operation durationmust not be lower than the driving time.
Stops with PTO engaged cannot outnumber the total stops.
Axle 1's load cannot exceed Axle 2's load.
The payload must not exceed the load carried by axle 2.
The payload must not exceed the load carried by axle 3.
Total operation time should be at least the sum of PTO, idle, and driving times.";7;[['total operation time', 'PTO operation time'], ['total operation time', 'driving time'], ['stops with PTO engaged', 'stops'], ['axle 1 load', 'axle 2 load'], ['payload', 'axle 2 load'], ['payload', 'axle 3 load'], ['total operation time', 'PTO operation time', 'idle time', 'driving time']];Llama-8;"def r1(t: float, p: float) -> bool:
    if t >= p:
        return True
    else:
        return False

def r2(t: float, d: float) -> bool:
    if t >= d:
        return True
    else:
        return False

def r3(s: int, t: int) -> bool:
    if s <= t:
        return True
    else:
        return False

def r4(a1: float, a2: float) -> bool:
    if a1 <= a2:
        return True
    else:
        return False

def r5(p: float, a2: float) -> bool:
    if p <= a2:
        return True
    else:
        return False

def r6(p: float, a3: float) -> bool:
    if p <= a3:
        return True
    else:
        return False

def r7(t: float, p: float, i: float, d: float) -> bool:
    if t >= p + i + d:
        return True
    else:
        return False

def r8(arg1: float, arg2: float, arg3: float, arg4: float, arg5: float, arg6: float, arg7: float, arg8: float, arg9: float, arg10: float, arg11: float, arg12: float, arg13: float, arg14: float, arg15: float, arg16: float):
    return not(r1(arg1, arg2) and r2(arg3, arg4) and r3(arg5, arg6) and r4(arg7, arg8) and r5(arg9, arg10) and r6(arg11, arg12) and r7(arg13, arg14, arg15, arg16)), r1(arg1, arg2), r2(arg3, arg4), r3(arg5, arg6), r4(arg7, arg8), r5(arg9, arg10), r6(arg11, arg12), r7(arg13, arg14, arg15, arg16)";Correct syntax;['True, True, True, True, False, False, False, True', 'False, True, True, True, True, True, True, True', 'True, False, False, False, True, True, True, False'];['True, True, True, True, False, False, False, True', 'False, True, True, True, True, True, True, True', 'True, False, False, False, True, True, True, False']
"System Message:
        You are a logician with a background in mathematics that translates natural language
        reasoning text to Python3 code so that these natural language reasoning problems can be solved.
        During the translation, please pay close attention to defining variables and rules.
        Do not add any comments from you.
        Be guided by the following example:
        Example input text:
        Textual context: If the parameter A's value is at least 20, the lowest possible value of parameter B is 5.
If the parameter C's value is at least 20, the lowest possible value of parameter D is 40.
Parameter E's value cannot be less than parameter F's value.
Parameter G's value cannot be less than parameter H's value.
Parameter I's value cannot be less than parameter J's value.
Parameter K's value cannot be less than parameter L's value.
Parameter M's value cannot be greater than parameter N's value.
Parameter O's value cannot be greater than parameter P's value.
Parameter R's value cannot be greater than parameter S's value.

        Example Python3 code:
        # If the parameter A's value is at least 20, the lowest possible value of parameter B is 5.
def r1(a: float, b: float) -> bool:
    if b / a >= 0.25:
        return True
    else:
        return False

# If the parameter C's value is at least 20, the lowest possible value of parameter D is 40.
def r2(c: float, d: float) -> bool:
    if d / c >= 2:
        return True
    else:
        return False

# Parameter E's value cannot be less than parameter F's value.
def r3(e: float, f: float) -> bool:
    if e >= f:
        return True
    else:
        return False

# Parameter G's value cannot be less than parameter H's value.
def r4(g: float, h: float) -> bool:
    if g >= h:
        return True
    else:
        return False

# Parameter I's value cannot be less than parameter J's value.
def r5(i: float, j: float) -> bool:
    if i >= j:
        return True
    else:
        return False

# Parameter K's value cannot be less than parameter L's value.
def r6(k: float, l: float) -> bool:
    if k >= l:
        return True
    else:
        return False

# Parameter M's value cannot be greater than parameter N's value.
def r7(m: float, n: float) -> bool:
    if m <= n:
        return True
    else:
        return False

# Parameter O's value cannot be greater than parameter P's value.
def r8(o: float, p: float) -> bool:
    if o <= p:
        return True
    else:
        return False

# Parameter R's value cannot be greater than parameter S's value.
def r9(r: float, s: float) -> bool:
    if r <= s:
        return True
    else:
        return False


        
Input text:
Textual context: PTO operation time must be less than or equal to the total operation time.
Idle time must always be less than or equal to the total operation time.
Total operation time should shouldn’t be lower than driving time.
The weight on axle 1 cannot surpass the weight on axle 2.
The load carried by axle 1 must be smaller than or equal to the load on axle 3.
Axle 3's load must always be equal to or greater than the payload.
The combined time for PTO operation, idle time, and driving time must not surpass the total operation time.";"PTO operation time must be less than or equal to the total operation time.
Idle time must always be less than or equal to the total operation time.
Total operation time should shouldn’t be lower than driving time.
The weight on axle 1 cannot surpass the weight on axle 2.
The load carried by axle 1 must be smaller than or equal to the load on axle 3.
Axle 3's load must always be equal to or greater than the payload.
The combined time for PTO operation, idle time, and driving time must not surpass the total operation time.";7;[['PTO operation time', 'total operation time'], ['idle time', 'total operation time'], ['total operation time', 'driving time'], ['axle 1 load', 'axle 2 load'], ['axle 1 load', 'axle 3 load'], ['axle 3 load', 'payload'], ['PTO operation time', 'idle time', 'driving time', 'total operation time']];Llama-8;"def r1(pto_time: float, total_time: float) -> bool:
    if pto_time <= total_time:
        return True
    else:
        return False

def r2(idle_time: float, total_time: float) -> bool:
    if idle_time <= total_time:
        return True
    else:
        return False

def r3(total_time: float, driving_time: float) -> bool:
    if total_time >= driving_time:
        return True
    else:
        return False

def r4(axle1_weight: float, axle2_weight: float) -> bool:
    if axle1_weight <= axle2_weight:
        return True
    else:
        return False

def r5(axle1_load: float, axle3_load: float) -> bool:
    if axle1_load <= axle3_load:
        return True
    else:
        return False

def r6(axle3_load: float, payload: float) -> bool:
    if axle3_load >= payload:
        return True
    else:
        return False

def r7(pto_time: float, idle_time: float, driving_time: float, total_time: float) -> bool:
    if pto_time + idle_time + driving_time <= total_time:
        return True
    else:
        return False

def r8(arg1: float, arg2: float, arg3: float, arg4: float, arg5: float, arg6: float, arg7: float, arg8: float, arg9: float, arg10: float, arg11: float, arg12: float, arg13: float, arg14: float, arg15: float, arg16: float):
    return not(r1(arg1, arg2) and r2(arg3, arg4) and r3(arg5, arg6) and r4(arg7, arg8) and r5(arg9, arg10) and r6(arg11, arg12) and r7(arg13, arg14, arg15, arg16)), r1(arg1, arg2), r2(arg3, arg4), r3(arg5, arg6), r4(arg7, arg8), r5(arg9, arg10), r6(arg11, arg12), r7(arg13, arg14, arg15, arg16)";Correct syntax;['True, True, True, True, False, False, False, True', 'False, True, True, True, True, True, True, True', 'True, False, False, False, True, True, True, False'];['True, True, True, True, False, False, False, True', 'False, True, True, True, True, True, True, True', 'True, False, False, False, True, True, True, False']
"System Message:
You are an agent which task is to correct Python3 code implementing logical rules, generated by another large language model,
so that they throw no runtime errors during program execution and correspond to the logical assumptions expressed in natural language.
To perform this task you will receive a Python3 code with valid syntax, which not correspond to the logical premises and throw runtime errors,
and these logical premises expressed in natural language, which should be translated into rules in Python3 code.
Your task is to return a valid Python3 rules for a given premises, having corrected the runtime errors.
Improvements made should mainly include defining the correct number of arguments for each function according to corresponding premise
and using inside functions the proper variables, previously defined in the function declaration.
Do not make any corrections to the last function.
Please output only a valid Python code only with comments started with #.
Do not add any additional texts, tags and comments.
Be guided by the following examples:

Example 1
# If the parameter C's value is at least 20, the lowest possible value of parameter D is 40.
def r1(c: float, d: float) -> bool:
    if c >= 20 and d / c >= 0.4:
        return True
    else:
        return False

# Parameter W value should be at least the sum of parameter X, parameter Y and parameter Z.
def r2(x: float, y: float, z: float) -> bool:
    if x + y + z >= 0:
        return True
    else:
        return False

# To identify the day as abnormal, it is enough that even one or more conditions are violated.
def r3(arg1: float, arg2: float, arg3: float, arg4: float, arg5: float, arg6: float):
    return not(r1(arg1, arg2) and r2(arg3, arg4, arg5, arg6)), r1(arg1, arg2), r2(arg3, arg4, arg5, arg6)

It is supposed to translate the following example text into rules:
If the parameter C's value is at least 20, the lowest possible value of parameter D is 40.
Parameter W value should be at least the sum of parameter X, parameter Y and parameter Z.

Code after execution returns the following error:
Traceback (most recent call last):
  File ""/home/obywatelfg/Doktorat/Badania/Logic-LLM/LLM-logic/New_val_Adapt_Task2_outputs_python_no_final_rule/Llama-8/2/python_code/2_output_python.py"", line 18, in <module>
    print(r3(2226.8, 2432.3, 0.3, 0.9, 2.7, 1.0))
  File ""/home/obywatelfg/Doktorat/Badania/Logic-LLM/LLM-logic/New_val_Adapt_Task2_outputs_python_no_final_rule/Llama-8/2/python_code/2_output_python.py"", line 16, in r3
    return not(r1(arg1, arg2) and r2(arg3, arg4, arg5, arg6)), r1(arg1, arg2), r2(arg3, arg4, arg5, arg6)
TypeError: r2() takes 3 positional arguments but 4 were given

Please correct the code.

The corrected code should be the following:
# If the parameter C's value is at least 20, the lowest possible value of parameter D is 40.
def r1(c: float, d: float) -> bool:
    if c >= 20 and d / c >= 0.4:
        return True
    else:
        return False

# This function lack of parameter W in a function definition and a body, where logical rule should check the proportion between param W and sum of params x, y, z.
# Parameter W value should be at least the sum of parameter X, parameter Y and parameter Z.
def r2(x: float, y: float, z: float, w: float) -> bool:
    if x + y + z <= w:
        return True
    else:
        return False

# To identify the day as abnormal, it is enough that even one or more conditions are violated.
def r3(arg1: float, arg2: float, arg3: float, arg4: float, arg5: float, arg6: float):
    return not(r1(arg1, arg2) and r2(arg3, arg4, arg5, arg6)), r1(arg1, arg2), r2(arg3, arg4, arg5, arg6)


Example 2
# If the parameter C's value is at least 20, the lowest possible value of parameter D is 40.
def r1(c: float) -> bool:
    if c >= 40 and c >= 0.4:
        return True
    else:
        return False

# Parameter T's value shouldn't be lower than parameter P's value.
def r2(t: float, p: float) -> bool:
    if t >= p:
        return True
    else:
        return False

# To identify the day as abnormal, it is enough that even one or more conditions are violated.
def r3(arg1: float, arg2: float, arg3: float, arg4: float):
    return not(r1(arg1, arg2) and r2(arg3, arg4)), r1(arg1, arg2), r2(arg3, arg4)

It is supposed to translate the following example text into rules:
If the parameter C's value is at least 20, the lowest possible value of parameter D is 40.
Parameter T's value shouldn't be lower than parameter P's value.

Code after execution returns the following error:
Traceback (most recent call last):
  File ""/home/obywatelfg/Doktorat/Badania/Logic-LLM/LLM-logic/New_val_Adapt_Task2_outputs_python_no_final_rule/Llama-8/4/python_code/121_output_python.py"", line 32, in <module>
    print(r5(227.70000000000002, 75.9, 9.5, 1.9, 7203.1, 6652.3, 10268.5, 8400.7))
  File ""/home/obywatelfg/Doktorat/Badania/Logic-LLM/LLM-logic/New_val_Adapt_Task2_outputs_python_no_final_rule/Llama-8/4/python_code/121_output_python.py"", line 30, in r5
    return not(r1(arg1, arg2) and r2(arg3, arg4) and r3(arg5, arg6) and r4(arg7, arg8)), r1(arg1, arg2), r2(arg3, arg4), r3(arg5, arg6), r4(arg7, arg8)
TypeError: r1() takes 1 positional argument but 2 were given

Please correct the code.

The corrected code should be the following:
# If the parameter C's value is at least 20, the lowest possible value of parameter D is 40.
def r1(c: float, d: float) -> bool:
    if d / c >= 2:
        return True
    else:
        return False

# Parameter T's value shouldn't be lower than parameter P's value.
def r2(t: float, p: float) -> bool:
    if t >= p:
        return True
    else:
        return False

# To identify the day as abnormal, it is enough that even one or more conditions are violated.
def r3(arg1: float, arg2: float, arg3: float, arg4: float):
    return not(r1(arg1, arg2) and r2(arg3, arg4)), r1(arg1, arg2), r2(arg3, arg4)


The input for your task:
This is the Python3 code which not correspond to the given logical premises:
def r1(x: float, y: float) -> bool:
    if x <= y:
        return True
    else:
        return False

def r2(z: float, w: float) -> bool:
    if z >= w:
        return True
    else:
        return False

def r3(u: float, v: float) -> bool:
    if u <= v:
        return True
    else:
        return False

def r4(m: float, n: float) -> bool:
    if m <= n:
        return True
    else:
        return False

def r5(m: float, o: float) -> bool:
    if m <= o:
        return True
    else:
        return False

def r6(p: float, n: float) -> bool:
    if p <= n:
        return True
    else:
        return False

def r7(o: float, p: float) -> bool:
    if o >= p:
        return True
    else:
        return False

def r8(x: float, y: float, z: float) -> bool:
    if x + y + z >= x:
        return True
    else:
        return False

def r9(arg1: float, arg2: float, arg3: float, arg4: float, arg5: float, arg6: float, arg7: float, arg8: float, arg9: float, arg10: float, arg11: float, arg12: float, arg13: float, arg14: float, arg15: float, arg16: float, arg17: float, arg18: float):
    return not(r1(arg1, arg2) and r2(arg3, arg4) and r3(arg5, arg6) and r4(arg7, arg8) and r5(arg9, arg10) and r6(arg11, arg12) and r7(arg13, arg14) and r8(arg15, arg16, arg17, arg18)), r1(arg1, arg2), r2(arg3, arg4), r3(arg5, arg6), r4(arg7, arg8), r5(arg9, arg10), r6(arg11, arg12), r7(arg13, arg14), r8(arg15, arg16, arg17, arg18)

It is supposed to translate the following text into rules:
PTO operation time should be less than or equal to the total operation time.
Total operation time should shouldn’t be lower than driving time.
PTO-engaged stops cannot exceed the total number of stops.
The load carried by axle 1 must be smaller than or equal to the load on axle 2.
The load supported by axle 1 cannot exceed that of axle 3.
Payload must remain below or equal to the load carried by axle 2.
Axle 3's load must always be equal to or greater than the payload.
The total operation duration must always be greater than or equal to the combined time for PTO, idle, and driving.

Code after execution returns the following error:
Traceback (most recent call last):
  File ""/home/frank/Doktorat/ExKLoP/saved_outputs/Task2_syntax_outputs/Llama-8/8/python_code/372_output_python.py"", line 52, in <module>
    print(r9(4.0, 5.7, 8.6, 3.2, 110, 171, 3241.2, 3010.4, 4270.1, 2362.5, 51.6, 7.7, 1093.9, 7094.8, 2.1, 0.3, 1.0, 0.7))
  File ""/home/frank/Doktorat/ExKLoP/saved_outputs/Task2_syntax_outputs/Llama-8/8/python_code/372_output_python.py"", line 50, in r9
    return not(r1(arg1, arg2) and r2(arg3, arg4) and r3(arg5, arg6) and r4(arg7, arg8) and r5(arg9, arg10) and r6(arg11, arg12) and r7(arg13, arg14) and r8(arg15, arg16, arg17, arg18)), r1(arg1, arg2), r2(arg3, arg4), r3(arg5, arg6), r4(arg7, arg8), r5(arg9, arg10), r6(arg11, arg12), r7(arg13, arg14), r8(arg15, arg16, arg17, arg18)
TypeError: r8() takes 3 positional arguments but 4 were given


Please correct the code.   ";"PTO operation time should be less than or equal to the total operation time.
Total operation time should shouldn’t be lower than driving time.
PTO-engaged stops cannot exceed the total number of stops.
The load carried by axle 1 must be smaller than or equal to the load on axle 2.
The load supported by axle 1 cannot exceed that of axle 3.
Payload must remain below or equal to the load carried by axle 2.
Axle 3's load must always be equal to or greater than the payload.
The total operation duration must always be greater than or equal to the combined time for PTO, idle, and driving.";8;[['PTO operation time', 'total operation time'], ['total operation time', 'driving time'], ['stops with PTO engaged', 'stops'], ['axle 1 load', 'axle 2 load'], ['axle 1 load', 'axle 3 load'], ['payload', 'axle 2 load'], ['axle 3 load', 'payload'], ['total operation time', 'PTO operation time', 'idle time', 'driving time']];Llama-8;"# PTO operation time should be less than or equal to the total operation time.
def r1(pto: float, total_operation_time: float) -> bool:
    if pto <= total_operation_time:
        return True
    else:
        return False

# Total operation time should shouldn’t be lower than driving time.
def r2(total_operation_time: float, driving_time: float) -> bool:
    if total_operation_time >= driving_time:
        return True
    else:
        return False

# PTO-engaged stops cannot exceed the total number of stops.
def r3(pto_engaged_stops: float, total_stops: float) -> bool:
    if pto_engaged_stops <= total_stops:
        return True
    else:
        return False

# The load carried by axle 1 must be smaller than or equal to the load on axle 2.
def r4(axle_1_load: float, axle_2_load: float) -> bool:
    if axle_1_load <= axle_2_load:
        return True
    else:
        return False

# The load supported by axle 1 cannot exceed that of axle 3.
def r5(axle_1_load: float, axle_3_load: float) -> bool:
    if axle_1_load <= axle_3_load:
        return True
    else:
        return False

# Payload must remain below or equal to the load carried by axle 2.
def r6(payload: float, axle_2_load: float) -> bool:
    if payload <= axle_2_load:
        return True
    else:
        return False

# Axle 3's load must always be equal to or greater than the payload.
def r7(payload: float, axle_3_load: float) -> bool:
    if payload <= axle_3_load:
        return True
    else:
        return False

# The total operation duration must always be greater than or equal to the combined time for PTO, idle, and driving.
def r8(total_operation_duration: float, pto_time: float, idle_time: float, driving_time: float) -> bool:
    if total_operation_duration >= pto_time + idle_time + driving_time:
        return True
    else:
        return False

# To identify the day as abnormal, it is enough that even one or more conditions are violated.
def r9(pto: float, total_operation_time: float, pto_engaged_stops: float, total_stops: float, axle_1_load: float, axle_2_load: float, axle_3_load: float, payload: float, total_operation_duration: float, pto_time: float, idle_time: float, driving_time: float) -> bool:
    return not(r1(pto, total_operation_time) and r2(total_operation_time, driving_time) and r3(pto_engaged_stops, total_stops) and r4(axle_1_load, axle_2_load) and r5(axle_1_load, axle_3_load) and r6(payload, axle_2_load) and r7(payload, axle_3_load) and r8(total_operation_duration, pto_time, idle_time, driving_time)), r1(pto, total_operation_time), r2(total_operation_time, driving_time), r3(pto_engaged_stops, total_stops), r4(axle_1_load, axle_2_load), r5(axle_1_load, axle_3_load), r6(payload, axle_2_load), r7(payload, axle_3_load), r8(total_operation_duration, pto_time, idle_time, driving_time)

def r9(arg1: float, arg2: float, arg3: float, arg4: float, arg5: float, arg6: float, arg7: float, arg8: float, arg9: float, arg10: float, arg11: float, arg12: float, arg13: float, arg14: float, arg15: float, arg16: float, arg17: float, arg18: float):
    return not(r1(arg1, arg2) and r2(arg3, arg4) and r3(arg5, arg6) and r4(arg7, arg8) and r5(arg9, arg10) and r6(arg11, arg12) and r7(arg13, arg14) and r8(arg15, arg16, arg17, arg18)), r1(arg1, arg2), r2(arg3, arg4), r3(arg5, arg6), r4(arg7, arg8), r5(arg9, arg10), r6(arg11, arg12), r7(arg13, arg14), r8(arg15, arg16, arg17, arg18)";Correct syntax;['True, True, True, True, False, False, False, False, True', 'False, True, True, True, True, True, True, True, True', 'True, False, False, False, True, True, True, True, False'];['True, True, True, True, False, False, False, True, True', 'False, True, True, True, True, True, True, True, True', 'True, False, False, False, True, True, True, False, False']
"System Message:
        You are a logician with a background in mathematics that translates natural language
        reasoning text to Python3 code so that these natural language reasoning problems can be solved.
        During the translation, please pay close attention to defining variables and rules.
        Do not add any comments from you.
        Be guided by the following example:
        Example input text:
        Textual context: If the parameter A's value is at least 20, the lowest possible value of parameter B is 5.
If the parameter C's value is at least 20, the lowest possible value of parameter D is 40.
Parameter E's value cannot be less than parameter F's value.
Parameter G's value cannot be less than parameter H's value.
Parameter I's value cannot be less than parameter J's value.
Parameter K's value cannot be less than parameter L's value.
Parameter M's value cannot be greater than parameter N's value.
Parameter O's value cannot be greater than parameter P's value.
Parameter R's value cannot be greater than parameter S's value.

        Example Python3 code:
        # If the parameter A's value is at least 20, the lowest possible value of parameter B is 5.
def r1(a: float, b: float) -> bool:
    if b / a >= 0.25:
        return True
    else:
        return False

# If the parameter C's value is at least 20, the lowest possible value of parameter D is 40.
def r2(c: float, d: float) -> bool:
    if d / c >= 2:
        return True
    else:
        return False

# Parameter E's value cannot be less than parameter F's value.
def r3(e: float, f: float) -> bool:
    if e >= f:
        return True
    else:
        return False

# Parameter G's value cannot be less than parameter H's value.
def r4(g: float, h: float) -> bool:
    if g >= h:
        return True
    else:
        return False

# Parameter I's value cannot be less than parameter J's value.
def r5(i: float, j: float) -> bool:
    if i >= j:
        return True
    else:
        return False

# Parameter K's value cannot be less than parameter L's value.
def r6(k: float, l: float) -> bool:
    if k >= l:
        return True
    else:
        return False

# Parameter M's value cannot be greater than parameter N's value.
def r7(m: float, n: float) -> bool:
    if m <= n:
        return True
    else:
        return False

# Parameter O's value cannot be greater than parameter P's value.
def r8(o: float, p: float) -> bool:
    if o <= p:
        return True
    else:
        return False

# Parameter R's value cannot be greater than parameter S's value.
def r9(r: float, s: float) -> bool:
    if r <= s:
        return True
    else:
        return False


        
Input text:
Textual context: Idle time should be less than or equal to the total operation time.
The total operation durationmust not be lower than the driving time.
PTO-engaged stops cannot exceed the total number of stops.
The load on axle 1 must not surpass the load on axle 2.
Axle 2's load must always be equal to or greater than the payload.
The payload must always be smaller than or equal to the load on axle 3.
The total operation duration must always be greater than or equal to the combined time for PTO, idle, and driving.";"Idle time should be less than or equal to the total operation time.
The total operation durationmust not be lower than the driving time.
PTO-engaged stops cannot exceed the total number of stops.
The load on axle 1 must not surpass the load on axle 2.
Axle 2's load must always be equal to or greater than the payload.
The payload must always be smaller than or equal to the load on axle 3.
The total operation duration must always be greater than or equal to the combined time for PTO, idle, and driving.";7;[['idle time', 'total operation time'], ['total operation time', 'driving time'], ['stops with PTO engaged', 'stops'], ['axle 1 load', 'axle 2 load'], ['axle 2 load', 'payload'], ['payload', 'axle 3 load'], ['total operation time', 'PTO operation time', 'idle time', 'driving time']];Llama-8;"def r1(idle_time: float, operation_time: float) -> bool:
    if idle_time <= operation_time:
        return True
    else:
        return False

def r2(operation_time: float, driving_time: float) -> bool:
    if operation_time >= driving_time:
        return True
    else:
        return False

def r3(pto_stops: float, total_stops: float) -> bool:
    if pto_stops <= total_stops:
        return True
    else:
        return False

def r4(axle1_load: float, axle2_load: float) -> bool:
    if axle1_load <= axle2_load:
        return True
    else:
        return False

def r5(axle2_load: float, payload: float) -> bool:
    if axle2_load >= payload:
        return True
    else:
        return False

def r6(payload: float, axle3_load: float) -> bool:
    if payload <= axle3_load:
        return True
    else:
        return False

def r7(operation_time: float, pto_time: float, idle_time: float, driving_time: float) -> bool:
    if operation_time >= pto_time + idle_time + driving_time:
        return True
    else:
        return False

def r8(arg1: float, arg2: float, arg3: float, arg4: float, arg5: float, arg6: float, arg7: float, arg8: float, arg9: float, arg10: float, arg11: float, arg12: float, arg13: float, arg14: float, arg15: float, arg16: float):
    return not(r1(arg1, arg2) and r2(arg3, arg4) and r3(arg5, arg6) and r4(arg7, arg8) and r5(arg9, arg10) and r6(arg11, arg12) and r7(arg13, arg14, arg15, arg16)), r1(arg1, arg2), r2(arg3, arg4), r3(arg5, arg6), r4(arg7, arg8), r5(arg9, arg10), r6(arg11, arg12), r7(arg13, arg14, arg15, arg16)";Correct syntax;['True, True, True, True, False, False, False, True', 'False, True, True, True, True, True, True, True', 'True, False, False, False, True, True, True, False'];['True, True, True, True, False, False, False, True', 'False, True, True, True, True, True, True, True', 'True, False, False, False, True, True, True, False']
"System Message:
        You are a logician with a background in mathematics that translates natural language
        reasoning text to Python3 code so that these natural language reasoning problems can be solved.
        During the translation, please pay close attention to defining variables and rules.
        Do not add any comments from you.
        Be guided by the following example:
        Example input text:
        Textual context: If the parameter A's value is at least 20, the lowest possible value of parameter B is 5.
If the parameter C's value is at least 20, the lowest possible value of parameter D is 40.
Parameter E's value cannot be less than parameter F's value.
Parameter G's value cannot be less than parameter H's value.
Parameter I's value cannot be less than parameter J's value.
Parameter K's value cannot be less than parameter L's value.
Parameter M's value cannot be greater than parameter N's value.
Parameter O's value cannot be greater than parameter P's value.
Parameter R's value cannot be greater than parameter S's value.

        Example Python3 code:
        # If the parameter A's value is at least 20, the lowest possible value of parameter B is 5.
def r1(a: float, b: float) -> bool:
    if b / a >= 0.25:
        return True
    else:
        return False

# If the parameter C's value is at least 20, the lowest possible value of parameter D is 40.
def r2(c: float, d: float) -> bool:
    if d / c >= 2:
        return True
    else:
        return False

# Parameter E's value cannot be less than parameter F's value.
def r3(e: float, f: float) -> bool:
    if e >= f:
        return True
    else:
        return False

# Parameter G's value cannot be less than parameter H's value.
def r4(g: float, h: float) -> bool:
    if g >= h:
        return True
    else:
        return False

# Parameter I's value cannot be less than parameter J's value.
def r5(i: float, j: float) -> bool:
    if i >= j:
        return True
    else:
        return False

# Parameter K's value cannot be less than parameter L's value.
def r6(k: float, l: float) -> bool:
    if k >= l:
        return True
    else:
        return False

# Parameter M's value cannot be greater than parameter N's value.
def r7(m: float, n: float) -> bool:
    if m <= n:
        return True
    else:
        return False

# Parameter O's value cannot be greater than parameter P's value.
def r8(o: float, p: float) -> bool:
    if o <= p:
        return True
    else:
        return False

# Parameter R's value cannot be greater than parameter S's value.
def r9(r: float, s: float) -> bool:
    if r <= s:
        return True
    else:
        return False


        
Input text:
Textual context: PTO operation time should be less than or equal to the total operation time.
Idle time must always be less than or equal to the total operation time.
The load on axle 1 must not surpass the load on axle 2.
The load carried by axle 1 must be smaller than or equal to the load on axle 3.
Payload must remain below or equal to the load carried by axle 2.
The payload must not exceed the load carried by axle 3.
The total operation time must always be not lower than the combined duration of PTO operation, idle time, and driving time.";"PTO operation time should be less than or equal to the total operation time.
Idle time must always be less than or equal to the total operation time.
The load on axle 1 must not surpass the load on axle 2.
The load carried by axle 1 must be smaller than or equal to the load on axle 3.
Payload must remain below or equal to the load carried by axle 2.
The payload must not exceed the load carried by axle 3.
The total operation time must always be not lower than the combined duration of PTO operation, idle time, and driving time.";7;[['PTO operation time', 'total operation time'], ['idle time', 'total operation time'], ['axle 1 load', 'axle 2 load'], ['axle 1 load', 'axle 3 load'], ['payload', 'axle 2 load'], ['payload', 'axle 3 load'], ['total operation time', 'PTO operation time', 'idle time', 'driving time']];Llama-8;"def r1(pto_operation_time: float, total_operation_time: float) -> bool:
    if pto_operation_time <= total_operation_time:
        return True
    else:
        return False

def r2(idle_time: float, total_operation_time: float) -> bool:
    if idle_time <= total_operation_time:
        return True
    else:
        return False

def r3(load_axle1: float, load_axle2: float) -> bool:
    if load_axle1 <= load_axle2:
        return True
    else:
        return False

def r4(load_axle1: float, load_axle3: float) -> bool:
    if load_axle1 <= load_axle3:
        return True
    else:
        return False

def r5(payload: float, load_axle2: float) -> bool:
    if payload <= load_axle2:
        return True
    else:
        return False

def r6(payload: float, load_axle3: float) -> bool:
    if payload <= load_axle3:
        return True
    else:
        return False

def r7(pto_operation_time: float, idle_time: float, driving_time: float, total_operation_time: float) -> bool:
    if pto_operation_time + idle_time + driving_time <= total_operation_time:
        return True
    else:
        return False

def r8(arg1: float, arg2: float, arg3: float, arg4: float, arg5: float, arg6: float, arg7: float, arg8: float, arg9: float, arg10: float, arg11: float, arg12: float, arg13: float, arg14: float, arg15: float, arg16: float):
    return not(r1(arg1, arg2) and r2(arg3, arg4) and r3(arg5, arg6) and r4(arg7, arg8) and r5(arg9, arg10) and r6(arg11, arg12) and r7(arg13, arg14, arg15, arg16)), r1(arg1, arg2), r2(arg3, arg4), r3(arg5, arg6), r4(arg7, arg8), r5(arg9, arg10), r6(arg11, arg12), r7(arg13, arg14, arg15, arg16)";Correct syntax;['True, True, True, False, False, False, False, True', 'False, True, True, True, True, True, True, True', 'True, False, False, True, True, True, True, False'];['True, True, True, False, False, False, False, False', 'True, True, True, True, True, True, True, False', 'True, False, False, True, True, True, True, False']
"System Message:
You are an agent which task is to correct Python3 code implementing logical rules, generated by another large language model,
so that they throw no runtime errors during program execution and correspond to the logical assumptions expressed in natural language.
To perform this task you will receive a Python3 code with valid syntax, which not correspond to the logical premises and throw runtime errors,
and these logical premises expressed in natural language, which should be translated into rules in Python3 code.
Your task is to return a valid Python3 rules for a given premises, having corrected the runtime errors.
Improvements made should mainly include defining the correct number of arguments for each function according to corresponding premise
and using inside functions the proper variables, previously defined in the function declaration.
Do not make any corrections to the last function.
Please output only a valid Python code only with comments started with #.
Do not add any additional texts, tags and comments.
Be guided by the following examples:

Example 1
# If the parameter C's value is at least 20, the lowest possible value of parameter D is 40.
def r1(c: float, d: float) -> bool:
    if c >= 20 and d / c >= 0.4:
        return True
    else:
        return False

# Parameter W value should be at least the sum of parameter X, parameter Y and parameter Z.
def r2(x: float, y: float, z: float) -> bool:
    if x + y + z >= 0:
        return True
    else:
        return False

# To identify the day as abnormal, it is enough that even one or more conditions are violated.
def r3(arg1: float, arg2: float, arg3: float, arg4: float, arg5: float, arg6: float):
    return not(r1(arg1, arg2) and r2(arg3, arg4, arg5, arg6)), r1(arg1, arg2), r2(arg3, arg4, arg5, arg6)

It is supposed to translate the following example text into rules:
If the parameter C's value is at least 20, the lowest possible value of parameter D is 40.
Parameter W value should be at least the sum of parameter X, parameter Y and parameter Z.

Code after execution returns the following error:
Traceback (most recent call last):
  File ""/home/obywatelfg/Doktorat/Badania/Logic-LLM/LLM-logic/New_val_Adapt_Task2_outputs_python_no_final_rule/Llama-8/2/python_code/2_output_python.py"", line 18, in <module>
    print(r3(2226.8, 2432.3, 0.3, 0.9, 2.7, 1.0))
  File ""/home/obywatelfg/Doktorat/Badania/Logic-LLM/LLM-logic/New_val_Adapt_Task2_outputs_python_no_final_rule/Llama-8/2/python_code/2_output_python.py"", line 16, in r3
    return not(r1(arg1, arg2) and r2(arg3, arg4, arg5, arg6)), r1(arg1, arg2), r2(arg3, arg4, arg5, arg6)
TypeError: r2() takes 3 positional arguments but 4 were given

Please correct the code.

The corrected code should be the following:
# If the parameter C's value is at least 20, the lowest possible value of parameter D is 40.
def r1(c: float, d: float) -> bool:
    if c >= 20 and d / c >= 0.4:
        return True
    else:
        return False

# This function lack of parameter W in a function definition and a body, where logical rule should check the proportion between param W and sum of params x, y, z.
# Parameter W value should be at least the sum of parameter X, parameter Y and parameter Z.
def r2(x: float, y: float, z: float, w: float) -> bool:
    if x + y + z <= w:
        return True
    else:
        return False

# To identify the day as abnormal, it is enough that even one or more conditions are violated.
def r3(arg1: float, arg2: float, arg3: float, arg4: float, arg5: float, arg6: float):
    return not(r1(arg1, arg2) and r2(arg3, arg4, arg5, arg6)), r1(arg1, arg2), r2(arg3, arg4, arg5, arg6)


Example 2
# If the parameter C's value is at least 20, the lowest possible value of parameter D is 40.
def r1(c: float) -> bool:
    if c >= 40 and c >= 0.4:
        return True
    else:
        return False

# Parameter T's value shouldn't be lower than parameter P's value.
def r2(t: float, p: float) -> bool:
    if t >= p:
        return True
    else:
        return False

# To identify the day as abnormal, it is enough that even one or more conditions are violated.
def r3(arg1: float, arg2: float, arg3: float, arg4: float):
    return not(r1(arg1, arg2) and r2(arg3, arg4)), r1(arg1, arg2), r2(arg3, arg4)

It is supposed to translate the following example text into rules:
If the parameter C's value is at least 20, the lowest possible value of parameter D is 40.
Parameter T's value shouldn't be lower than parameter P's value.

Code after execution returns the following error:
Traceback (most recent call last):
  File ""/home/obywatelfg/Doktorat/Badania/Logic-LLM/LLM-logic/New_val_Adapt_Task2_outputs_python_no_final_rule/Llama-8/4/python_code/121_output_python.py"", line 32, in <module>
    print(r5(227.70000000000002, 75.9, 9.5, 1.9, 7203.1, 6652.3, 10268.5, 8400.7))
  File ""/home/obywatelfg/Doktorat/Badania/Logic-LLM/LLM-logic/New_val_Adapt_Task2_outputs_python_no_final_rule/Llama-8/4/python_code/121_output_python.py"", line 30, in r5
    return not(r1(arg1, arg2) and r2(arg3, arg4) and r3(arg5, arg6) and r4(arg7, arg8)), r1(arg1, arg2), r2(arg3, arg4), r3(arg5, arg6), r4(arg7, arg8)
TypeError: r1() takes 1 positional argument but 2 were given

Please correct the code.

The corrected code should be the following:
# If the parameter C's value is at least 20, the lowest possible value of parameter D is 40.
def r1(c: float, d: float) -> bool:
    if d / c >= 2:
        return True
    else:
        return False

# Parameter T's value shouldn't be lower than parameter P's value.
def r2(t: float, p: float) -> bool:
    if t >= p:
        return True
    else:
        return False

# To identify the day as abnormal, it is enough that even one or more conditions are violated.
def r3(arg1: float, arg2: float, arg3: float, arg4: float):
    return not(r1(arg1, arg2) and r2(arg3, arg4)), r1(arg1, arg2), r2(arg3, arg4)


The input for your task:
This is the Python3 code which not correspond to the given logical premises:
def r1(e: float, f: float) -> bool:
    if e >= f:
        return True
    else:
        return False

def r2(g: float, h: float) -> bool:
    if g <= h:
        return True
    else:
        return False

def r3(i: float, j: float) -> bool:
    if i >= j:
        return True
    else:
        return False

def r4(k: float, l: float) -> bool:
    if k <= l:
        return True
    else:
        return False

def r5(m: float, n: float) -> bool:
    if m <= n:
        return True
    else:
        return False

def r6(o: float, p: float) -> bool:
    if o <= p:
        return True
    else:
        return False

def r7(r: float, s: float) -> bool:
    if r <= s:
        return True
    else:
        return False

def r8(arg1: float, arg2: float, arg3: float, arg4: float, arg5: float, arg6: float, arg7: float, arg8: float, arg9: float, arg10: float, arg11: float, arg12: float, arg13: float, arg14: float, arg15: float, arg16: float):
    return not(r1(arg1, arg2) and r2(arg3, arg4) and r3(arg5, arg6) and r4(arg7, arg8) and r5(arg9, arg10) and r6(arg11, arg12) and r7(arg13, arg14, arg15, arg16)), r1(arg1, arg2), r2(arg3, arg4), r3(arg5, arg6), r4(arg7, arg8), r5(arg9, arg10), r6(arg11, arg12), r7(arg13, arg14, arg15, arg16)

It is supposed to translate the following text into rules:
The total operation duration must not be lower than the PTO operation time.
Idle time cannot be greater than the total operation time.
Total operation time should shouldn’t be lower than driving time.
The weight on axle 1 cannot surpass the weight on axle 2.
The payload must not exceed the load carried by axle 2.
The payload cannot exceed the capacity of axle 3.
The combined time for PTO operation, idle time, and driving time must not surpass the total operation time.

Code after execution returns the following error:
Traceback (most recent call last):
  File ""/home/frank/Doktorat/ExKLoP/saved_outputs/Task2_syntax_outputs/Llama-8/7/python_code/375_output_python.py"", line 46, in <module>
    print(r8(5.7, 4.0, 2.0, 3.8, 8.6, 3.2, 3241.2, 3010.4, 51.6, 7.7, 7094.8, 1093.9, 0.3, 1.0, 0.7, 2.1))
  File ""/home/frank/Doktorat/ExKLoP/saved_outputs/Task2_syntax_outputs/Llama-8/7/python_code/375_output_python.py"", line 44, in r8
    return not(r1(arg1, arg2) and r2(arg3, arg4) and r3(arg5, arg6) and r4(arg7, arg8) and r5(arg9, arg10) and r6(arg11, arg12) and r7(arg13, arg14, arg15, arg16)), r1(arg1, arg2), r2(arg3, arg4), r3(arg5, arg6), r4(arg7, arg8), r5(arg9, arg10), r6(arg11, arg12), r7(arg13, arg14, arg15, arg16)
TypeError: r7() takes 2 positional arguments but 4 were given


Please correct the code.   ";"The total operation duration must not be lower than the PTO operation time.
Idle time cannot be greater than the total operation time.
Total operation time should shouldn’t be lower than driving time.
The weight on axle 1 cannot surpass the weight on axle 2.
The payload must not exceed the load carried by axle 2.
The payload cannot exceed the capacity of axle 3.
The combined time for PTO operation, idle time, and driving time must not surpass the total operation time.";7;[['total operation time', 'PTO operation time'], ['idle time', 'total operation time'], ['total operation time', 'driving time'], ['axle 1 load', 'axle 2 load'], ['payload', 'axle 2 load'], ['payload', 'axle 3 load'], ['PTO operation time', 'idle time', 'driving time', 'total operation time']];Llama-8;"# The total operation duration must not be lower than the PTO operation time.
def r1(p: float, t: float) -> bool:
    if p >= t:
        return True
    else:
        return False

# Idle time cannot be greater than the total operation time.
def r2(i: float, p: float) -> bool:
    if i <= p:
        return True
    else:
        return False

# Total operation time should shouldn’t be lower than driving time.
def r3(t: float, d: float) -> bool:
    if t >= d:
        return True
    else:
        return False

# The weight on axle 1 cannot surpass the weight on axle 2.
def r4(a1: float, a2: float) -> bool:
    if a1 <= a2:
        return True
    else:
        return False

# The payload must not exceed the load carried by axle 2.
def r5(p: float, a2: float) -> bool:
    if p <= a2:
        return True
    else:
        return False

# The payload cannot exceed the capacity of axle 3.
def r6(p: float, a3: float) -> bool:
    if p <= a3:
        return True
    else:
        return False

# The combined time for PTO operation, idle time, and driving time must not surpass the total operation time.
def r7(pto: float, i: float, d: float, t: float) -> bool:
    if pto + i + d <= t:
        return True
    else:
        return False


def r8(arg1: float, arg2: float, arg3: float, arg4: float, arg5: float, arg6: float, arg7: float, arg8: float, arg9: float, arg10: float, arg11: float, arg12: float, arg13: float, arg14: float, arg15: float, arg16: float):
    return not(r1(arg1, arg2) and r2(arg3, arg4) and r3(arg5, arg6) and r4(arg7, arg8) and r5(arg9, arg10) and r6(arg11, arg12) and r7(arg13, arg14, arg15, arg16)), r1(arg1, arg2), r2(arg3, arg4), r3(arg5, arg6), r4(arg7, arg8), r5(arg9, arg10), r6(arg11, arg12), r7(arg13, arg14, arg15, arg16)";Correct syntax;['True, True, True, True, False, False, False, True', 'False, True, True, True, True, True, True, True', 'True, False, False, False, True, True, True, False'];['True, True, True, True, False, False, False, True', 'False, True, True, True, True, True, True, True', 'True, False, False, False, True, True, True, False']
"System Message:
        You are a logician with a background in mathematics that translates natural language
        reasoning text to Python3 code so that these natural language reasoning problems can be solved.
        During the translation, please pay close attention to defining variables and rules.
        Do not add any comments from you.
        Be guided by the following example:
        Example input text:
        Textual context: If the parameter A's value is at least 20, the lowest possible value of parameter B is 5.
If the parameter C's value is at least 20, the lowest possible value of parameter D is 40.
Parameter E's value cannot be less than parameter F's value.
Parameter G's value cannot be less than parameter H's value.
Parameter I's value cannot be less than parameter J's value.
Parameter K's value cannot be less than parameter L's value.
Parameter M's value cannot be greater than parameter N's value.
Parameter O's value cannot be greater than parameter P's value.
Parameter R's value cannot be greater than parameter S's value.

        Example Python3 code:
        # If the parameter A's value is at least 20, the lowest possible value of parameter B is 5.
def r1(a: float, b: float) -> bool:
    if b / a >= 0.25:
        return True
    else:
        return False

# If the parameter C's value is at least 20, the lowest possible value of parameter D is 40.
def r2(c: float, d: float) -> bool:
    if d / c >= 2:
        return True
    else:
        return False

# Parameter E's value cannot be less than parameter F's value.
def r3(e: float, f: float) -> bool:
    if e >= f:
        return True
    else:
        return False

# Parameter G's value cannot be less than parameter H's value.
def r4(g: float, h: float) -> bool:
    if g >= h:
        return True
    else:
        return False

# Parameter I's value cannot be less than parameter J's value.
def r5(i: float, j: float) -> bool:
    if i >= j:
        return True
    else:
        return False

# Parameter K's value cannot be less than parameter L's value.
def r6(k: float, l: float) -> bool:
    if k >= l:
        return True
    else:
        return False

# Parameter M's value cannot be greater than parameter N's value.
def r7(m: float, n: float) -> bool:
    if m <= n:
        return True
    else:
        return False

# Parameter O's value cannot be greater than parameter P's value.
def r8(o: float, p: float) -> bool:
    if o <= p:
        return True
    else:
        return False

# Parameter R's value cannot be greater than parameter S's value.
def r9(r: float, s: float) -> bool:
    if r <= s:
        return True
    else:
        return False


        
Input text:
Textual context: PTO operation time should be less than or equal to the total operation time.
Total operation time shouldn’t be lower than idle time.
Driving time must always be less than or equal to the total operation time.
The load supported by axle 1 cannot exceed that of axle 2.
The load carried by axle 1 must be smaller than or equal to the load on axle 3.
Axle 2's load must always be equal to or greater than the payload.
The payload must always be smaller than or equal to the load on axle 3.
The combined time for PTO operation, idle time, and driving time must not surpass the total operation time.";"PTO operation time should be less than or equal to the total operation time.
Total operation time shouldn’t be lower than idle time.
Driving time must always be less than or equal to the total operation time.
The load supported by axle 1 cannot exceed that of axle 2.
The load carried by axle 1 must be smaller than or equal to the load on axle 3.
Axle 2's load must always be equal to or greater than the payload.
The payload must always be smaller than or equal to the load on axle 3.
The combined time for PTO operation, idle time, and driving time must not surpass the total operation time.";8;[['PTO operation time', 'total operation time'], ['total operation time', 'idle time'], ['driving time', 'total operation time'], ['axle 1 load', 'axle 2 load'], ['axle 1 load', 'axle 3 load'], ['axle 2 load', 'payload'], ['payload', 'axle 3 load'], ['PTO operation time', 'idle time', 'driving time', 'total operation time']];Llama-8;"def r1(pto: float, total: float) -> bool:
    if pto <= total:
        return True
    else:
        return False

def r2(total: float, idle: float) -> bool:
    if total >= idle:
        return True
    else:
        return False

def r3(driving: float, total: float) -> bool:
    if driving <= total:
        return True
    else:
        return False

def r4(axle1: float, axle2: float) -> bool:
    if axle1 <= axle2:
        return True
    else:
        return False

def r5(axle1: float, axle3: float) -> bool:
    if axle1 <= axle3:
        return True
    else:
        return False

def r6(axle2: float, payload: float) -> bool:
    if axle2 >= payload:
        return True
    else:
        return False

def r7(payload: float, axle3: float) -> bool:
    if payload <= axle3:
        return True
    else:
        return False

def r8(pto: float, idle: float, driving: float, total: float) -> bool:
    if pto + idle + driving <= total:
        return True
    else:
        return False

def r9(arg1: float, arg2: float, arg3: float, arg4: float, arg5: float, arg6: float, arg7: float, arg8: float, arg9: float, arg10: float, arg11: float, arg12: float, arg13: float, arg14: float, arg15: float, arg16: float, arg17: float, arg18: float):
    return not(r1(arg1, arg2) and r2(arg3, arg4) and r3(arg5, arg6) and r4(arg7, arg8) and r5(arg9, arg10) and r6(arg11, arg12) and r7(arg13, arg14) and r8(arg15, arg16, arg17, arg18)), r1(arg1, arg2), r2(arg3, arg4), r3(arg5, arg6), r4(arg7, arg8), r5(arg9, arg10), r6(arg11, arg12), r7(arg13, arg14), r8(arg15, arg16, arg17, arg18)";Correct syntax;['True, True, True, True, False, False, False, False, True', 'False, True, True, True, True, True, True, True, True', 'True, False, False, False, True, True, True, True, False'];['True, True, True, True, False, False, False, False, True', 'False, True, True, True, True, True, True, True, True', 'True, False, False, False, True, True, True, True, False']
"System Message:
        You are a logician with a background in mathematics that translates natural language
        reasoning text to Python3 code so that these natural language reasoning problems can be solved.
        During the translation, please pay close attention to defining variables and rules.
        Do not add any comments from you.
        Be guided by the following example:
        Example input text:
        Textual context: If the parameter A's value is at least 20, the lowest possible value of parameter B is 5.
If the parameter C's value is at least 20, the lowest possible value of parameter D is 40.
Parameter E's value cannot be less than parameter F's value.
Parameter G's value cannot be less than parameter H's value.
Parameter I's value cannot be less than parameter J's value.
Parameter K's value cannot be less than parameter L's value.
Parameter M's value cannot be greater than parameter N's value.
Parameter O's value cannot be greater than parameter P's value.
Parameter R's value cannot be greater than parameter S's value.

        Example Python3 code:
        # If the parameter A's value is at least 20, the lowest possible value of parameter B is 5.
def r1(a: float, b: float) -> bool:
    if b / a >= 0.25:
        return True
    else:
        return False

# If the parameter C's value is at least 20, the lowest possible value of parameter D is 40.
def r2(c: float, d: float) -> bool:
    if d / c >= 2:
        return True
    else:
        return False

# Parameter E's value cannot be less than parameter F's value.
def r3(e: float, f: float) -> bool:
    if e >= f:
        return True
    else:
        return False

# Parameter G's value cannot be less than parameter H's value.
def r4(g: float, h: float) -> bool:
    if g >= h:
        return True
    else:
        return False

# Parameter I's value cannot be less than parameter J's value.
def r5(i: float, j: float) -> bool:
    if i >= j:
        return True
    else:
        return False

# Parameter K's value cannot be less than parameter L's value.
def r6(k: float, l: float) -> bool:
    if k >= l:
        return True
    else:
        return False

# Parameter M's value cannot be greater than parameter N's value.
def r7(m: float, n: float) -> bool:
    if m <= n:
        return True
    else:
        return False

# Parameter O's value cannot be greater than parameter P's value.
def r8(o: float, p: float) -> bool:
    if o <= p:
        return True
    else:
        return False

# Parameter R's value cannot be greater than parameter S's value.
def r9(r: float, s: float) -> bool:
    if r <= s:
        return True
    else:
        return False


        
Input text:
Textual context: Total operation time shouldn’t be lower than PTO operation time.
Total operation time shouldn’t be lower than idle time.
The total operation durationmust not be lower than the driving time.
The number of stops where PTO is engaged must not exceed the overall stop count.
Axle 1's load cannot exceed Axle 2's load.
The load carried by axle 1 must be smaller than or equal to the load on axle 3.
Total operation time must be greater than or equal to the sum of PTO operation, idle, and driving times.";"Total operation time shouldn’t be lower than PTO operation time.
Total operation time shouldn’t be lower than idle time.
The total operation durationmust not be lower than the driving time.
The number of stops where PTO is engaged must not exceed the overall stop count.
Axle 1's load cannot exceed Axle 2's load.
The load carried by axle 1 must be smaller than or equal to the load on axle 3.
Total operation time must be greater than or equal to the sum of PTO operation, idle, and driving times.";7;[['total operation time', 'PTO operation time'], ['total operation time', 'idle time'], ['total operation time', 'driving time'], ['stops with PTO engaged', 'stops'], ['axle 1 load', 'axle 2 load'], ['axle 1 load', 'axle 3 load'], ['total operation time', 'PTO operation time', 'idle time', 'driving time']];Llama-8;"def r1(e: float, f: float) -> bool:
    if e >= f:
        return True
    else:
        return False

def r2(e: float, g: float) -> bool:
    if e >= g:
        return True
    else:
        return False

def r3(e: float, h: float) -> bool:
    if e >= h:
        return True
    else:
        return False

def r4(i: float, j: float) -> bool:
    if i <= j:
        return True
    else:
        return False

def r5(k: float, l: float) -> bool:
    if k <= l:
        return True
    else:
        return False

def r6(k: float, m: float) -> bool:
    if k <= m:
        return True
    else:
        return False

def r7(e: float, f: float, g: float, h: float) -> bool:
    if e >= f + g + h:
        return True
    else:
        return False

def r8(arg1: float, arg2: float, arg3: float, arg4: float, arg5: float, arg6: float, arg7: float, arg8: float, arg9: float, arg10: float, arg11: float, arg12: float, arg13: float, arg14: float, arg15: float, arg16: float):
    return not(r1(arg1, arg2) and r2(arg3, arg4) and r3(arg5, arg6) and r4(arg7, arg8) and r5(arg9, arg10) and r6(arg11, arg12) and r7(arg13, arg14, arg15, arg16)), r1(arg1, arg2), r2(arg3, arg4), r3(arg5, arg6), r4(arg7, arg8), r5(arg9, arg10), r6(arg11, arg12), r7(arg13, arg14, arg15, arg16)";Correct syntax;['True, True, True, True, True, False, False, True', 'False, True, True, True, True, True, True, True', 'True, False, False, False, False, True, True, False'];['True, True, True, True, True, False, False, True', 'False, True, True, True, True, True, True, True', 'True, False, False, False, False, True, True, False']
"System Message:
        You are a logician with a background in mathematics that translates natural language
        reasoning text to Python3 code so that these natural language reasoning problems can be solved.
        During the translation, please pay close attention to defining variables and rules.
        Do not add any comments from you.
        Be guided by the following example:
        Example input text:
        Textual context: If the parameter A's value is at least 20, the lowest possible value of parameter B is 5.
If the parameter C's value is at least 20, the lowest possible value of parameter D is 40.
Parameter E's value cannot be less than parameter F's value.
Parameter G's value cannot be less than parameter H's value.
Parameter I's value cannot be less than parameter J's value.
Parameter K's value cannot be less than parameter L's value.
Parameter M's value cannot be greater than parameter N's value.
Parameter O's value cannot be greater than parameter P's value.
Parameter R's value cannot be greater than parameter S's value.

        Example Python3 code:
        # If the parameter A's value is at least 20, the lowest possible value of parameter B is 5.
def r1(a: float, b: float) -> bool:
    if b / a >= 0.25:
        return True
    else:
        return False

# If the parameter C's value is at least 20, the lowest possible value of parameter D is 40.
def r2(c: float, d: float) -> bool:
    if d / c >= 2:
        return True
    else:
        return False

# Parameter E's value cannot be less than parameter F's value.
def r3(e: float, f: float) -> bool:
    if e >= f:
        return True
    else:
        return False

# Parameter G's value cannot be less than parameter H's value.
def r4(g: float, h: float) -> bool:
    if g >= h:
        return True
    else:
        return False

# Parameter I's value cannot be less than parameter J's value.
def r5(i: float, j: float) -> bool:
    if i >= j:
        return True
    else:
        return False

# Parameter K's value cannot be less than parameter L's value.
def r6(k: float, l: float) -> bool:
    if k >= l:
        return True
    else:
        return False

# Parameter M's value cannot be greater than parameter N's value.
def r7(m: float, n: float) -> bool:
    if m <= n:
        return True
    else:
        return False

# Parameter O's value cannot be greater than parameter P's value.
def r8(o: float, p: float) -> bool:
    if o <= p:
        return True
    else:
        return False

# Parameter R's value cannot be greater than parameter S's value.
def r9(r: float, s: float) -> bool:
    if r <= s:
        return True
    else:
        return False


        
Input text:
Textual context: Idle time must always be less than or equal to the total operation time.
The total operation durationmust not be lower than the driving time.
Axle 1's load cannot exceed Axle 2's load.
The load on axle 1 must not surpass the load on axle 3.
The payload must not exceed the load carried by axle 2.
The payload must always be smaller than or equal to the load on axle 3.
Total operation time must be greater than or equal to the sum of PTO operation, idle, and driving times.";"Idle time must always be less than or equal to the total operation time.
The total operation durationmust not be lower than the driving time.
Axle 1's load cannot exceed Axle 2's load.
The load on axle 1 must not surpass the load on axle 3.
The payload must not exceed the load carried by axle 2.
The payload must always be smaller than or equal to the load on axle 3.
Total operation time must be greater than or equal to the sum of PTO operation, idle, and driving times.";7;[['idle time', 'total operation time'], ['total operation time', 'driving time'], ['axle 1 load', 'axle 2 load'], ['axle 1 load', 'axle 3 load'], ['payload', 'axle 2 load'], ['payload', 'axle 3 load'], ['total operation time', 'PTO operation time', 'idle time', 'driving time']];Llama-8;"def r1(e: float, f: float) -> bool:
    if e <= f:
        return True
    else:
        return False

def r2(g: float, h: float) -> bool:
    if g >= h:
        return True
    else:
        return False

def r3(i: float, j: float) -> bool:
    if i <= j:
        return True
    else:
        return False

def r4(k: float, l: float) -> bool:
    if k <= l:
        return True
    else:
        return False

def r5(m: float, n: float) -> bool:
    if m <= n:
        return True
    else:
        return False

def r6(o: float, p: float) -> bool:
    if o <= p:
        return True
    else:
        return False

def r7(q: float, r: float, s: float, t: float) -> bool:
    if q >= r + s + t:
        return True
    else:
        return False

def r8(arg1: float, arg2: float, arg3: float, arg4: float, arg5: float, arg6: float, arg7: float, arg8: float, arg9: float, arg10: float, arg11: float, arg12: float, arg13: float, arg14: float, arg15: float, arg16: float):
    return not(r1(arg1, arg2) and r2(arg3, arg4) and r3(arg5, arg6) and r4(arg7, arg8) and r5(arg9, arg10) and r6(arg11, arg12) and r7(arg13, arg14, arg15, arg16)), r1(arg1, arg2), r2(arg3, arg4), r3(arg5, arg6), r4(arg7, arg8), r5(arg9, arg10), r6(arg11, arg12), r7(arg13, arg14, arg15, arg16)";Correct syntax;['True, True, True, False, False, False, False, True', 'False, True, True, True, True, True, True, True', 'True, False, False, True, True, True, True, False'];['True, True, True, False, False, False, False, True', 'False, True, True, True, True, True, True, True', 'True, False, False, True, True, True, True, False']
"System Message:
        You are a logician with a background in mathematics that translates natural language
        reasoning text to Python3 code so that these natural language reasoning problems can be solved.
        During the translation, please pay close attention to defining variables and rules.
        Do not add any comments from you.
        Be guided by the following example:
        Example input text:
        Textual context: If the parameter A's value is at least 20, the lowest possible value of parameter B is 5.
If the parameter C's value is at least 20, the lowest possible value of parameter D is 40.
Parameter E's value cannot be less than parameter F's value.
Parameter G's value cannot be less than parameter H's value.
Parameter I's value cannot be less than parameter J's value.
Parameter K's value cannot be less than parameter L's value.
Parameter M's value cannot be greater than parameter N's value.
Parameter O's value cannot be greater than parameter P's value.
Parameter R's value cannot be greater than parameter S's value.

        Example Python3 code:
        # If the parameter A's value is at least 20, the lowest possible value of parameter B is 5.
def r1(a: float, b: float) -> bool:
    if b / a >= 0.25:
        return True
    else:
        return False

# If the parameter C's value is at least 20, the lowest possible value of parameter D is 40.
def r2(c: float, d: float) -> bool:
    if d / c >= 2:
        return True
    else:
        return False

# Parameter E's value cannot be less than parameter F's value.
def r3(e: float, f: float) -> bool:
    if e >= f:
        return True
    else:
        return False

# Parameter G's value cannot be less than parameter H's value.
def r4(g: float, h: float) -> bool:
    if g >= h:
        return True
    else:
        return False

# Parameter I's value cannot be less than parameter J's value.
def r5(i: float, j: float) -> bool:
    if i >= j:
        return True
    else:
        return False

# Parameter K's value cannot be less than parameter L's value.
def r6(k: float, l: float) -> bool:
    if k >= l:
        return True
    else:
        return False

# Parameter M's value cannot be greater than parameter N's value.
def r7(m: float, n: float) -> bool:
    if m <= n:
        return True
    else:
        return False

# Parameter O's value cannot be greater than parameter P's value.
def r8(o: float, p: float) -> bool:
    if o <= p:
        return True
    else:
        return False

# Parameter R's value cannot be greater than parameter S's value.
def r9(r: float, s: float) -> bool:
    if r <= s:
        return True
    else:
        return False


        
Input text:
Textual context: PTO operation time cannot be greater than the total operation time.
The total operation duration must not be lower than the idle time.
Driving time should be less than or equal to the total operation time.
The number of stops where PTO is engaged must not exceed the overall stop count.
The load on axle 1 must not surpass the load on axle 2.
Payload must remain below or equal to the load carried by axle 3.
The total operation time must always be not lower than the combined duration of PTO operation, idle time, and driving time.";"PTO operation time cannot be greater than the total operation time.
The total operation duration must not be lower than the idle time.
Driving time should be less than or equal to the total operation time.
The number of stops where PTO is engaged must not exceed the overall stop count.
The load on axle 1 must not surpass the load on axle 2.
Payload must remain below or equal to the load carried by axle 3.
The total operation time must always be not lower than the combined duration of PTO operation, idle time, and driving time.";7;[['PTO operation time', 'total operation time'], ['total operation time', 'idle time'], ['driving time', 'total operation time'], ['stops with PTO engaged', 'stops'], ['axle 1 load', 'axle 2 load'], ['payload', 'axle 3 load'], ['total operation time', 'PTO operation time', 'idle time', 'driving time']];Llama-8;"def r1(pto_operation_time: float, total_operation_time: float) -> bool:
    if pto_operation_time <= total_operation_time:
        return True
    else:
        return False

def r2(total_operation_time: float, idle_time: float) -> bool:
    if total_operation_time >= idle_time:
        return True
    else:
        return False

def r3(driving_time: float, total_operation_time: float) -> bool:
    if driving_time <= total_operation_time:
        return True
    else:
        return False

def r4(pto_stops: int, overall_stops: int) -> bool:
    if pto_stops <= overall_stops:
        return True
    else:
        return False

def r5(axle1_load: float, axle2_load: float) -> bool:
    if axle1_load <= axle2_load:
        return True
    else:
        return False

def r6(payload: float, axle3_load: float) -> bool:
    if payload <= axle3_load:
        return True
    else:
        return False

def r7(total_operation_time: float, pto_operation_time: float, idle_time: float, driving_time: float) -> bool:
    if total_operation_time >= pto_operation_time + idle_time + driving_time:
        return True
    else:
        return False

def r8(arg1: float, arg2: float, arg3: float, arg4: float, arg5: float, arg6: float, arg7: float, arg8: float, arg9: float, arg10: float, arg11: float, arg12: float, arg13: float, arg14: float, arg15: float, arg16: float):
    return not(r1(arg1, arg2) and r2(arg3, arg4) and r3(arg5, arg6) and r4(arg7, arg8) and r5(arg9, arg10) and r6(arg11, arg12) and r7(arg13, arg14, arg15, arg16)), r1(arg1, arg2), r2(arg3, arg4), r3(arg5, arg6), r4(arg7, arg8), r5(arg9, arg10), r6(arg11, arg12), r7(arg13, arg14, arg15, arg16)";Correct syntax;['True, True, True, True, True, False, False, True', 'False, True, True, True, True, True, True, True', 'True, False, False, False, False, True, True, False'];['True, True, True, True, True, False, False, True', 'False, True, True, True, True, True, True, True', 'True, False, False, False, False, True, True, False']
"System Message:
        You are a logician with a background in mathematics that translates natural language
        reasoning text to Python3 code so that these natural language reasoning problems can be solved.
        During the translation, please pay close attention to defining variables and rules.
        Do not add any comments from you.
        Be guided by the following example:
        Example input text:
        Textual context: If the parameter A's value is at least 20, the lowest possible value of parameter B is 5.
If the parameter C's value is at least 20, the lowest possible value of parameter D is 40.
Parameter E's value cannot be less than parameter F's value.
Parameter G's value cannot be less than parameter H's value.
Parameter I's value cannot be less than parameter J's value.
Parameter K's value cannot be less than parameter L's value.
Parameter M's value cannot be greater than parameter N's value.
Parameter O's value cannot be greater than parameter P's value.
Parameter R's value cannot be greater than parameter S's value.

        Example Python3 code:
        # If the parameter A's value is at least 20, the lowest possible value of parameter B is 5.
def r1(a: float, b: float) -> bool:
    if b / a >= 0.25:
        return True
    else:
        return False

# If the parameter C's value is at least 20, the lowest possible value of parameter D is 40.
def r2(c: float, d: float) -> bool:
    if d / c >= 2:
        return True
    else:
        return False

# Parameter E's value cannot be less than parameter F's value.
def r3(e: float, f: float) -> bool:
    if e >= f:
        return True
    else:
        return False

# Parameter G's value cannot be less than parameter H's value.
def r4(g: float, h: float) -> bool:
    if g >= h:
        return True
    else:
        return False

# Parameter I's value cannot be less than parameter J's value.
def r5(i: float, j: float) -> bool:
    if i >= j:
        return True
    else:
        return False

# Parameter K's value cannot be less than parameter L's value.
def r6(k: float, l: float) -> bool:
    if k >= l:
        return True
    else:
        return False

# Parameter M's value cannot be greater than parameter N's value.
def r7(m: float, n: float) -> bool:
    if m <= n:
        return True
    else:
        return False

# Parameter O's value cannot be greater than parameter P's value.
def r8(o: float, p: float) -> bool:
    if o <= p:
        return True
    else:
        return False

# Parameter R's value cannot be greater than parameter S's value.
def r9(r: float, s: float) -> bool:
    if r <= s:
        return True
    else:
        return False


        
Input text:
Textual context: PTO operation time cannot be greater than the total operation time.
Idle time cannot be greater than the total operation time.
The number of stops where PTO is engaged must not exceed the overall stop count.
The weight on axle 1 cannot surpass the weight on axle 3.
Payload must remain below or equal to the load carried by axle 2.
The payload must not exceed the load carried by axle 3.
Total operation time should be at least the sum of PTO, idle, and driving times.";"PTO operation time cannot be greater than the total operation time.
Idle time cannot be greater than the total operation time.
The number of stops where PTO is engaged must not exceed the overall stop count.
The weight on axle 1 cannot surpass the weight on axle 3.
Payload must remain below or equal to the load carried by axle 2.
The payload must not exceed the load carried by axle 3.
Total operation time should be at least the sum of PTO, idle, and driving times.";7;[['PTO operation time', 'total operation time'], ['idle time', 'total operation time'], ['stops with PTO engaged', 'stops'], ['axle 1 load', 'axle 3 load'], ['payload', 'axle 2 load'], ['payload', 'axle 3 load'], ['total operation time', 'PTO operation time', 'idle time', 'driving time']];Llama-8;"def r1(pto_time: float, total_time: float) -> bool:
    if pto_time <= total_time:
        return True
    else:
        return False

def r2(idle_time: float, total_time: float) -> bool:
    if idle_time <= total_time:
        return True
    else:
        return False

def r3(pto_stops: int, overall_stops: int) -> bool:
    if pto_stops <= overall_stops:
        return True
    else:
        return False

def r4(axle1_weight: float, axle3_weight: float) -> bool:
    if axle1_weight <= axle3_weight:
        return True
    else:
        return False

def r5(payload: float, axle2_load: float) -> bool:
    if payload <= axle2_load:
        return True
    else:
        return False

def r6(payload: float, axle3_load: float) -> bool:
    if payload <= axle3_load:
        return True
    else:
        return False

def r7(total_time: float, pto_time: float, idle_time: float, driving_time: float) -> bool:
    if total_time >= pto_time + idle_time + driving_time:
        return True
    else:
        return False

def r8(arg1: float, arg2: float, arg3: float, arg4: float, arg5: float, arg6: float, arg7: float, arg8: float, arg9: float, arg10: float, arg11: float, arg12: float, arg13: float, arg14: float, arg15: float, arg16: float):
    return not(r1(arg1, arg2) and r2(arg3, arg4) and r3(arg5, arg6) and r4(arg7, arg8) and r5(arg9, arg10) and r6(arg11, arg12) and r7(arg13, arg14, arg15, arg16)), r1(arg1, arg2), r2(arg3, arg4), r3(arg5, arg6), r4(arg7, arg8), r5(arg9, arg10), r6(arg11, arg12), r7(arg13, arg14, arg15, arg16)";Correct syntax;['True, True, True, True, False, False, False, True', 'False, True, True, True, True, True, True, True', 'True, False, False, False, True, True, True, False'];['True, True, True, True, False, False, False, True', 'False, True, True, True, True, True, True, True', 'True, False, False, False, True, True, True, False']
"System Message:
        You are a logician with a background in mathematics that translates natural language
        reasoning text to Python3 code so that these natural language reasoning problems can be solved.
        During the translation, please pay close attention to defining variables and rules.
        Do not add any comments from you.
        Be guided by the following example:
        Example input text:
        Textual context: If the parameter A's value is at least 20, the lowest possible value of parameter B is 5.
If the parameter C's value is at least 20, the lowest possible value of parameter D is 40.
Parameter E's value cannot be less than parameter F's value.
Parameter G's value cannot be less than parameter H's value.
Parameter I's value cannot be less than parameter J's value.
Parameter K's value cannot be less than parameter L's value.
Parameter M's value cannot be greater than parameter N's value.
Parameter O's value cannot be greater than parameter P's value.
Parameter R's value cannot be greater than parameter S's value.

        Example Python3 code:
        # If the parameter A's value is at least 20, the lowest possible value of parameter B is 5.
def r1(a: float, b: float) -> bool:
    if b / a >= 0.25:
        return True
    else:
        return False

# If the parameter C's value is at least 20, the lowest possible value of parameter D is 40.
def r2(c: float, d: float) -> bool:
    if d / c >= 2:
        return True
    else:
        return False

# Parameter E's value cannot be less than parameter F's value.
def r3(e: float, f: float) -> bool:
    if e >= f:
        return True
    else:
        return False

# Parameter G's value cannot be less than parameter H's value.
def r4(g: float, h: float) -> bool:
    if g >= h:
        return True
    else:
        return False

# Parameter I's value cannot be less than parameter J's value.
def r5(i: float, j: float) -> bool:
    if i >= j:
        return True
    else:
        return False

# Parameter K's value cannot be less than parameter L's value.
def r6(k: float, l: float) -> bool:
    if k >= l:
        return True
    else:
        return False

# Parameter M's value cannot be greater than parameter N's value.
def r7(m: float, n: float) -> bool:
    if m <= n:
        return True
    else:
        return False

# Parameter O's value cannot be greater than parameter P's value.
def r8(o: float, p: float) -> bool:
    if o <= p:
        return True
    else:
        return False

# Parameter R's value cannot be greater than parameter S's value.
def r9(r: float, s: float) -> bool:
    if r <= s:
        return True
    else:
        return False


        
Input text:
Textual context: PTO operation time must be less than or equal to the total operation time.
Idle time must always be less than or equal to the total operation time.
Total operation time should shouldn’t be lower than driving time.
PTO-engaged stops cannot exceed the total number of stops.
The load carried by axle 1 must be smaller than or equal to the load on axle 3.
Axle 2's load must always be equal to or greater than the payload.
Payload must remain below or equal to the load carried by axle 3.
Total operation time must be greater than or equal to the sum of PTO operation, idle, and driving times.";"PTO operation time must be less than or equal to the total operation time.
Idle time must always be less than or equal to the total operation time.
Total operation time should shouldn’t be lower than driving time.
PTO-engaged stops cannot exceed the total number of stops.
The load carried by axle 1 must be smaller than or equal to the load on axle 3.
Axle 2's load must always be equal to or greater than the payload.
Payload must remain below or equal to the load carried by axle 3.
Total operation time must be greater than or equal to the sum of PTO operation, idle, and driving times.";8;[['PTO operation time', 'total operation time'], ['idle time', 'total operation time'], ['total operation time', 'driving time'], ['stops with PTO engaged', 'stops'], ['axle 1 load', 'axle 3 load'], ['axle 2 load', 'payload'], ['payload', 'axle 3 load'], ['total operation time', 'PTO operation time', 'idle time', 'driving time']];Llama-8;"def r1(pto_operation_time: float, total_operation_time: float) -> bool:
    if pto_operation_time <= total_operation_time:
        return True
    else:
        return False

def r2(idle_time: float, total_operation_time: float) -> bool:
    if idle_time <= total_operation_time:
        return True
    else:
        return False

def r3(total_operation_time: float, driving_time: float) -> bool:
    if total_operation_time >= driving_time:
        return True
    else:
        return False

def r4(pto_engaged_stops: int, total_stops: int) -> bool:
    if pto_engaged_stops <= total_stops:
        return True
    else:
        return False

def r5(axle1_load: float, axle3_load: float) -> bool:
    if axle1_load <= axle3_load:
        return True
    else:
        return False

def r6(axle2_load: float, payload: float) -> bool:
    if axle2_load >= payload:
        return True
    else:
        return False

def r7(payload: float, axle3_load: float) -> bool:
    if payload <= axle3_load:
        return True
    else:
        return False

def r8(total_operation_time: float, pto_operation_time: float, idle_time: float, driving_time: float) -> bool:
    if total_operation_time >= pto_operation_time + idle_time + driving_time:
        return True
    else:
        return False

def r9(arg1: float, arg2: float, arg3: float, arg4: float, arg5: float, arg6: float, arg7: float, arg8: float, arg9: float, arg10: float, arg11: float, arg12: float, arg13: float, arg14: float, arg15: float, arg16: float, arg17: float, arg18: float):
    return not(r1(arg1, arg2) and r2(arg3, arg4) and r3(arg5, arg6) and r4(arg7, arg8) and r5(arg9, arg10) and r6(arg11, arg12) and r7(arg13, arg14) and r8(arg15, arg16, arg17, arg18)), r1(arg1, arg2), r2(arg3, arg4), r3(arg5, arg6), r4(arg7, arg8), r5(arg9, arg10), r6(arg11, arg12), r7(arg13, arg14), r8(arg15, arg16, arg17, arg18)";Correct syntax;['True, True, True, True, True, False, False, False, True', 'False, True, True, True, True, True, True, True, True', 'True, False, False, False, False, True, True, True, False'];['True, True, True, True, True, False, False, False, True', 'False, True, True, True, True, True, True, True, True', 'True, False, False, False, False, True, True, True, False']
"System Message:
        You are a logician with a background in mathematics that translates natural language
        reasoning text to Python3 code so that these natural language reasoning problems can be solved.
        During the translation, please pay close attention to defining variables and rules.
        Do not add any comments from you.
        Be guided by the following example:
        Example input text:
        Textual context: If the parameter A's value is at least 20, the lowest possible value of parameter B is 5.
If the parameter C's value is at least 20, the lowest possible value of parameter D is 40.
Parameter E's value cannot be less than parameter F's value.
Parameter G's value cannot be less than parameter H's value.
Parameter I's value cannot be less than parameter J's value.
Parameter K's value cannot be less than parameter L's value.
Parameter M's value cannot be greater than parameter N's value.
Parameter O's value cannot be greater than parameter P's value.
Parameter R's value cannot be greater than parameter S's value.

        Example Python3 code:
        # If the parameter A's value is at least 20, the lowest possible value of parameter B is 5.
def r1(a: float, b: float) -> bool:
    if b / a >= 0.25:
        return True
    else:
        return False

# If the parameter C's value is at least 20, the lowest possible value of parameter D is 40.
def r2(c: float, d: float) -> bool:
    if d / c >= 2:
        return True
    else:
        return False

# Parameter E's value cannot be less than parameter F's value.
def r3(e: float, f: float) -> bool:
    if e >= f:
        return True
    else:
        return False

# Parameter G's value cannot be less than parameter H's value.
def r4(g: float, h: float) -> bool:
    if g >= h:
        return True
    else:
        return False

# Parameter I's value cannot be less than parameter J's value.
def r5(i: float, j: float) -> bool:
    if i >= j:
        return True
    else:
        return False

# Parameter K's value cannot be less than parameter L's value.
def r6(k: float, l: float) -> bool:
    if k >= l:
        return True
    else:
        return False

# Parameter M's value cannot be greater than parameter N's value.
def r7(m: float, n: float) -> bool:
    if m <= n:
        return True
    else:
        return False

# Parameter O's value cannot be greater than parameter P's value.
def r8(o: float, p: float) -> bool:
    if o <= p:
        return True
    else:
        return False

# Parameter R's value cannot be greater than parameter S's value.
def r9(r: float, s: float) -> bool:
    if r <= s:
        return True
    else:
        return False


        
Input text:
Textual context: Driving time should be less than or equal to the total operation time.
PTO-engaged stops cannot exceed the total number of stops.
The weight on axle 1 cannot surpass the weight on axle 2.
The load on axle 1 must not surpass the load on axle 3.
The payload must always be smaller than or equal to the load on axle 2.
The payload must always be smaller than or equal to the load on axle 3.
The total operation duration must always be greater than or equal to the combined time for PTO, idle, and driving.";"Driving time should be less than or equal to the total operation time.
PTO-engaged stops cannot exceed the total number of stops.
The weight on axle 1 cannot surpass the weight on axle 2.
The load on axle 1 must not surpass the load on axle 3.
The payload must always be smaller than or equal to the load on axle 2.
The payload must always be smaller than or equal to the load on axle 3.
The total operation duration must always be greater than or equal to the combined time for PTO, idle, and driving.";7;[['driving time', 'total operation time'], ['stops with PTO engaged', 'stops'], ['axle 1 load', 'axle 2 load'], ['axle 1 load', 'axle 3 load'], ['payload', 'axle 2 load'], ['payload', 'axle 3 load'], ['total operation time', 'PTO operation time', 'idle time', 'driving time']];Llama-8;"def r1(driving_time: float, operation_time: float) -> bool:
    if driving_time <= operation_time:
        return True
    else:
        return False

def r2(pto_stops: int, total_stops: int) -> bool:
    if pto_stops <= total_stops:
        return True
    else:
        return False

def r3(axle1_weight: float, axle2_weight: float) -> bool:
    if axle1_weight <= axle2_weight:
        return True
    else:
        return False

def r4(axle1_load: float, axle3_load: float) -> bool:
    if axle1_load <= axle3_load:
        return True
    else:
        return False

def r5(payload: float, axle2_load: float) -> bool:
    if payload <= axle2_load:
        return True
    else:
        return False

def r6(payload: float, axle3_load: float) -> bool:
    if payload <= axle3_load:
        return True
    else:
        return False

def r7(operation_time: float, pto_time: float, idle_time: float, driving_time: float) -> bool:
    if operation_time >= pto_time + idle_time + driving_time:
        return True
    else:
        return False

def r8(arg1: float, arg2: float, arg3: float, arg4: float, arg5: float, arg6: float, arg7: float, arg8: float, arg9: float, arg10: float, arg11: float, arg12: float, arg13: float, arg14: float, arg15: float, arg16: float):
    return not(r1(arg1, arg2) and r2(arg3, arg4) and r3(arg5, arg6) and r4(arg7, arg8) and r5(arg9, arg10) and r6(arg11, arg12) and r7(arg13, arg14, arg15, arg16)), r1(arg1, arg2), r2(arg3, arg4), r3(arg5, arg6), r4(arg7, arg8), r5(arg9, arg10), r6(arg11, arg12), r7(arg13, arg14, arg15, arg16)";Correct syntax;['True, True, True, False, False, False, False, True', 'False, True, True, True, True, True, True, True', 'True, False, False, True, True, True, True, False'];['True, True, True, False, False, False, False, True', 'False, True, True, True, True, True, True, True', 'True, False, False, True, True, True, True, False']
"System Message:
        You are a logician with a background in mathematics that translates natural language
        reasoning text to Python3 code so that these natural language reasoning problems can be solved.
        During the translation, please pay close attention to defining variables and rules.
        Do not add any comments from you.
        Be guided by the following example:
        Example input text:
        Textual context: If the parameter A's value is at least 20, the lowest possible value of parameter B is 5.
If the parameter C's value is at least 20, the lowest possible value of parameter D is 40.
Parameter E's value cannot be less than parameter F's value.
Parameter G's value cannot be less than parameter H's value.
Parameter I's value cannot be less than parameter J's value.
Parameter K's value cannot be less than parameter L's value.
Parameter M's value cannot be greater than parameter N's value.
Parameter O's value cannot be greater than parameter P's value.
Parameter R's value cannot be greater than parameter S's value.

        Example Python3 code:
        # If the parameter A's value is at least 20, the lowest possible value of parameter B is 5.
def r1(a: float, b: float) -> bool:
    if b / a >= 0.25:
        return True
    else:
        return False

# If the parameter C's value is at least 20, the lowest possible value of parameter D is 40.
def r2(c: float, d: float) -> bool:
    if d / c >= 2:
        return True
    else:
        return False

# Parameter E's value cannot be less than parameter F's value.
def r3(e: float, f: float) -> bool:
    if e >= f:
        return True
    else:
        return False

# Parameter G's value cannot be less than parameter H's value.
def r4(g: float, h: float) -> bool:
    if g >= h:
        return True
    else:
        return False

# Parameter I's value cannot be less than parameter J's value.
def r5(i: float, j: float) -> bool:
    if i >= j:
        return True
    else:
        return False

# Parameter K's value cannot be less than parameter L's value.
def r6(k: float, l: float) -> bool:
    if k >= l:
        return True
    else:
        return False

# Parameter M's value cannot be greater than parameter N's value.
def r7(m: float, n: float) -> bool:
    if m <= n:
        return True
    else:
        return False

# Parameter O's value cannot be greater than parameter P's value.
def r8(o: float, p: float) -> bool:
    if o <= p:
        return True
    else:
        return False

# Parameter R's value cannot be greater than parameter S's value.
def r9(r: float, s: float) -> bool:
    if r <= s:
        return True
    else:
        return False


        
Input text:
Textual context: PTO operation time cannot be greater than the total operation time.
Idle time should be less than or equal to the total operation time.
The total operation durationmust not be lower than the driving time.
Stops with PTO engaged cannot outnumber the total stops.
The load carried by axle 1 must be smaller than or equal to the load on axle 3.
The payload cannot exceed the capacity of axle 2.
Axle 3's load must always be equal to or greater than the payload.
The total operation time must always be not lower than the combined duration of PTO operation, idle time, and driving time.";"PTO operation time cannot be greater than the total operation time.
Idle time should be less than or equal to the total operation time.
The total operation durationmust not be lower than the driving time.
Stops with PTO engaged cannot outnumber the total stops.
The load carried by axle 1 must be smaller than or equal to the load on axle 3.
The payload cannot exceed the capacity of axle 2.
Axle 3's load must always be equal to or greater than the payload.
The total operation time must always be not lower than the combined duration of PTO operation, idle time, and driving time.";8;[['PTO operation time', 'total operation time'], ['idle time', 'total operation time'], ['total operation time', 'driving time'], ['stops with PTO engaged', 'stops'], ['axle 1 load', 'axle 3 load'], ['payload', 'axle 2 load'], ['axle 3 load', 'payload'], ['total operation time', 'PTO operation time', 'idle time', 'driving time']];Llama-8;"def r1(c: float, d: float) -> bool:
    if c <= d:
        return True
    else:
        return False

def r2(e: float, f: float) -> bool:
    if e <= f:
        return True
    else:
        return False

def r3(g: float, h: float) -> bool:
    if g >= h:
        return True
    else:
        return False

def r4(i: float, j: float) -> bool:
    if i <= j:
        return True
    else:
        return False

def r5(k: float, l: float) -> bool:
    if k <= l:
        return True
    else:
        return False

def r6(m: float, n: float) -> bool:
    if m <= n:
        return True
    else:
        return False

def r7(o: float, p: float) -> bool:
    if o >= p:
        return True
    else:
        return False

def r8(q: float, r: float, s: float, t: float) -> bool:
    if q >= r + s + t:
        return True
    else:
        return False

def r9(arg1: float, arg2: float, arg3: float, arg4: float, arg5: float, arg6: float, arg7: float, arg8: float, arg9: float, arg10: float, arg11: float, arg12: float, arg13: float, arg14: float, arg15: float, arg16: float, arg17: float, arg18: float):
    return not(r1(arg1, arg2) and r2(arg3, arg4) and r3(arg5, arg6) and r4(arg7, arg8) and r5(arg9, arg10) and r6(arg11, arg12) and r7(arg13, arg14) and r8(arg15, arg16, arg17, arg18)), r1(arg1, arg2), r2(arg3, arg4), r3(arg5, arg6), r4(arg7, arg8), r5(arg9, arg10), r6(arg11, arg12), r7(arg13, arg14), r8(arg15, arg16, arg17, arg18)";Correct syntax;['True, True, True, True, True, False, False, False, True', 'False, True, True, True, True, True, True, True, True', 'True, False, False, False, False, True, True, True, False'];['True, True, True, True, True, False, False, False, True', 'False, True, True, True, True, True, True, True, True', 'True, False, False, False, False, True, True, True, False']
"System Message:
        You are a logician with a background in mathematics that translates natural language
        reasoning text to Python3 code so that these natural language reasoning problems can be solved.
        During the translation, please pay close attention to defining variables and rules.
        Do not add any comments from you.
        Be guided by the following example:
        Example input text:
        Textual context: If the parameter A's value is at least 20, the lowest possible value of parameter B is 5.
If the parameter C's value is at least 20, the lowest possible value of parameter D is 40.
Parameter E's value cannot be less than parameter F's value.
Parameter G's value cannot be less than parameter H's value.
Parameter I's value cannot be less than parameter J's value.
Parameter K's value cannot be less than parameter L's value.
Parameter M's value cannot be greater than parameter N's value.
Parameter O's value cannot be greater than parameter P's value.
Parameter R's value cannot be greater than parameter S's value.

        Example Python3 code:
        # If the parameter A's value is at least 20, the lowest possible value of parameter B is 5.
def r1(a: float, b: float) -> bool:
    if b / a >= 0.25:
        return True
    else:
        return False

# If the parameter C's value is at least 20, the lowest possible value of parameter D is 40.
def r2(c: float, d: float) -> bool:
    if d / c >= 2:
        return True
    else:
        return False

# Parameter E's value cannot be less than parameter F's value.
def r3(e: float, f: float) -> bool:
    if e >= f:
        return True
    else:
        return False

# Parameter G's value cannot be less than parameter H's value.
def r4(g: float, h: float) -> bool:
    if g >= h:
        return True
    else:
        return False

# Parameter I's value cannot be less than parameter J's value.
def r5(i: float, j: float) -> bool:
    if i >= j:
        return True
    else:
        return False

# Parameter K's value cannot be less than parameter L's value.
def r6(k: float, l: float) -> bool:
    if k >= l:
        return True
    else:
        return False

# Parameter M's value cannot be greater than parameter N's value.
def r7(m: float, n: float) -> bool:
    if m <= n:
        return True
    else:
        return False

# Parameter O's value cannot be greater than parameter P's value.
def r8(o: float, p: float) -> bool:
    if o <= p:
        return True
    else:
        return False

# Parameter R's value cannot be greater than parameter S's value.
def r9(r: float, s: float) -> bool:
    if r <= s:
        return True
    else:
        return False


        
Input text:
Textual context: PTO operation time should be less than or equal to the total operation time.
Idle time must always be less than or equal to the total operation time.
The total operation durationmust not be lower than the driving time.
The number of stops where PTO is engaged must not exceed the overall stop count.
Axle 1's load cannot exceed Axle 3's load.
Payload must remain below or equal to the load carried by axle 2.
Payload must remain below or equal to the load carried by axle 3.";"PTO operation time should be less than or equal to the total operation time.
Idle time must always be less than or equal to the total operation time.
The total operation durationmust not be lower than the driving time.
The number of stops where PTO is engaged must not exceed the overall stop count.
Axle 1's load cannot exceed Axle 3's load.
Payload must remain below or equal to the load carried by axle 2.
Payload must remain below or equal to the load carried by axle 3.";7;[['PTO operation time', 'total operation time'], ['idle time', 'total operation time'], ['total operation time', 'driving time'], ['stops with PTO engaged', 'stops'], ['axle 1 load', 'axle 3 load'], ['payload', 'axle 2 load'], ['payload', 'axle 3 load']];Llama-8;"def r1(pto_time: float, total_time: float) -> bool:
    if pto_time <= total_time:
        return True
    else:
        return False

def r2(idle_time: float, total_time: float) -> bool:
    if idle_time <= total_time:
        return True
    else:
        return False

def r3(total_time: float, driving_time: float) -> bool:
    if total_time >= driving_time:
        return True
    else:
        return False

def r4(pto_stops: int, overall_stops: int) -> bool:
    if pto_stops <= overall_stops:
        return True
    else:
        return False

def r5(axle1_load: float, axle3_load: float) -> bool:
    if axle1_load <= axle3_load:
        return True
    else:
        return False

def r6(payload: float, axle2_load: float) -> bool:
    if payload <= axle2_load:
        return True
    else:
        return False

def r7(payload: float, axle3_load: float) -> bool:
    if payload <= axle3_load:
        return True
    else:
        return False

def r8(arg1: float, arg2: float, arg3: float, arg4: float, arg5: float, arg6: float, arg7: float, arg8: float, arg9: float, arg10: float, arg11: float, arg12: float, arg13: float, arg14: float):
    return not(r1(arg1, arg2) and r2(arg3, arg4) and r3(arg5, arg6) and r4(arg7, arg8) and r5(arg9, arg10) and r6(arg11, arg12) and r7(arg13, arg14)), r1(arg1, arg2), r2(arg3, arg4), r3(arg5, arg6), r4(arg7, arg8), r5(arg9, arg10), r6(arg11, arg12), r7(arg13, arg14)";Correct syntax;['True, True, True, True, True, False, False, False', 'False, True, True, True, True, True, True, True', 'True, False, False, False, False, True, True, True'];['True, True, True, True, True, False, False, False', 'False, True, True, True, True, True, True, True', 'True, False, False, False, False, True, True, True']
"System Message:
        You are a logician with a background in mathematics that translates natural language
        reasoning text to Python3 code so that these natural language reasoning problems can be solved.
        During the translation, please pay close attention to defining variables and rules.
        Do not add any comments from you.
        Be guided by the following example:
        Example input text:
        Textual context: If the parameter A's value is at least 20, the lowest possible value of parameter B is 5.
If the parameter C's value is at least 20, the lowest possible value of parameter D is 40.
Parameter E's value cannot be less than parameter F's value.
Parameter G's value cannot be less than parameter H's value.
Parameter I's value cannot be less than parameter J's value.
Parameter K's value cannot be less than parameter L's value.
Parameter M's value cannot be greater than parameter N's value.
Parameter O's value cannot be greater than parameter P's value.
Parameter R's value cannot be greater than parameter S's value.

        Example Python3 code:
        # If the parameter A's value is at least 20, the lowest possible value of parameter B is 5.
def r1(a: float, b: float) -> bool:
    if b / a >= 0.25:
        return True
    else:
        return False

# If the parameter C's value is at least 20, the lowest possible value of parameter D is 40.
def r2(c: float, d: float) -> bool:
    if d / c >= 2:
        return True
    else:
        return False

# Parameter E's value cannot be less than parameter F's value.
def r3(e: float, f: float) -> bool:
    if e >= f:
        return True
    else:
        return False

# Parameter G's value cannot be less than parameter H's value.
def r4(g: float, h: float) -> bool:
    if g >= h:
        return True
    else:
        return False

# Parameter I's value cannot be less than parameter J's value.
def r5(i: float, j: float) -> bool:
    if i >= j:
        return True
    else:
        return False

# Parameter K's value cannot be less than parameter L's value.
def r6(k: float, l: float) -> bool:
    if k >= l:
        return True
    else:
        return False

# Parameter M's value cannot be greater than parameter N's value.
def r7(m: float, n: float) -> bool:
    if m <= n:
        return True
    else:
        return False

# Parameter O's value cannot be greater than parameter P's value.
def r8(o: float, p: float) -> bool:
    if o <= p:
        return True
    else:
        return False

# Parameter R's value cannot be greater than parameter S's value.
def r9(r: float, s: float) -> bool:
    if r <= s:
        return True
    else:
        return False


        
Input text:
Textual context: The total operation duration must not be lower than the PTO operation time.
Idle time should be less than or equal to the total operation time.
The total operation durationmust not be lower than the driving time.
The number of stops where PTO is engaged must not exceed the overall stop count.
The load supported by axle 1 cannot exceed that of axle 2.
The payload must not exceed the load carried by axle 2.
Total operation time should be at least the sum of PTO, idle, and driving times.";"The total operation duration must not be lower than the PTO operation time.
Idle time should be less than or equal to the total operation time.
The total operation durationmust not be lower than the driving time.
The number of stops where PTO is engaged must not exceed the overall stop count.
The load supported by axle 1 cannot exceed that of axle 2.
The payload must not exceed the load carried by axle 2.
Total operation time should be at least the sum of PTO, idle, and driving times.";7;[['total operation time', 'PTO operation time'], ['idle time', 'total operation time'], ['total operation time', 'driving time'], ['stops with PTO engaged', 'stops'], ['axle 1 load', 'axle 2 load'], ['payload', 'axle 2 load'], ['total operation time', 'PTO operation time', 'idle time', 'driving time']];Llama-8;"def r1(t: float, p: float) -> bool:
    if t >= p:
        return True
    else:
        return False

def r2(i: float, t: float) -> bool:
    if i <= t:
        return True
    else:
        return False

def r3(t: float, d: float) -> bool:
    if t >= d:
        return True
    else:
        return False

def r4(s: int, p: int) -> bool:
    if s <= p:
        return True
    else:
        return False

def r5(l1: float, l2: float) -> bool:
    if l1 <= l2:
        return True
    else:
        return False

def r6(p: float, l2: float) -> bool:
    if p <= l2:
        return True
    else:
        return False

def r7(t: float, p: float, i: float, d: float) -> bool:
    if t >= p + i + d:
        return True
    else:
        return False

def r8(arg1: float, arg2: float, arg3: float, arg4: float, arg5: float, arg6: float, arg7: float, arg8: float, arg9: float, arg10: float, arg11: float, arg12: float, arg13: float, arg14: float, arg15: float, arg16: float):
    return not(r1(arg1, arg2) and r2(arg3, arg4) and r3(arg5, arg6) and r4(arg7, arg8) and r5(arg9, arg10) and r6(arg11, arg12) and r7(arg13, arg14, arg15, arg16)), r1(arg1, arg2), r2(arg3, arg4), r3(arg5, arg6), r4(arg7, arg8), r5(arg9, arg10), r6(arg11, arg12), r7(arg13, arg14, arg15, arg16)";Correct syntax;['True, True, True, True, True, False, False, True', 'False, True, True, True, True, True, True, True', 'True, False, False, False, False, True, True, False'];['True, True, True, True, True, False, False, True', 'False, True, True, True, True, True, True, True', 'True, False, False, False, False, True, True, False']
"System Message:
        You are a logician with a background in mathematics that translates natural language
        reasoning text to Python3 code so that these natural language reasoning problems can be solved.
        During the translation, please pay close attention to defining variables and rules.
        Do not add any comments from you.
        Be guided by the following example:
        Example input text:
        Textual context: If the parameter A's value is at least 20, the lowest possible value of parameter B is 5.
If the parameter C's value is at least 20, the lowest possible value of parameter D is 40.
Parameter E's value cannot be less than parameter F's value.
Parameter G's value cannot be less than parameter H's value.
Parameter I's value cannot be less than parameter J's value.
Parameter K's value cannot be less than parameter L's value.
Parameter M's value cannot be greater than parameter N's value.
Parameter O's value cannot be greater than parameter P's value.
Parameter R's value cannot be greater than parameter S's value.

        Example Python3 code:
        # If the parameter A's value is at least 20, the lowest possible value of parameter B is 5.
def r1(a: float, b: float) -> bool:
    if b / a >= 0.25:
        return True
    else:
        return False

# If the parameter C's value is at least 20, the lowest possible value of parameter D is 40.
def r2(c: float, d: float) -> bool:
    if d / c >= 2:
        return True
    else:
        return False

# Parameter E's value cannot be less than parameter F's value.
def r3(e: float, f: float) -> bool:
    if e >= f:
        return True
    else:
        return False

# Parameter G's value cannot be less than parameter H's value.
def r4(g: float, h: float) -> bool:
    if g >= h:
        return True
    else:
        return False

# Parameter I's value cannot be less than parameter J's value.
def r5(i: float, j: float) -> bool:
    if i >= j:
        return True
    else:
        return False

# Parameter K's value cannot be less than parameter L's value.
def r6(k: float, l: float) -> bool:
    if k >= l:
        return True
    else:
        return False

# Parameter M's value cannot be greater than parameter N's value.
def r7(m: float, n: float) -> bool:
    if m <= n:
        return True
    else:
        return False

# Parameter O's value cannot be greater than parameter P's value.
def r8(o: float, p: float) -> bool:
    if o <= p:
        return True
    else:
        return False

# Parameter R's value cannot be greater than parameter S's value.
def r9(r: float, s: float) -> bool:
    if r <= s:
        return True
    else:
        return False


        
Input text:
Textual context: Total operation time shouldn’t be lower than PTO operation time.
Idle time should be less than or equal to the total operation time.
Driving time must always be less than or equal to the total operation time.
Stops with PTO engaged cannot outnumber the total stops.
The load on axle 1 must not surpass the load on axle 3.
Payload must remain below or equal to the load carried by axle 2.
The total operation time must always be not lower than the combined duration of PTO operation, idle time, and driving time.";"Total operation time shouldn’t be lower than PTO operation time.
Idle time should be less than or equal to the total operation time.
Driving time must always be less than or equal to the total operation time.
Stops with PTO engaged cannot outnumber the total stops.
The load on axle 1 must not surpass the load on axle 3.
Payload must remain below or equal to the load carried by axle 2.
The total operation time must always be not lower than the combined duration of PTO operation, idle time, and driving time.";7;[['total operation time', 'PTO operation time'], ['idle time', 'total operation time'], ['driving time', 'total operation time'], ['stops with PTO engaged', 'stops'], ['axle 1 load', 'axle 3 load'], ['payload', 'axle 2 load'], ['total operation time', 'PTO operation time', 'idle time', 'driving time']];Llama-8;"def r1(total_operation_time: float, pto_operation_time: float) -> bool:
    if total_operation_time >= pto_operation_time:
        return True
    else:
        return False

def r2(idle_time: float, total_operation_time: float) -> bool:
    if idle_time <= total_operation_time:
        return True
    else:
        return False

def r3(driving_time: float, total_operation_time: float) -> bool:
    if driving_time <= total_operation_time:
        return True
    else:
        return False

def r4(pto_stops: int, total_stops: int) -> bool:
    if pto_stops <= total_stops:
        return True
    else:
        return False

def r5(axle1_load: float, axle3_load: float) -> bool:
    if axle1_load <= axle3_load:
        return True
    else:
        return False

def r6(payload: float, axle2_load: float) -> bool:
    if payload <= axle2_load:
        return True
    else:
        return False

def r7(total_operation_time: float, pto_operation_time: float, idle_time: float, driving_time: float) -> bool:
    if total_operation_time >= pto_operation_time + idle_time + driving_time:
        return True
    else:
        return False

def r8(arg1: float, arg2: float, arg3: float, arg4: float, arg5: float, arg6: float, arg7: float, arg8: float, arg9: float, arg10: float, arg11: float, arg12: float, arg13: float, arg14: float, arg15: float, arg16: float):
    return not(r1(arg1, arg2) and r2(arg3, arg4) and r3(arg5, arg6) and r4(arg7, arg8) and r5(arg9, arg10) and r6(arg11, arg12) and r7(arg13, arg14, arg15, arg16)), r1(arg1, arg2), r2(arg3, arg4), r3(arg5, arg6), r4(arg7, arg8), r5(arg9, arg10), r6(arg11, arg12), r7(arg13, arg14, arg15, arg16)";Correct syntax;['True, True, True, True, True, False, False, True', 'False, True, True, True, True, True, True, True', 'True, False, False, False, False, True, True, False'];['True, True, True, True, True, False, False, True', 'False, True, True, True, True, True, True, True', 'True, False, False, False, False, True, True, False']
"System Message:
        You are a logician with a background in mathematics that translates natural language
        reasoning text to Python3 code so that these natural language reasoning problems can be solved.
        During the translation, please pay close attention to defining variables and rules.
        Do not add any comments from you.
        Be guided by the following example:
        Example input text:
        Textual context: If the parameter A's value is at least 20, the lowest possible value of parameter B is 5.
If the parameter C's value is at least 20, the lowest possible value of parameter D is 40.
Parameter E's value cannot be less than parameter F's value.
Parameter G's value cannot be less than parameter H's value.
Parameter I's value cannot be less than parameter J's value.
Parameter K's value cannot be less than parameter L's value.
Parameter M's value cannot be greater than parameter N's value.
Parameter O's value cannot be greater than parameter P's value.
Parameter R's value cannot be greater than parameter S's value.

        Example Python3 code:
        # If the parameter A's value is at least 20, the lowest possible value of parameter B is 5.
def r1(a: float, b: float) -> bool:
    if b / a >= 0.25:
        return True
    else:
        return False

# If the parameter C's value is at least 20, the lowest possible value of parameter D is 40.
def r2(c: float, d: float) -> bool:
    if d / c >= 2:
        return True
    else:
        return False

# Parameter E's value cannot be less than parameter F's value.
def r3(e: float, f: float) -> bool:
    if e >= f:
        return True
    else:
        return False

# Parameter G's value cannot be less than parameter H's value.
def r4(g: float, h: float) -> bool:
    if g >= h:
        return True
    else:
        return False

# Parameter I's value cannot be less than parameter J's value.
def r5(i: float, j: float) -> bool:
    if i >= j:
        return True
    else:
        return False

# Parameter K's value cannot be less than parameter L's value.
def r6(k: float, l: float) -> bool:
    if k >= l:
        return True
    else:
        return False

# Parameter M's value cannot be greater than parameter N's value.
def r7(m: float, n: float) -> bool:
    if m <= n:
        return True
    else:
        return False

# Parameter O's value cannot be greater than parameter P's value.
def r8(o: float, p: float) -> bool:
    if o <= p:
        return True
    else:
        return False

# Parameter R's value cannot be greater than parameter S's value.
def r9(r: float, s: float) -> bool:
    if r <= s:
        return True
    else:
        return False


        
Input text:
Textual context: PTO operation time should be less than or equal to the total operation time.
Total operation time shouldn’t be lower than idle time.
Driving time should be less than or equal to the total operation time.
The number of stops where PTO is engaged must not exceed the overall stop count.
The weight on axle 1 cannot surpass the weight on axle 2.
The load supported by axle 1 cannot exceed that of axle 3.
The payload must always be smaller than or equal to the load on axle 3.
Total operation time must be greater than or equal to the sum of PTO operation, idle, and driving times.";"PTO operation time should be less than or equal to the total operation time.
Total operation time shouldn’t be lower than idle time.
Driving time should be less than or equal to the total operation time.
The number of stops where PTO is engaged must not exceed the overall stop count.
The weight on axle 1 cannot surpass the weight on axle 2.
The load supported by axle 1 cannot exceed that of axle 3.
The payload must always be smaller than or equal to the load on axle 3.
Total operation time must be greater than or equal to the sum of PTO operation, idle, and driving times.";8;[['PTO operation time', 'total operation time'], ['total operation time', 'idle time'], ['driving time', 'total operation time'], ['stops with PTO engaged', 'stops'], ['axle 1 load', 'axle 2 load'], ['axle 1 load', 'axle 3 load'], ['payload', 'axle 3 load'], ['total operation time', 'PTO operation time', 'idle time', 'driving time']];Llama-8;"def r1(pto: float, total: float) -> bool:
    if pto <= total:
        return True
    else:
        return False

def r2(total: float, idle: float) -> bool:
    if total >= idle:
        return True
    else:
        return False

def r3(driving: float, total: float) -> bool:
    if driving <= total:
        return True
    else:
        return False

def r4(pto_stops: int, overall_stops: int) -> bool:
    if pto_stops <= overall_stops:
        return True
    else:
        return False

def r5(axle1: float, axle2: float) -> bool:
    if axle1 <= axle2:
        return True
    else:
        return False

def r6(axle1: float, axle3: float) -> bool:
    if axle1 <= axle3:
        return True
    else:
        return False

def r7(payload: float, axle3: float) -> bool:
    if payload <= axle3:
        return True
    else:
        return False

def r8(total: float, pto: float, idle: float, driving: float) -> bool:
    if total >= pto + idle + driving:
        return True
    else:
        return False

def r9(arg1: float, arg2: float, arg3: float, arg4: float, arg5: float, arg6: float, arg7: float, arg8: float, arg9: float, arg10: float, arg11: float, arg12: float, arg13: float, arg14: float, arg15: float, arg16: float, arg17: float, arg18: float):
    return not(r1(arg1, arg2) and r2(arg3, arg4) and r3(arg5, arg6) and r4(arg7, arg8) and r5(arg9, arg10) and r6(arg11, arg12) and r7(arg13, arg14) and r8(arg15, arg16, arg17, arg18)), r1(arg1, arg2), r2(arg3, arg4), r3(arg5, arg6), r4(arg7, arg8), r5(arg9, arg10), r6(arg11, arg12), r7(arg13, arg14), r8(arg15, arg16, arg17, arg18)";Correct syntax;['True, True, True, True, True, False, False, False, True', 'False, True, True, True, True, True, True, True, True', 'True, False, False, False, False, True, True, True, False'];['True, True, True, True, True, False, False, False, True', 'False, True, True, True, True, True, True, True, True', 'True, False, False, False, False, True, True, True, False']
"System Message:
        You are a logician with a background in mathematics that translates natural language
        reasoning text to Python3 code so that these natural language reasoning problems can be solved.
        During the translation, please pay close attention to defining variables and rules.
        Do not add any comments from you.
        Be guided by the following example:
        Example input text:
        Textual context: If the parameter A's value is at least 20, the lowest possible value of parameter B is 5.
If the parameter C's value is at least 20, the lowest possible value of parameter D is 40.
Parameter E's value cannot be less than parameter F's value.
Parameter G's value cannot be less than parameter H's value.
Parameter I's value cannot be less than parameter J's value.
Parameter K's value cannot be less than parameter L's value.
Parameter M's value cannot be greater than parameter N's value.
Parameter O's value cannot be greater than parameter P's value.
Parameter R's value cannot be greater than parameter S's value.

        Example Python3 code:
        # If the parameter A's value is at least 20, the lowest possible value of parameter B is 5.
def r1(a: float, b: float) -> bool:
    if b / a >= 0.25:
        return True
    else:
        return False

# If the parameter C's value is at least 20, the lowest possible value of parameter D is 40.
def r2(c: float, d: float) -> bool:
    if d / c >= 2:
        return True
    else:
        return False

# Parameter E's value cannot be less than parameter F's value.
def r3(e: float, f: float) -> bool:
    if e >= f:
        return True
    else:
        return False

# Parameter G's value cannot be less than parameter H's value.
def r4(g: float, h: float) -> bool:
    if g >= h:
        return True
    else:
        return False

# Parameter I's value cannot be less than parameter J's value.
def r5(i: float, j: float) -> bool:
    if i >= j:
        return True
    else:
        return False

# Parameter K's value cannot be less than parameter L's value.
def r6(k: float, l: float) -> bool:
    if k >= l:
        return True
    else:
        return False

# Parameter M's value cannot be greater than parameter N's value.
def r7(m: float, n: float) -> bool:
    if m <= n:
        return True
    else:
        return False

# Parameter O's value cannot be greater than parameter P's value.
def r8(o: float, p: float) -> bool:
    if o <= p:
        return True
    else:
        return False

# Parameter R's value cannot be greater than parameter S's value.
def r9(r: float, s: float) -> bool:
    if r <= s:
        return True
    else:
        return False


        
Input text:
Textual context: The total operation duration must not be lower than the idle time.
Total operation time should shouldn’t be lower than driving time.
The total stop count must not be lower than the count of stops where PTO is engaged.
The load carried by axle 1 must be smaller than or equal to the load on axle 3.
Payload must remain below or equal to the load carried by axle 2.
The payload must not exceed the load carried by axle 3.
The total operation duration must always be greater than or equal to the combined time for PTO, idle, and driving.";"The total operation duration must not be lower than the idle time.
Total operation time should shouldn’t be lower than driving time.
The total stop count must not be lower than the count of stops where PTO is engaged.
The load carried by axle 1 must be smaller than or equal to the load on axle 3.
Payload must remain below or equal to the load carried by axle 2.
The payload must not exceed the load carried by axle 3.
The total operation duration must always be greater than or equal to the combined time for PTO, idle, and driving.";7;[['total operation time', 'idle time'], ['total operation time', 'driving time'], ['stops', 'stops with PTO engaged'], ['axle 1 load', 'axle 3 load'], ['payload', 'axle 2 load'], ['payload', 'axle 3 load'], ['total operation time', 'PTO operation time', 'idle time', 'driving time']];Llama-8;"def r1(operation_duration: float, idle_time: float) -> bool:
    if operation_duration < idle_time:
        return False
    else:
        return True

def r2(operation_duration: float, driving_time: float) -> bool:
    if operation_duration < driving_time:
        return False
    else:
        return True

def r3(total_stops: int, pto_stops: int) -> bool:
    if total_stops < pto_stops:
        return False
    else:
        return True

def r4(axle1_load: float, axle3_load: float) -> bool:
    if axle1_load > axle3_load:
        return False
    else:
        return True

def r5(payload: float, axle2_load: float) -> bool:
    if payload > axle2_load:
        return False
    else:
        return True

def r6(payload: float, axle3_load: float) -> bool:
    if payload > axle3_load:
        return False
    else:
        return True

def r7(operation_duration: float, pto_time: float, idle_time: float, driving_time: float) -> bool:
    if operation_duration < pto_time + idle_time + driving_time:
        return False
    else:
        return True

def r8(arg1: float, arg2: float, arg3: float, arg4: float, arg5: float, arg6: float, arg7: float, arg8: float, arg9: float, arg10: float, arg11: float, arg12: float, arg13: float, arg14: float, arg15: float, arg16: float):
    return not(r1(arg1, arg2) and r2(arg3, arg4) and r3(arg5, arg6) and r4(arg7, arg8) and r5(arg9, arg10) and r6(arg11, arg12) and r7(arg13, arg14, arg15, arg16)), r1(arg1, arg2), r2(arg3, arg4), r3(arg5, arg6), r4(arg7, arg8), r5(arg9, arg10), r6(arg11, arg12), r7(arg13, arg14, arg15, arg16)";Correct syntax;['True, True, True, True, False, False, False, True', 'False, True, True, True, True, True, True, True', 'True, False, False, False, True, True, True, False'];['True, True, True, True, False, False, False, True', 'False, True, True, True, True, True, True, True', 'True, False, False, False, True, True, True, False']
"System Message:
        You are a logician with a background in mathematics that translates natural language
        reasoning text to Python3 code so that these natural language reasoning problems can be solved.
        During the translation, please pay close attention to defining variables and rules.
        Do not add any comments from you.
        Be guided by the following example:
        Example input text:
        Textual context: If the parameter A's value is at least 20, the lowest possible value of parameter B is 5.
If the parameter C's value is at least 20, the lowest possible value of parameter D is 40.
Parameter E's value cannot be less than parameter F's value.
Parameter G's value cannot be less than parameter H's value.
Parameter I's value cannot be less than parameter J's value.
Parameter K's value cannot be less than parameter L's value.
Parameter M's value cannot be greater than parameter N's value.
Parameter O's value cannot be greater than parameter P's value.
Parameter R's value cannot be greater than parameter S's value.

        Example Python3 code:
        # If the parameter A's value is at least 20, the lowest possible value of parameter B is 5.
def r1(a: float, b: float) -> bool:
    if b / a >= 0.25:
        return True
    else:
        return False

# If the parameter C's value is at least 20, the lowest possible value of parameter D is 40.
def r2(c: float, d: float) -> bool:
    if d / c >= 2:
        return True
    else:
        return False

# Parameter E's value cannot be less than parameter F's value.
def r3(e: float, f: float) -> bool:
    if e >= f:
        return True
    else:
        return False

# Parameter G's value cannot be less than parameter H's value.
def r4(g: float, h: float) -> bool:
    if g >= h:
        return True
    else:
        return False

# Parameter I's value cannot be less than parameter J's value.
def r5(i: float, j: float) -> bool:
    if i >= j:
        return True
    else:
        return False

# Parameter K's value cannot be less than parameter L's value.
def r6(k: float, l: float) -> bool:
    if k >= l:
        return True
    else:
        return False

# Parameter M's value cannot be greater than parameter N's value.
def r7(m: float, n: float) -> bool:
    if m <= n:
        return True
    else:
        return False

# Parameter O's value cannot be greater than parameter P's value.
def r8(o: float, p: float) -> bool:
    if o <= p:
        return True
    else:
        return False

# Parameter R's value cannot be greater than parameter S's value.
def r9(r: float, s: float) -> bool:
    if r <= s:
        return True
    else:
        return False


        
Input text:
Textual context: PTO operation time cannot be greater than the total operation time.
Idle time should be less than or equal to the total operation time.
The number of stops where PTO is engaged must not exceed the overall stop count.
Axle 1's load cannot exceed Axle 2's load.
The load on axle 1 must not surpass the load on axle 3.
Axle 2's load must always be equal to or greater than the payload.
The payload must not exceed the load carried by axle 3.
Total operation time should be at least the sum of PTO, idle, and driving times.";"PTO operation time cannot be greater than the total operation time.
Idle time should be less than or equal to the total operation time.
The number of stops where PTO is engaged must not exceed the overall stop count.
Axle 1's load cannot exceed Axle 2's load.
The load on axle 1 must not surpass the load on axle 3.
Axle 2's load must always be equal to or greater than the payload.
The payload must not exceed the load carried by axle 3.
Total operation time should be at least the sum of PTO, idle, and driving times.";8;[['PTO operation time', 'total operation time'], ['idle time', 'total operation time'], ['stops with PTO engaged', 'stops'], ['axle 1 load', 'axle 2 load'], ['axle 1 load', 'axle 3 load'], ['axle 2 load', 'payload'], ['payload', 'axle 3 load'], ['total operation time', 'PTO operation time', 'idle time', 'driving time']];Llama-8;"def r1(pto_time: float, total_time: float) -> bool:
    if pto_time <= total_time:
        return True
    else:
        return False

def r2(idle_time: float, total_time: float) -> bool:
    if idle_time <= total_time:
        return True
    else:
        return False

def r3(pto_stops: int, overall_stops: int) -> bool:
    if pto_stops <= overall_stops:
        return True
    else:
        return False

def r4(axle1_load: float, axle2_load: float) -> bool:
    if axle1_load <= axle2_load:
        return True
    else:
        return False

def r5(axle1_load: float, axle3_load: float) -> bool:
    if axle1_load <= axle3_load:
        return True
    else:
        return False

def r6(axle2_load: float, payload: float) -> bool:
    if axle2_load >= payload:
        return True
    else:
        return False

def r7(payload: float, axle3_load: float) -> bool:
    if payload <= axle3_load:
        return True
    else:
        return False

def r8(total_time: float, pto_time: float, idle_time: float, driving_time: float) -> bool:
    if total_time >= pto_time + idle_time + driving_time:
        return True
    else:
        return False

def r9(arg1: float, arg2: float, arg3: float, arg4: float, arg5: float, arg6: float, arg7: float, arg8: float, arg9: float, arg10: float, arg11: float, arg12: float, arg13: float, arg14: float, arg15: float, arg16: float, arg17: float, arg18: float):
    return not(r1(arg1, arg2) and r2(arg3, arg4) and r3(arg5, arg6) and r4(arg7, arg8) and r5(arg9, arg10) and r6(arg11, arg12) and r7(arg13, arg14) and r8(arg15, arg16, arg17, arg18)), r1(arg1, arg2), r2(arg3, arg4), r3(arg5, arg6), r4(arg7, arg8), r5(arg9, arg10), r6(arg11, arg12), r7(arg13, arg14), r8(arg15, arg16, arg17, arg18)";Correct syntax;['True, True, True, True, False, False, False, False, True', 'False, True, True, True, True, True, True, True, True', 'True, False, False, False, True, True, True, True, False'];['True, True, True, True, False, False, False, False, True', 'False, True, True, True, True, True, True, True, True', 'True, False, False, False, True, True, True, True, False']
"System Message:
        You are a logician with a background in mathematics that translates natural language
        reasoning text to Python3 code so that these natural language reasoning problems can be solved.
        During the translation, please pay close attention to defining variables and rules.
        Do not add any comments from you.
        Be guided by the following example:
        Example input text:
        Textual context: If the parameter A's value is at least 20, the lowest possible value of parameter B is 5.
If the parameter C's value is at least 20, the lowest possible value of parameter D is 40.
Parameter E's value cannot be less than parameter F's value.
Parameter G's value cannot be less than parameter H's value.
Parameter I's value cannot be less than parameter J's value.
Parameter K's value cannot be less than parameter L's value.
Parameter M's value cannot be greater than parameter N's value.
Parameter O's value cannot be greater than parameter P's value.
Parameter R's value cannot be greater than parameter S's value.

        Example Python3 code:
        # If the parameter A's value is at least 20, the lowest possible value of parameter B is 5.
def r1(a: float, b: float) -> bool:
    if b / a >= 0.25:
        return True
    else:
        return False

# If the parameter C's value is at least 20, the lowest possible value of parameter D is 40.
def r2(c: float, d: float) -> bool:
    if d / c >= 2:
        return True
    else:
        return False

# Parameter E's value cannot be less than parameter F's value.
def r3(e: float, f: float) -> bool:
    if e >= f:
        return True
    else:
        return False

# Parameter G's value cannot be less than parameter H's value.
def r4(g: float, h: float) -> bool:
    if g >= h:
        return True
    else:
        return False

# Parameter I's value cannot be less than parameter J's value.
def r5(i: float, j: float) -> bool:
    if i >= j:
        return True
    else:
        return False

# Parameter K's value cannot be less than parameter L's value.
def r6(k: float, l: float) -> bool:
    if k >= l:
        return True
    else:
        return False

# Parameter M's value cannot be greater than parameter N's value.
def r7(m: float, n: float) -> bool:
    if m <= n:
        return True
    else:
        return False

# Parameter O's value cannot be greater than parameter P's value.
def r8(o: float, p: float) -> bool:
    if o <= p:
        return True
    else:
        return False

# Parameter R's value cannot be greater than parameter S's value.
def r9(r: float, s: float) -> bool:
    if r <= s:
        return True
    else:
        return False


        
Input text:
Textual context: PTO operation time cannot be greater than the total operation time.
Idle time cannot be greater than the total operation time.
Driving time cannot be greater than the total operation time.
The load carried by axle 1 must be smaller than or equal to the load on axle 2.
Axle 1's load cannot exceed Axle 3's load.
The payload must always be smaller than or equal to the load on axle 2.
The payload must not exceed the load carried by axle 3.";"PTO operation time cannot be greater than the total operation time.
Idle time cannot be greater than the total operation time.
Driving time cannot be greater than the total operation time.
The load carried by axle 1 must be smaller than or equal to the load on axle 2.
Axle 1's load cannot exceed Axle 3's load.
The payload must always be smaller than or equal to the load on axle 2.
The payload must not exceed the load carried by axle 3.";7;[['PTO operation time', 'total operation time'], ['idle time', 'total operation time'], ['driving time', 'total operation time'], ['axle 1 load', 'axle 2 load'], ['axle 1 load', 'axle 3 load'], ['payload', 'axle 2 load'], ['payload', 'axle 3 load']];Llama-8;"def r1(pto_time: float, total_time: float) -> bool:
    if pto_time <= total_time:
        return True
    else:
        return False

def r2(idle_time: float, total_time: float) -> bool:
    if idle_time <= total_time:
        return True
    else:
        return False

def r3(driving_time: float, total_time: float) -> bool:
    if driving_time <= total_time:
        return True
    else:
        return False

def r4(axle1_load: float, axle2_load: float) -> bool:
    if axle1_load <= axle2_load:
        return True
    else:
        return False

def r5(axle1_load: float, axle3_load: float) -> bool:
    if axle1_load <= axle3_load:
        return True
    else:
        return False

def r6(payload: float, axle2_load: float) -> bool:
    if payload <= axle2_load:
        return True
    else:
        return False

def r7(payload: float, axle3_load: float) -> bool:
    if payload <= axle3_load:
        return True
    else:
        return False

def r8(arg1: float, arg2: float, arg3: float, arg4: float, arg5: float, arg6: float, arg7: float, arg8: float, arg9: float, arg10: float, arg11: float, arg12: float, arg13: float, arg14: float):
    return not(r1(arg1, arg2) and r2(arg3, arg4) and r3(arg5, arg6) and r4(arg7, arg8) and r5(arg9, arg10) and r6(arg11, arg12) and r7(arg13, arg14)), r1(arg1, arg2), r2(arg3, arg4), r3(arg5, arg6), r4(arg7, arg8), r5(arg9, arg10), r6(arg11, arg12), r7(arg13, arg14)";Correct syntax;['True, True, True, True, False, False, False, False', 'False, True, True, True, True, True, True, True', 'True, False, False, False, True, True, True, True'];['True, True, True, True, False, False, False, False', 'False, True, True, True, True, True, True, True', 'True, False, False, False, True, True, True, True']
"System Message:
        You are a logician with a background in mathematics that translates natural language
        reasoning text to Python3 code so that these natural language reasoning problems can be solved.
        During the translation, please pay close attention to defining variables and rules.
        Do not add any comments from you.
        Be guided by the following example:
        Example input text:
        Textual context: If the parameter A's value is at least 20, the lowest possible value of parameter B is 5.
If the parameter C's value is at least 20, the lowest possible value of parameter D is 40.
Parameter E's value cannot be less than parameter F's value.
Parameter G's value cannot be less than parameter H's value.
Parameter I's value cannot be less than parameter J's value.
Parameter K's value cannot be less than parameter L's value.
Parameter M's value cannot be greater than parameter N's value.
Parameter O's value cannot be greater than parameter P's value.
Parameter R's value cannot be greater than parameter S's value.

        Example Python3 code:
        # If the parameter A's value is at least 20, the lowest possible value of parameter B is 5.
def r1(a: float, b: float) -> bool:
    if b / a >= 0.25:
        return True
    else:
        return False

# If the parameter C's value is at least 20, the lowest possible value of parameter D is 40.
def r2(c: float, d: float) -> bool:
    if d / c >= 2:
        return True
    else:
        return False

# Parameter E's value cannot be less than parameter F's value.
def r3(e: float, f: float) -> bool:
    if e >= f:
        return True
    else:
        return False

# Parameter G's value cannot be less than parameter H's value.
def r4(g: float, h: float) -> bool:
    if g >= h:
        return True
    else:
        return False

# Parameter I's value cannot be less than parameter J's value.
def r5(i: float, j: float) -> bool:
    if i >= j:
        return True
    else:
        return False

# Parameter K's value cannot be less than parameter L's value.
def r6(k: float, l: float) -> bool:
    if k >= l:
        return True
    else:
        return False

# Parameter M's value cannot be greater than parameter N's value.
def r7(m: float, n: float) -> bool:
    if m <= n:
        return True
    else:
        return False

# Parameter O's value cannot be greater than parameter P's value.
def r8(o: float, p: float) -> bool:
    if o <= p:
        return True
    else:
        return False

# Parameter R's value cannot be greater than parameter S's value.
def r9(r: float, s: float) -> bool:
    if r <= s:
        return True
    else:
        return False


        
Input text:
Textual context: PTO operation time should be less than or equal to the total operation time.
Idle time cannot be greater than the total operation time.
Driving time should be less than or equal to the total operation time.
PTO-engaged stops cannot exceed the total number of stops.
Axle 2's load must always be equal to or greater than the payload.
Axle 3's load must always be equal to or greater than the payload.
The combined time for PTO operation, idle time, and driving time must not surpass the total operation time.";"PTO operation time should be less than or equal to the total operation time.
Idle time cannot be greater than the total operation time.
Driving time should be less than or equal to the total operation time.
PTO-engaged stops cannot exceed the total number of stops.
Axle 2's load must always be equal to or greater than the payload.
Axle 3's load must always be equal to or greater than the payload.
The combined time for PTO operation, idle time, and driving time must not surpass the total operation time.";7;[['PTO operation time', 'total operation time'], ['idle time', 'total operation time'], ['driving time', 'total operation time'], ['stops with PTO engaged', 'stops'], ['axle 2 load', 'payload'], ['axle 3 load', 'payload'], ['PTO operation time', 'idle time', 'driving time', 'total operation time']];Llama-8;"def r1(d: float, e: float) -> bool:
    if d <= e:
        return True
    else:
        return False

def r2(f: float, e: float) -> bool:
    if f <= e:
        return True
    else:
        return False

def r3(g: float, e: float) -> bool:
    if g <= e:
        return True
    else:
        return False

def r4(h: float, i: float) -> bool:
    if h <= i:
        return True
    else:
        return False

def r5(j: float, k: float) -> bool:
    if j >= k:
        return True
    else:
        return False

def r6(l: float, k: float) -> bool:
    if l >= k:
        return True
    else:
        return False

def r7(d: float, f: float, g: float, e: float) -> bool:
    if d + f + g <= e:
        return True
    else:
        return False

def r8(arg1: float, arg2: float, arg3: float, arg4: float, arg5: float, arg6: float, arg7: float, arg8: float, arg9: float, arg10: float, arg11: float, arg12: float, arg13: float, arg14: float, arg15: float, arg16: float):
    return not(r1(arg1, arg2) and r2(arg3, arg4) and r3(arg5, arg6) and r4(arg7, arg8) and r5(arg9, arg10) and r6(arg11, arg12) and r7(arg13, arg14, arg15, arg16)), r1(arg1, arg2), r2(arg3, arg4), r3(arg5, arg6), r4(arg7, arg8), r5(arg9, arg10), r6(arg11, arg12), r7(arg13, arg14, arg15, arg16)";Correct syntax;['True, True, True, True, True, False, False, True', 'False, True, True, True, True, True, True, True', 'True, False, False, False, False, True, True, False'];['True, True, True, True, True, False, False, True', 'False, True, True, True, True, True, True, True', 'True, False, False, False, False, True, True, False']
"System Message:
You are an agent which task is to correct Python3 code implementing logical rules, generated by another large language model,
so that they throw no runtime errors during program execution and correspond to the logical assumptions expressed in natural language.
To perform this task you will receive a Python3 code with valid syntax, which not correspond to the logical premises and throw runtime errors,
and these logical premises expressed in natural language, which should be translated into rules in Python3 code.
Your task is to return a valid Python3 rules for a given premises, having corrected the runtime errors.
Improvements made should mainly include defining the correct number of arguments for each function according to corresponding premise
and using inside functions the proper variables, previously defined in the function declaration.
Do not make any corrections to the last function.
Please output only a valid Python code only with comments started with #.
Do not add any additional texts, tags and comments.
Be guided by the following examples:

Example 1
# If the parameter C's value is at least 20, the lowest possible value of parameter D is 40.
def r1(c: float, d: float) -> bool:
    if c >= 20 and d / c >= 0.4:
        return True
    else:
        return False

# Parameter W value should be at least the sum of parameter X, parameter Y and parameter Z.
def r2(x: float, y: float, z: float) -> bool:
    if x + y + z >= 0:
        return True
    else:
        return False

# To identify the day as abnormal, it is enough that even one or more conditions are violated.
def r3(arg1: float, arg2: float, arg3: float, arg4: float, arg5: float, arg6: float):
    return not(r1(arg1, arg2) and r2(arg3, arg4, arg5, arg6)), r1(arg1, arg2), r2(arg3, arg4, arg5, arg6)

It is supposed to translate the following example text into rules:
If the parameter C's value is at least 20, the lowest possible value of parameter D is 40.
Parameter W value should be at least the sum of parameter X, parameter Y and parameter Z.

Code after execution returns the following error:
Traceback (most recent call last):
  File ""/home/obywatelfg/Doktorat/Badania/Logic-LLM/LLM-logic/New_val_Adapt_Task2_outputs_python_no_final_rule/Llama-8/2/python_code/2_output_python.py"", line 18, in <module>
    print(r3(2226.8, 2432.3, 0.3, 0.9, 2.7, 1.0))
  File ""/home/obywatelfg/Doktorat/Badania/Logic-LLM/LLM-logic/New_val_Adapt_Task2_outputs_python_no_final_rule/Llama-8/2/python_code/2_output_python.py"", line 16, in r3
    return not(r1(arg1, arg2) and r2(arg3, arg4, arg5, arg6)), r1(arg1, arg2), r2(arg3, arg4, arg5, arg6)
TypeError: r2() takes 3 positional arguments but 4 were given

Please correct the code.

The corrected code should be the following:
# If the parameter C's value is at least 20, the lowest possible value of parameter D is 40.
def r1(c: float, d: float) -> bool:
    if c >= 20 and d / c >= 0.4:
        return True
    else:
        return False

# This function lack of parameter W in a function definition and a body, where logical rule should check the proportion between param W and sum of params x, y, z.
# Parameter W value should be at least the sum of parameter X, parameter Y and parameter Z.
def r2(x: float, y: float, z: float, w: float) -> bool:
    if x + y + z <= w:
        return True
    else:
        return False

# To identify the day as abnormal, it is enough that even one or more conditions are violated.
def r3(arg1: float, arg2: float, arg3: float, arg4: float, arg5: float, arg6: float):
    return not(r1(arg1, arg2) and r2(arg3, arg4, arg5, arg6)), r1(arg1, arg2), r2(arg3, arg4, arg5, arg6)


Example 2
# If the parameter C's value is at least 20, the lowest possible value of parameter D is 40.
def r1(c: float) -> bool:
    if c >= 40 and c >= 0.4:
        return True
    else:
        return False

# Parameter T's value shouldn't be lower than parameter P's value.
def r2(t: float, p: float) -> bool:
    if t >= p:
        return True
    else:
        return False

# To identify the day as abnormal, it is enough that even one or more conditions are violated.
def r3(arg1: float, arg2: float, arg3: float, arg4: float):
    return not(r1(arg1, arg2) and r2(arg3, arg4)), r1(arg1, arg2), r2(arg3, arg4)

It is supposed to translate the following example text into rules:
If the parameter C's value is at least 20, the lowest possible value of parameter D is 40.
Parameter T's value shouldn't be lower than parameter P's value.

Code after execution returns the following error:
Traceback (most recent call last):
  File ""/home/obywatelfg/Doktorat/Badania/Logic-LLM/LLM-logic/New_val_Adapt_Task2_outputs_python_no_final_rule/Llama-8/4/python_code/121_output_python.py"", line 32, in <module>
    print(r5(227.70000000000002, 75.9, 9.5, 1.9, 7203.1, 6652.3, 10268.5, 8400.7))
  File ""/home/obywatelfg/Doktorat/Badania/Logic-LLM/LLM-logic/New_val_Adapt_Task2_outputs_python_no_final_rule/Llama-8/4/python_code/121_output_python.py"", line 30, in r5
    return not(r1(arg1, arg2) and r2(arg3, arg4) and r3(arg5, arg6) and r4(arg7, arg8)), r1(arg1, arg2), r2(arg3, arg4), r3(arg5, arg6), r4(arg7, arg8)
TypeError: r1() takes 1 positional argument but 2 were given

Please correct the code.

The corrected code should be the following:
# If the parameter C's value is at least 20, the lowest possible value of parameter D is 40.
def r1(c: float, d: float) -> bool:
    if d / c >= 2:
        return True
    else:
        return False

# Parameter T's value shouldn't be lower than parameter P's value.
def r2(t: float, p: float) -> bool:
    if t >= p:
        return True
    else:
        return False

# To identify the day as abnormal, it is enough that even one or more conditions are violated.
def r3(arg1: float, arg2: float, arg3: float, arg4: float):
    return not(r1(arg1, arg2) and r2(arg3, arg4)), r1(arg1, arg2), r2(arg3, arg4)


The input for your task:
This is the Python3 code which not correspond to the given logical premises:
def r1(pto: float, total: float) -> bool:
    if pto <= total:
        return True
    else:
        return False

def r2(idle: float, total: float) -> bool:
    if idle <= total:
        return True
    else:
        return False

def r3(total_stops: int, pto_stops: int) -> bool:
    if total_stops >= pto_stops:
        return True
    else:
        return False

def r4(axle1: float, axle2: float) -> bool:
    if axle1 <= axle2:
        return True
    else:
        return False

def r5(axle1: float, axle3: float) -> bool:
    if axle1 <= axle3:
        return True
    else:
        return False

def r6(payload: float, axle2: float) -> bool:
    if payload <= axle2:
        return True
    else:
        return False

def r7(pto: float, idle: float, driving: float) -> bool:
    if pto + idle + driving >= 0:
        return True
    else:
        return False

def r8(arg1: float, arg2: float, arg3: float, arg4: float, arg5: float, arg6: float, arg7: float, arg8: float, arg9: float, arg10: float, arg11: float, arg12: float, arg13: float, arg14: float, arg15: float, arg16: float):
    return not(r1(arg1, arg2) and r2(arg3, arg4) and r3(arg5, arg6) and r4(arg7, arg8) and r5(arg9, arg10) and r6(arg11, arg12) and r7(arg13, arg14, arg15, arg16)), r1(arg1, arg2), r2(arg3, arg4), r3(arg5, arg6), r4(arg7, arg8), r5(arg9, arg10), r6(arg11, arg12), r7(arg13, arg14, arg15, arg16)

It is supposed to translate the following text into rules:
PTO operation time should be less than or equal to the total operation time.
Idle time cannot be greater than the total operation time.
The total stop count must not be lower than the count of stops where PTO is engaged.
The load on axle 1 must not surpass the load on axle 2.
The weight on axle 1 cannot surpass the weight on axle 3.
The payload must not exceed the load carried by axle 2.
Total operation time should be at least the sum of PTO, idle, and driving times.

Code after execution returns the following error:
Traceback (most recent call last):
  File ""/home/frank/Doktorat/ExKLoP/saved_outputs/Task2_syntax_outputs/Llama-8/7/python_code/392_output_python.py"", line 46, in <module>
    print(r8(4.0, 5.7, 2.0, 3.8, 171, 110, 3241.2, 3010.4, 4270.1, 2362.5, 51.6, 7.7, 2.1, 0.3, 1.0, 0.7))
  File ""/home/frank/Doktorat/ExKLoP/saved_outputs/Task2_syntax_outputs/Llama-8/7/python_code/392_output_python.py"", line 44, in r8
    return not(r1(arg1, arg2) and r2(arg3, arg4) and r3(arg5, arg6) and r4(arg7, arg8) and r5(arg9, arg10) and r6(arg11, arg12) and r7(arg13, arg14, arg15, arg16)), r1(arg1, arg2), r2(arg3, arg4), r3(arg5, arg6), r4(arg7, arg8), r5(arg9, arg10), r6(arg11, arg12), r7(arg13, arg14, arg15, arg16)
TypeError: r7() takes 3 positional arguments but 4 were given


Please correct the code.   ";"PTO operation time should be less than or equal to the total operation time.
Idle time cannot be greater than the total operation time.
The total stop count must not be lower than the count of stops where PTO is engaged.
The load on axle 1 must not surpass the load on axle 2.
The weight on axle 1 cannot surpass the weight on axle 3.
The payload must not exceed the load carried by axle 2.
Total operation time should be at least the sum of PTO, idle, and driving times.";7;[['PTO operation time', 'total operation time'], ['idle time', 'total operation time'], ['stops', 'stops with PTO engaged'], ['axle 1 load', 'axle 2 load'], ['axle 1 load', 'axle 3 load'], ['payload', 'axle 2 load'], ['total operation time', 'PTO operation time', 'idle time', 'driving time']];Llama-8;"def r1(pto: float, total: float) -> bool:
    if pto <= total:
        return True
    else:
        return False

def r2(idle: float, total: float) -> bool:
    if idle <= total:
        return True
    else:
        return False

def r3(total_stops: int, pto_stops: int) -> bool:
    if total_stops >= pto_stops:
        return True
    else:
        return False

def r4(axle1: float, axle2: float) -> bool:
    if axle1 <= axle2:
        return True
    else:
        return False

def r5(axle1: float, axle3: float) -> bool:
    if axle1 <= axle3:
        return True
    else:
        return False

def r6(payload: float, axle2: float) -> bool:
    if payload <= axle2:
        return True
    else:
        return False

def r7(pto: float, idle: float, driving: float) -> bool:
    if pto + idle + driving >= 0:
        return True
    else:
        return False

def r8(arg1: float, arg2: float, arg3: float, arg4: float, arg5: float, arg6: float, arg7: float, arg8: float, arg9: float, arg10: float, arg11: float, arg12: float, arg13: float, arg14: float, arg15: float, arg16: float):
    return not(r1(arg1, arg2) and r2(arg3, arg4) and r3(arg5, arg6) and r4(arg7, arg8) and r5(arg9, arg10) and r6(arg11, arg12) and r7(arg13, arg14, arg15, arg16)), r1(arg1, arg2), r2(arg3, arg4), r3(arg5, arg6), r4(arg7, arg8), r5(arg9, arg10), r6(arg11, arg12), r7(arg13, arg14, arg15, arg16)";Correct syntax;Error;"Traceback (most recent call last):
  File ""/home/frank/Doktorat/ExKLoP/saved_outputs/Task2_runtime_outputs/Llama-8/7/python_code/392_output_python.py"", line 46, in <module>
    print(r8(4.0, 5.7, 2.0, 3.8, 171, 110, 3241.2, 3010.4, 4270.1, 2362.5, 51.6, 7.7, 2.1, 0.3, 1.0, 0.7))
  File ""/home/frank/Doktorat/ExKLoP/saved_outputs/Task2_runtime_outputs/Llama-8/7/python_code/392_output_python.py"", line 44, in r8
    return not(r1(arg1, arg2) and r2(arg3, arg4) and r3(arg5, arg6) and r4(arg7, arg8) and r5(arg9, arg10) and r6(arg11, arg12) and r7(arg13, arg14, arg15, arg16)), r1(arg1, arg2), r2(arg3, arg4), r3(arg5, arg6), r4(arg7, arg8), r5(arg9, arg10), r6(arg11, arg12), r7(arg13, arg14, arg15, arg16)
TypeError: r7() takes 3 positional arguments but 4 were given
"
"System Message:
        You are a logician with a background in mathematics that translates natural language
        reasoning text to Python3 code so that these natural language reasoning problems can be solved.
        During the translation, please pay close attention to defining variables and rules.
        Do not add any comments from you.
        Be guided by the following example:
        Example input text:
        Textual context: If the parameter A's value is at least 20, the lowest possible value of parameter B is 5.
If the parameter C's value is at least 20, the lowest possible value of parameter D is 40.
Parameter E's value cannot be less than parameter F's value.
Parameter G's value cannot be less than parameter H's value.
Parameter I's value cannot be less than parameter J's value.
Parameter K's value cannot be less than parameter L's value.
Parameter M's value cannot be greater than parameter N's value.
Parameter O's value cannot be greater than parameter P's value.
Parameter R's value cannot be greater than parameter S's value.

        Example Python3 code:
        # If the parameter A's value is at least 20, the lowest possible value of parameter B is 5.
def r1(a: float, b: float) -> bool:
    if b / a >= 0.25:
        return True
    else:
        return False

# If the parameter C's value is at least 20, the lowest possible value of parameter D is 40.
def r2(c: float, d: float) -> bool:
    if d / c >= 2:
        return True
    else:
        return False

# Parameter E's value cannot be less than parameter F's value.
def r3(e: float, f: float) -> bool:
    if e >= f:
        return True
    else:
        return False

# Parameter G's value cannot be less than parameter H's value.
def r4(g: float, h: float) -> bool:
    if g >= h:
        return True
    else:
        return False

# Parameter I's value cannot be less than parameter J's value.
def r5(i: float, j: float) -> bool:
    if i >= j:
        return True
    else:
        return False

# Parameter K's value cannot be less than parameter L's value.
def r6(k: float, l: float) -> bool:
    if k >= l:
        return True
    else:
        return False

# Parameter M's value cannot be greater than parameter N's value.
def r7(m: float, n: float) -> bool:
    if m <= n:
        return True
    else:
        return False

# Parameter O's value cannot be greater than parameter P's value.
def r8(o: float, p: float) -> bool:
    if o <= p:
        return True
    else:
        return False

# Parameter R's value cannot be greater than parameter S's value.
def r9(r: float, s: float) -> bool:
    if r <= s:
        return True
    else:
        return False


        
Input text:
Textual context: Total operation time shouldn’t be lower than PTO operation time.
Idle time cannot be greater than the total operation time.
Stops with PTO engaged cannot outnumber the total stops.
The load supported by axle 1 cannot exceed that of axle 2.
The payload cannot exceed the capacity of axle 2.
Payload must remain below or equal to the load carried by axle 3.
The total operation duration must always be greater than or equal to the combined time for PTO, idle, and driving.";"Total operation time shouldn’t be lower than PTO operation time.
Idle time cannot be greater than the total operation time.
Stops with PTO engaged cannot outnumber the total stops.
The load supported by axle 1 cannot exceed that of axle 2.
The payload cannot exceed the capacity of axle 2.
Payload must remain below or equal to the load carried by axle 3.
The total operation duration must always be greater than or equal to the combined time for PTO, idle, and driving.";7;[['total operation time', 'PTO operation time'], ['idle time', 'total operation time'], ['stops with PTO engaged', 'stops'], ['axle 1 load', 'axle 2 load'], ['payload', 'axle 2 load'], ['payload', 'axle 3 load'], ['total operation time', 'PTO operation time', 'idle time', 'driving time']];Llama-8;"def r1(total_time: float, pto_time: float) -> bool:
    if total_time >= pto_time:
        return True
    else:
        return False

def r2(idle_time: float, total_time: float) -> bool:
    if idle_time <= total_time:
        return True
    else:
        return False

def r3(pto_stops: int, total_stops: int) -> bool:
    if pto_stops <= total_stops:
        return True
    else:
        return False

def r4(axle1_load: float, axle2_load: float) -> bool:
    if axle1_load <= axle2_load:
        return True
    else:
        return False

def r5(payload: float, axle2_capacity: float) -> bool:
    if payload <= axle2_capacity:
        return True
    else:
        return False

def r6(payload: float, axle3_load: float) -> bool:
    if payload <= axle3_load:
        return True
    else:
        return False

def r7(total_time: float, pto_time: float, idle_time: float, driving_time: float) -> bool:
    if total_time >= pto_time + idle_time + driving_time:
        return True
    else:
        return False

def r8(arg1: float, arg2: float, arg3: float, arg4: float, arg5: float, arg6: float, arg7: float, arg8: float, arg9: float, arg10: float, arg11: float, arg12: float, arg13: float, arg14: float, arg15: float, arg16: float):
    return not(r1(arg1, arg2) and r2(arg3, arg4) and r3(arg5, arg6) and r4(arg7, arg8) and r5(arg9, arg10) and r6(arg11, arg12) and r7(arg13, arg14, arg15, arg16)), r1(arg1, arg2), r2(arg3, arg4), r3(arg5, arg6), r4(arg7, arg8), r5(arg9, arg10), r6(arg11, arg12), r7(arg13, arg14, arg15, arg16)";Correct syntax;['True, True, True, True, False, False, False, True', 'False, True, True, True, True, True, True, True', 'True, False, False, False, True, True, True, False'];['True, True, True, True, False, False, False, True', 'False, True, True, True, True, True, True, True', 'True, False, False, False, True, True, True, False']
"System Message:
        You are a logician with a background in mathematics that translates natural language
        reasoning text to Python3 code so that these natural language reasoning problems can be solved.
        During the translation, please pay close attention to defining variables and rules.
        Do not add any comments from you.
        Be guided by the following example:
        Example input text:
        Textual context: If the parameter A's value is at least 20, the lowest possible value of parameter B is 5.
If the parameter C's value is at least 20, the lowest possible value of parameter D is 40.
Parameter E's value cannot be less than parameter F's value.
Parameter G's value cannot be less than parameter H's value.
Parameter I's value cannot be less than parameter J's value.
Parameter K's value cannot be less than parameter L's value.
Parameter M's value cannot be greater than parameter N's value.
Parameter O's value cannot be greater than parameter P's value.
Parameter R's value cannot be greater than parameter S's value.

        Example Python3 code:
        # If the parameter A's value is at least 20, the lowest possible value of parameter B is 5.
def r1(a: float, b: float) -> bool:
    if b / a >= 0.25:
        return True
    else:
        return False

# If the parameter C's value is at least 20, the lowest possible value of parameter D is 40.
def r2(c: float, d: float) -> bool:
    if d / c >= 2:
        return True
    else:
        return False

# Parameter E's value cannot be less than parameter F's value.
def r3(e: float, f: float) -> bool:
    if e >= f:
        return True
    else:
        return False

# Parameter G's value cannot be less than parameter H's value.
def r4(g: float, h: float) -> bool:
    if g >= h:
        return True
    else:
        return False

# Parameter I's value cannot be less than parameter J's value.
def r5(i: float, j: float) -> bool:
    if i >= j:
        return True
    else:
        return False

# Parameter K's value cannot be less than parameter L's value.
def r6(k: float, l: float) -> bool:
    if k >= l:
        return True
    else:
        return False

# Parameter M's value cannot be greater than parameter N's value.
def r7(m: float, n: float) -> bool:
    if m <= n:
        return True
    else:
        return False

# Parameter O's value cannot be greater than parameter P's value.
def r8(o: float, p: float) -> bool:
    if o <= p:
        return True
    else:
        return False

# Parameter R's value cannot be greater than parameter S's value.
def r9(r: float, s: float) -> bool:
    if r <= s:
        return True
    else:
        return False


        
Input text:
Textual context: PTO operation time must be less than or equal to the total operation time.
Idle time must always be less than or equal to the total operation time.
The total operation durationmust not be lower than the driving time.
The total stop count must not be lower than the count of stops where PTO is engaged.
The weight on axle 1 cannot surpass the weight on axle 2.
The weight on axle 1 cannot surpass the weight on axle 3.
Payload must remain below or equal to the load carried by axle 2.
The payload must not exceed the load carried by axle 3.
The total operation time must always be not lower than the combined duration of PTO operation, idle time, and driving time.";"PTO operation time must be less than or equal to the total operation time.
Idle time must always be less than or equal to the total operation time.
The total operation durationmust not be lower than the driving time.
The total stop count must not be lower than the count of stops where PTO is engaged.
The weight on axle 1 cannot surpass the weight on axle 2.
The weight on axle 1 cannot surpass the weight on axle 3.
Payload must remain below or equal to the load carried by axle 2.
The payload must not exceed the load carried by axle 3.
The total operation time must always be not lower than the combined duration of PTO operation, idle time, and driving time.";9;[['PTO operation time', 'total operation time'], ['idle time', 'total operation time'], ['total operation time', 'driving time'], ['stops', 'stops with PTO engaged'], ['axle 1 load', 'axle 2 load'], ['axle 1 load', 'axle 3 load'], ['payload', 'axle 2 load'], ['payload', 'axle 3 load'], ['total operation time', 'PTO operation time', 'idle time', 'driving time']];Llama-8;"def r1(pto: float, total_operation_time: float) -> bool:
    if pto <= total_operation_time:
        return True
    else:
        return False

def r2(idle_time: float, total_operation_time: float) -> bool:
    if idle_time <= total_operation_time:
        return True
    else:
        return False

def r3(total_operation_time: float, driving_time: float) -> bool:
    if total_operation_time >= driving_time:
        return True
    else:
        return False

def r4(total_stop_count: int, pto_stop_count: int) -> bool:
    if total_stop_count >= pto_stop_count:
        return True
    else:
        return False

def r5(axle1_weight: float, axle2_weight: float) -> bool:
    if axle1_weight <= axle2_weight:
        return True
    else:
        return False

def r6(axle1_weight: float, axle3_weight: float) -> bool:
    if axle1_weight <= axle3_weight:
        return True
    else:
        return False

def r7(payload: float, axle2_load: float) -> bool:
    if payload <= axle2_load:
        return True
    else:
        return False

def r8(payload: float, axle3_load: float) -> bool:
    if payload <= axle3_load:
        return True
    else:
        return False

def r9(total_operation_time: float, pto: float, idle_time: float, driving_time: float) -> bool:
    if total_operation_time >= pto + idle_time + driving_time:
        return True
    else:
        return False

def r10(arg1: float, arg2: float, arg3: float, arg4: float, arg5: float, arg6: float, arg7: float, arg8: float, arg9: float, arg10: float, arg11: float, arg12: float, arg13: float, arg14: float, arg15: float, arg16: float, arg17: float, arg18: float, arg19: float, arg20: float):
    return not(r1(arg1, arg2) and r2(arg3, arg4) and r3(arg5, arg6) and r4(arg7, arg8) and r5(arg9, arg10) and r6(arg11, arg12) and r7(arg13, arg14) and r8(arg15, arg16) and r9(arg17, arg18, arg19, arg20)), r1(arg1, arg2), r2(arg3, arg4), r3(arg5, arg6), r4(arg7, arg8), r5(arg9, arg10), r6(arg11, arg12), r7(arg13, arg14), r8(arg15, arg16), r9(arg17, arg18, arg19, arg20)";Correct syntax;['True, True, True, True, True, False, False, False, False, True', 'False, True, True, True, True, True, True, True, True, True', 'True, False, False, False, False, True, True, True, True, False'];['True, True, True, True, True, False, False, False, False, True', 'False, True, True, True, True, True, True, True, True, True', 'True, False, False, False, False, True, True, True, True, False']
"System Message:
        You are a logician with a background in mathematics that translates natural language
        reasoning text to Python3 code so that these natural language reasoning problems can be solved.
        During the translation, please pay close attention to defining variables and rules.
        Do not add any comments from you.
        Be guided by the following example:
        Example input text:
        Textual context: If the parameter A's value is at least 20, the lowest possible value of parameter B is 5.
If the parameter C's value is at least 20, the lowest possible value of parameter D is 40.
Parameter E's value cannot be less than parameter F's value.
Parameter G's value cannot be less than parameter H's value.
Parameter I's value cannot be less than parameter J's value.
Parameter K's value cannot be less than parameter L's value.
Parameter M's value cannot be greater than parameter N's value.
Parameter O's value cannot be greater than parameter P's value.
Parameter R's value cannot be greater than parameter S's value.

        Example Python3 code:
        # If the parameter A's value is at least 20, the lowest possible value of parameter B is 5.
def r1(a: float, b: float) -> bool:
    if b / a >= 0.25:
        return True
    else:
        return False

# If the parameter C's value is at least 20, the lowest possible value of parameter D is 40.
def r2(c: float, d: float) -> bool:
    if d / c >= 2:
        return True
    else:
        return False

# Parameter E's value cannot be less than parameter F's value.
def r3(e: float, f: float) -> bool:
    if e >= f:
        return True
    else:
        return False

# Parameter G's value cannot be less than parameter H's value.
def r4(g: float, h: float) -> bool:
    if g >= h:
        return True
    else:
        return False

# Parameter I's value cannot be less than parameter J's value.
def r5(i: float, j: float) -> bool:
    if i >= j:
        return True
    else:
        return False

# Parameter K's value cannot be less than parameter L's value.
def r6(k: float, l: float) -> bool:
    if k >= l:
        return True
    else:
        return False

# Parameter M's value cannot be greater than parameter N's value.
def r7(m: float, n: float) -> bool:
    if m <= n:
        return True
    else:
        return False

# Parameter O's value cannot be greater than parameter P's value.
def r8(o: float, p: float) -> bool:
    if o <= p:
        return True
    else:
        return False

# Parameter R's value cannot be greater than parameter S's value.
def r9(r: float, s: float) -> bool:
    if r <= s:
        return True
    else:
        return False


        
Input text:
Textual context: PTO operation time cannot be greater than the total operation time.
Idle time must always be less than or equal to the total operation time.
The total stop count must not be lower than the count of stops where PTO is engaged.
Axle 1's load cannot exceed Axle 2's load.
The weight on axle 1 cannot surpass the weight on axle 3.
Axle 2's load must always be equal to or greater than the payload.
The payload must always be smaller than or equal to the load on axle 3.";"PTO operation time cannot be greater than the total operation time.
Idle time must always be less than or equal to the total operation time.
The total stop count must not be lower than the count of stops where PTO is engaged.
Axle 1's load cannot exceed Axle 2's load.
The weight on axle 1 cannot surpass the weight on axle 3.
Axle 2's load must always be equal to or greater than the payload.
The payload must always be smaller than or equal to the load on axle 3.";7;[['PTO operation time', 'total operation time'], ['idle time', 'total operation time'], ['stops', 'stops with PTO engaged'], ['axle 1 load', 'axle 2 load'], ['axle 1 load', 'axle 3 load'], ['axle 2 load', 'payload'], ['payload', 'axle 3 load']];Llama-8;"def r1(pto_time: float, total_time: float) -> bool:
    if pto_time <= total_time:
        return True
    else:
        return False

def r2(idle_time: float, total_time: float) -> bool:
    if idle_time <= total_time:
        return True
    else:
        return False

def r3(total_stops: int, pto_stops: int) -> bool:
    if total_stops >= pto_stops:
        return True
    else:
        return False

def r4(axle1_load: float, axle2_load: float) -> bool:
    if axle1_load <= axle2_load:
        return True
    else:
        return False

def r5(axle1_weight: float, axle3_weight: float) -> bool:
    if axle1_weight <= axle3_weight:
        return True
    else:
        return False

def r6(axle2_load: float, payload: float) -> bool:
    if axle2_load >= payload:
        return True
    else:
        return False

def r7(payload: float, axle3_load: float) -> bool:
    if payload <= axle3_load:
        return True
    else:
        return False

def r8(arg1: float, arg2: float, arg3: float, arg4: float, arg5: float, arg6: float, arg7: float, arg8: float, arg9: float, arg10: float, arg11: float, arg12: float, arg13: float, arg14: float):
    return not(r1(arg1, arg2) and r2(arg3, arg4) and r3(arg5, arg6) and r4(arg7, arg8) and r5(arg9, arg10) and r6(arg11, arg12) and r7(arg13, arg14)), r1(arg1, arg2), r2(arg3, arg4), r3(arg5, arg6), r4(arg7, arg8), r5(arg9, arg10), r6(arg11, arg12), r7(arg13, arg14)";Correct syntax;['True, True, True, True, False, False, False, False', 'False, True, True, True, True, True, True, True', 'True, False, False, False, True, True, True, True'];['True, True, True, True, False, False, False, False', 'False, True, True, True, True, True, True, True', 'True, False, False, False, True, True, True, True']
"System Message:
        You are a logician with a background in mathematics that translates natural language
        reasoning text to Python3 code so that these natural language reasoning problems can be solved.
        During the translation, please pay close attention to defining variables and rules.
        Do not add any comments from you.
        Be guided by the following example:
        Example input text:
        Textual context: If the parameter A's value is at least 20, the lowest possible value of parameter B is 5.
If the parameter C's value is at least 20, the lowest possible value of parameter D is 40.
Parameter E's value cannot be less than parameter F's value.
Parameter G's value cannot be less than parameter H's value.
Parameter I's value cannot be less than parameter J's value.
Parameter K's value cannot be less than parameter L's value.
Parameter M's value cannot be greater than parameter N's value.
Parameter O's value cannot be greater than parameter P's value.
Parameter R's value cannot be greater than parameter S's value.

        Example Python3 code:
        # If the parameter A's value is at least 20, the lowest possible value of parameter B is 5.
def r1(a: float, b: float) -> bool:
    if b / a >= 0.25:
        return True
    else:
        return False

# If the parameter C's value is at least 20, the lowest possible value of parameter D is 40.
def r2(c: float, d: float) -> bool:
    if d / c >= 2:
        return True
    else:
        return False

# Parameter E's value cannot be less than parameter F's value.
def r3(e: float, f: float) -> bool:
    if e >= f:
        return True
    else:
        return False

# Parameter G's value cannot be less than parameter H's value.
def r4(g: float, h: float) -> bool:
    if g >= h:
        return True
    else:
        return False

# Parameter I's value cannot be less than parameter J's value.
def r5(i: float, j: float) -> bool:
    if i >= j:
        return True
    else:
        return False

# Parameter K's value cannot be less than parameter L's value.
def r6(k: float, l: float) -> bool:
    if k >= l:
        return True
    else:
        return False

# Parameter M's value cannot be greater than parameter N's value.
def r7(m: float, n: float) -> bool:
    if m <= n:
        return True
    else:
        return False

# Parameter O's value cannot be greater than parameter P's value.
def r8(o: float, p: float) -> bool:
    if o <= p:
        return True
    else:
        return False

# Parameter R's value cannot be greater than parameter S's value.
def r9(r: float, s: float) -> bool:
    if r <= s:
        return True
    else:
        return False


        
Input text:
Textual context: PTO operation time cannot be greater than the total operation time.
Total operation time should shouldn’t be lower than driving time.
The total stop count must not be lower than the count of stops where PTO is engaged.
Axle 1's load cannot exceed Axle 2's load.
The load on axle 1 must not surpass the load on axle 3.
The payload must always be smaller than or equal to the load on axle 3.
The combined time for PTO operation, idle time, and driving time must not surpass the total operation time.";"PTO operation time cannot be greater than the total operation time.
Total operation time should shouldn’t be lower than driving time.
The total stop count must not be lower than the count of stops where PTO is engaged.
Axle 1's load cannot exceed Axle 2's load.
The load on axle 1 must not surpass the load on axle 3.
The payload must always be smaller than or equal to the load on axle 3.
The combined time for PTO operation, idle time, and driving time must not surpass the total operation time.";7;[['PTO operation time', 'total operation time'], ['total operation time', 'driving time'], ['stops', 'stops with PTO engaged'], ['axle 1 load', 'axle 2 load'], ['axle 1 load', 'axle 3 load'], ['payload', 'axle 3 load'], ['PTO operation time', 'idle time', 'driving time', 'total operation time']];Llama-8;"def r1(pto_time: float, total_time: float) -> bool:
    if pto_time <= total_time:
        return True
    else:
        return False

def r2(total_time: float, driving_time: float) -> bool:
    if total_time >= driving_time:
        return True
    else:
        return False

def r3(total_stops: int, pto_stops: int) -> bool:
    if total_stops >= pto_stops:
        return True
    else:
        return False

def r4(axle1_load: float, axle2_load: float) -> bool:
    if axle1_load <= axle2_load:
        return True
    else:
        return False

def r5(axle1_load: float, axle3_load: float) -> bool:
    if axle1_load <= axle3_load:
        return True
    else:
        return False

def r6(payload: float, axle3_load: float) -> bool:
    if payload <= axle3_load:
        return True
    else:
        return False

def r7(pto_time: float, idle_time: float, driving_time: float, total_time: float) -> bool:
    if pto_time + idle_time + driving_time <= total_time:
        return True
    else:
        return False

def r8(arg1: float, arg2: float, arg3: float, arg4: float, arg5: float, arg6: float, arg7: float, arg8: float, arg9: float, arg10: float, arg11: float, arg12: float, arg13: float, arg14: float, arg15: float, arg16: float):
    return not(r1(arg1, arg2) and r2(arg3, arg4) and r3(arg5, arg6) and r4(arg7, arg8) and r5(arg9, arg10) and r6(arg11, arg12) and r7(arg13, arg14, arg15, arg16)), r1(arg1, arg2), r2(arg3, arg4), r3(arg5, arg6), r4(arg7, arg8), r5(arg9, arg10), r6(arg11, arg12), r7(arg13, arg14, arg15, arg16)";Correct syntax;['True, True, True, True, False, False, False, True', 'False, True, True, True, True, True, True, True', 'True, False, False, False, True, True, True, False'];['True, True, True, True, False, False, False, True', 'False, True, True, True, True, True, True, True', 'True, False, False, False, True, True, True, False']
"System Message:
        You are a logician with a background in mathematics that translates natural language
        reasoning text to Python3 code so that these natural language reasoning problems can be solved.
        During the translation, please pay close attention to defining variables and rules.
        Do not add any comments from you.
        Be guided by the following example:
        Example input text:
        Textual context: If the parameter A's value is at least 20, the lowest possible value of parameter B is 5.
If the parameter C's value is at least 20, the lowest possible value of parameter D is 40.
Parameter E's value cannot be less than parameter F's value.
Parameter G's value cannot be less than parameter H's value.
Parameter I's value cannot be less than parameter J's value.
Parameter K's value cannot be less than parameter L's value.
Parameter M's value cannot be greater than parameter N's value.
Parameter O's value cannot be greater than parameter P's value.
Parameter R's value cannot be greater than parameter S's value.

        Example Python3 code:
        # If the parameter A's value is at least 20, the lowest possible value of parameter B is 5.
def r1(a: float, b: float) -> bool:
    if b / a >= 0.25:
        return True
    else:
        return False

# If the parameter C's value is at least 20, the lowest possible value of parameter D is 40.
def r2(c: float, d: float) -> bool:
    if d / c >= 2:
        return True
    else:
        return False

# Parameter E's value cannot be less than parameter F's value.
def r3(e: float, f: float) -> bool:
    if e >= f:
        return True
    else:
        return False

# Parameter G's value cannot be less than parameter H's value.
def r4(g: float, h: float) -> bool:
    if g >= h:
        return True
    else:
        return False

# Parameter I's value cannot be less than parameter J's value.
def r5(i: float, j: float) -> bool:
    if i >= j:
        return True
    else:
        return False

# Parameter K's value cannot be less than parameter L's value.
def r6(k: float, l: float) -> bool:
    if k >= l:
        return True
    else:
        return False

# Parameter M's value cannot be greater than parameter N's value.
def r7(m: float, n: float) -> bool:
    if m <= n:
        return True
    else:
        return False

# Parameter O's value cannot be greater than parameter P's value.
def r8(o: float, p: float) -> bool:
    if o <= p:
        return True
    else:
        return False

# Parameter R's value cannot be greater than parameter S's value.
def r9(r: float, s: float) -> bool:
    if r <= s:
        return True
    else:
        return False


        
Input text:
Textual context: PTO operation time should be less than or equal to the total operation time.
Idle time cannot be greater than the total operation time.
The total operation durationmust not be lower than the driving time.
The total stop count must not be lower than the count of stops where PTO is engaged.
The weight on axle 1 cannot surpass the weight on axle 2.
The weight on axle 1 cannot surpass the weight on axle 3.
Axle 3's load must always be equal to or greater than the payload.";"PTO operation time should be less than or equal to the total operation time.
Idle time cannot be greater than the total operation time.
The total operation durationmust not be lower than the driving time.
The total stop count must not be lower than the count of stops where PTO is engaged.
The weight on axle 1 cannot surpass the weight on axle 2.
The weight on axle 1 cannot surpass the weight on axle 3.
Axle 3's load must always be equal to or greater than the payload.";7;[['PTO operation time', 'total operation time'], ['idle time', 'total operation time'], ['total operation time', 'driving time'], ['stops', 'stops with PTO engaged'], ['axle 1 load', 'axle 2 load'], ['axle 1 load', 'axle 3 load'], ['axle 3 load', 'payload']];Llama-8;"def r1(pto_operation_time: float, total_operation_time: float) -> bool:
    if pto_operation_time <= total_operation_time:
        return True
    else:
        return False

def r2(idle_time: float, total_operation_time: float) -> bool:
    if idle_time <= total_operation_time:
        return True
    else:
        return False

def r3(total_operation_duration: float, driving_time: float) -> bool:
    if total_operation_duration >= driving_time:
        return True
    else:
        return False

def r4(total_stop_count: int, pto_stop_count: int) -> bool:
    if total_stop_count >= pto_stop_count:
        return True
    else:
        return False

def r5(axle1_weight: float, axle2_weight: float) -> bool:
    if axle1_weight <= axle2_weight:
        return True
    else:
        return False

def r6(axle1_weight: float, axle3_weight: float) -> bool:
    if axle1_weight <= axle3_weight:
        return True
    else:
        return False

def r7(axle3_weight: float, payload: float) -> bool:
    if axle3_weight >= payload:
        return True
    else:
        return False

def r8(arg1: float, arg2: float, arg3: float, arg4: float, arg5: float, arg6: float, arg7: float, arg8: float, arg9: float, arg10: float, arg11: float, arg12: float, arg13: float, arg14: float):
    return not(r1(arg1, arg2) and r2(arg3, arg4) and r3(arg5, arg6) and r4(arg7, arg8) and r5(arg9, arg10) and r6(arg11, arg12) and r7(arg13, arg14)), r1(arg1, arg2), r2(arg3, arg4), r3(arg5, arg6), r4(arg7, arg8), r5(arg9, arg10), r6(arg11, arg12), r7(arg13, arg14)";Correct syntax;['True, True, True, True, True, False, False, False', 'False, True, True, True, True, True, True, True', 'True, False, False, False, False, True, True, True'];['True, True, True, True, True, False, False, False', 'False, True, True, True, True, True, True, True', 'True, False, False, False, False, True, True, True']
"System Message:
        You are a logician with a background in mathematics that translates natural language
        reasoning text to Python3 code so that these natural language reasoning problems can be solved.
        During the translation, please pay close attention to defining variables and rules.
        Do not add any comments from you.
        Be guided by the following example:
        Example input text:
        Textual context: If the parameter A's value is at least 20, the lowest possible value of parameter B is 5.
If the parameter C's value is at least 20, the lowest possible value of parameter D is 40.
Parameter E's value cannot be less than parameter F's value.
Parameter G's value cannot be less than parameter H's value.
Parameter I's value cannot be less than parameter J's value.
Parameter K's value cannot be less than parameter L's value.
Parameter M's value cannot be greater than parameter N's value.
Parameter O's value cannot be greater than parameter P's value.
Parameter R's value cannot be greater than parameter S's value.

        Example Python3 code:
        # If the parameter A's value is at least 20, the lowest possible value of parameter B is 5.
def r1(a: float, b: float) -> bool:
    if b / a >= 0.25:
        return True
    else:
        return False

# If the parameter C's value is at least 20, the lowest possible value of parameter D is 40.
def r2(c: float, d: float) -> bool:
    if d / c >= 2:
        return True
    else:
        return False

# Parameter E's value cannot be less than parameter F's value.
def r3(e: float, f: float) -> bool:
    if e >= f:
        return True
    else:
        return False

# Parameter G's value cannot be less than parameter H's value.
def r4(g: float, h: float) -> bool:
    if g >= h:
        return True
    else:
        return False

# Parameter I's value cannot be less than parameter J's value.
def r5(i: float, j: float) -> bool:
    if i >= j:
        return True
    else:
        return False

# Parameter K's value cannot be less than parameter L's value.
def r6(k: float, l: float) -> bool:
    if k >= l:
        return True
    else:
        return False

# Parameter M's value cannot be greater than parameter N's value.
def r7(m: float, n: float) -> bool:
    if m <= n:
        return True
    else:
        return False

# Parameter O's value cannot be greater than parameter P's value.
def r8(o: float, p: float) -> bool:
    if o <= p:
        return True
    else:
        return False

# Parameter R's value cannot be greater than parameter S's value.
def r9(r: float, s: float) -> bool:
    if r <= s:
        return True
    else:
        return False


        
Input text:
Textual context: The total operation duration must not be lower than the PTO operation time.
Idle time must always be less than or equal to the total operation time.
Driving time cannot be greater than the total operation time.
The total stop count must not be lower than the count of stops where PTO is engaged.
The load carried by axle 1 must be smaller than or equal to the load on axle 2.
Axle 1's load cannot exceed Axle 3's load.
Axle 2's load must always be equal to or greater than the payload.
Axle 3's load must always be equal to or greater than the payload.";"The total operation duration must not be lower than the PTO operation time.
Idle time must always be less than or equal to the total operation time.
Driving time cannot be greater than the total operation time.
The total stop count must not be lower than the count of stops where PTO is engaged.
The load carried by axle 1 must be smaller than or equal to the load on axle 2.
Axle 1's load cannot exceed Axle 3's load.
Axle 2's load must always be equal to or greater than the payload.
Axle 3's load must always be equal to or greater than the payload.";8;[['total operation time', 'PTO operation time'], ['idle time', 'total operation time'], ['driving time', 'total operation time'], ['stops', 'stops with PTO engaged'], ['axle 1 load', 'axle 2 load'], ['axle 1 load', 'axle 3 load'], ['axle 2 load', 'payload'], ['axle 3 load', 'payload']];Llama-8;"def r1(total_operation_time: float, pto_operation_time: float) -> bool:
    if total_operation_time >= pto_operation_time:
        return True
    else:
        return False

def r2(idle_time: float, total_operation_time: float) -> bool:
    if idle_time <= total_operation_time:
        return True
    else:
        return False

def r3(driving_time: float, total_operation_time: float) -> bool:
    if driving_time <= total_operation_time:
        return True
    else:
        return False

def r4(total_stop_count: int, pto_stop_count: int) -> bool:
    if total_stop_count >= pto_stop_count:
        return True
    else:
        return False

def r5(axle1_load: float, axle2_load: float) -> bool:
    if axle1_load <= axle2_load:
        return True
    else:
        return False

def r6(axle1_load: float, axle3_load: float) -> bool:
    if axle1_load <= axle3_load:
        return True
    else:
        return False

def r7(axle2_load: float, payload: float) -> bool:
    if axle2_load >= payload:
        return True
    else:
        return False

def r8(axle3_load: float, payload: float) -> bool:
    if axle3_load >= payload:
        return True
    else:
        return False

def r9(arg1: float, arg2: float, arg3: float, arg4: float, arg5: float, arg6: float, arg7: float, arg8: float, arg9: float, arg10: float, arg11: float, arg12: float, arg13: float, arg14: float, arg15: float, arg16: float):
    return not(r1(arg1, arg2) and r2(arg3, arg4) and r3(arg5, arg6) and r4(arg7, arg8) and r5(arg9, arg10) and r6(arg11, arg12) and r7(arg13, arg14) and r8(arg15, arg16)), r1(arg1, arg2), r2(arg3, arg4), r3(arg5, arg6), r4(arg7, arg8), r5(arg9, arg10), r6(arg11, arg12), r7(arg13, arg14), r8(arg15, arg16)";Correct syntax;['True, True, True, True, True, False, False, False, False', 'False, True, True, True, True, True, True, True, True', 'True, False, False, False, False, True, True, True, True'];['True, True, True, True, True, False, False, False, False', 'False, True, True, True, True, True, True, True, True', 'True, False, False, False, False, True, True, True, True']
